0.49324105435516685,1.1166623642493505,1.3033450520670158,0.7644018110077013,0.8315136320488818,0.6312867847373127,0.4306362734132563,0.41595451198736555,0.2970664730310091,0.17216359116719104,0.13124298099137377,0.1028448810102418,0.11959525048951036,0.10760117213794729,0.10611370234983042,0.09059323984547518,0.0888130516250385,0.0665259022371174,0.07506117026787251,0.06892600125502213,0.06368482004836551,0.05991926948991022,0.05815861118480825,0.048668563900719164,0.053639340520021506,0.046038329557632096,0.04359104294780991,0.03956150815702131,0.03903045678271155,0.04060954389933613,0.037914323329459876,0.036348564648506,0.03224793704794138,0.03131487779910458,0.030586557098104095,0.030165536991262343,0.029758104591110168,0.02936756564213283,0.029003919695242075,0.028670981336290424,0.02837000918634658,0.028100299637344506,0.027861738445153605,0.027653263629190405,0.027474367295553748,0.02732482815417825,0.027201263829965683,0.027106577604740778,0.027039366826215883,0.026999166556947785,0.0269858130668581,0.026999166556947785,0.027039366826215883,0.027106577604740778,0.027201263829965683,0.02732482815417825,0.027474367295553748,0.027653263629190405,0.027861738445153605,0.028100299637344506,0.02837000918634658,0.028670981336290424,0.029003919695242075,0.02936756564213283,0.029758104591110168,0.030165536991262343,0.030586557098104095,0.03131487779910458,0.03224793704794138,0.036348564648506,0.037914323329459876,0.04060954389933613,0.03903045678271155,0.03956150815702131,0.04359104294780991,0.046038329557632096,0.053639340520021506,0.048668563900719164,0.05815861118480825,0.05991926948991022,0.06368482004836551,0.06892600125502213,0.07506117026787251,0.0665259022371174,0.0888130516250385,0.09059323984547518,0.10611370234983042,0.10760117213794729,0.11959525048951036,0.1028448810102418,0.13124298099137377,0.17216359116719104,0.2970664730310091,0.41595451198736555,0.4306362734132563,0.6312867847373127,0.8315136320488818,0.7644018110077013,1.3033450520670158,1.1166623642493505
2.5859336592257023,6.779536426067352,2.7287482544779778,1.7519464921206236,1.8072272948920727,1.7628120109438896,0.9231418957933784,1.2341734059154987,0.6585426405072212,0.43256575148552656,0.40677425637841225,0.30077340407297015,0.30518276570364833,0.2545397370122373,0.26291445596143603,0.21926302695646882,0.21047583548352122,0.1937941205687821,0.1920018196105957,0.18169701239094138,0.18947959633078426,0.16919056791812181,0.18807533523067832,0.13761481537949294,0.1390267547685653,0.13135895831510425,0.12880574958398938,0.1263117328635417,0.1227061654208228,0.11407701653661206,0.11982807536696782,0.11226578522473574,0.10938956361496821,0.10950077418237925,0.10749943042173982,0.10454301873687655,0.10264264850411564,0.10104246088303626,0.09963731875177473,0.0983907338231802,0.09728427731897682,0.09630593622568995,0.09544776275288314,0.09470256796339527,0.0940660378546454,0.09353356732754037,0.0931020945427008,0.09276907442836091,0.09253249532775953,0.0923911306890659,0.09234407264739275,0.0923911306890659,0.09253249532775953,0.09276907442836091,0.0931020945427008,0.09353356732754037,0.0940660378546454,0.09470256796339527,0.09544776275288314,0.09630593622568995,0.09728427731897682,0.0983907338231802,0.09963731875177473,0.10104246088303626,0.10264264850411564,0.10454301873687655,0.10749943042173982,0.10950077418237925,0.10938956361496821,0.11226578522473574,0.11982807536696782,0.11407701653661206,0.1227061654208228,0.1263117328635417,0.12880574958398938,0.13135895831510425,0.1390267547685653,0.13761481537949294,0.18807533523067832,0.16919056791812181,0.18947959633078426,0.18169701239094138,0.1920018196105957,0.1937941205687821,0.21047583548352122,0.21926302695646882,0.26291445596143603,0.2545397370122373,0.30518276570364833,0.30077340407297015,0.40677425637841225,0.43256575148552656,0.6585426405072212,1.2341734059154987,0.9231418957933784,1.7628120109438896,1.8072272948920727,1.7519464921206236,2.7287482544779778,6.779536426067352
5.159046319779009,10.463824152946472,3.97544127702713,2.58685814589262,1.5749536529183388,1.6759905964136124,0.9888887070119381,0.7913158591836691,0.5467906799167395,0.4437511875294149,0.4322246902156621,0.32643063901923597,0.31640906166285276,0.2884708559140563,0.25191798189189285,0.23227883246727288,0.2200402314774692,0.20513891417067498,0.19730383227579296,0.1921177923795767,0.16777020343579352,0.16556975932326168,0.15850712481187657,0.16169460664968938,0.15472825267352164,0.14769441762473434,0.14535766327753663,0.13954742409987375,0.13468842464499176,0.1304194014519453,0.118547952035442,0.1172010131413117,0.11318375024711713,0.11128557805204764,0.11330105319211725,0.11013501755951438,0.10836224535887595,0.1068249097734224,0.10544726168154739,0.10420815192628652,0.10309770866297185,0.10210897971410304,0.10123682642006315,0.10047715780092403,0.09982597857015207,0.09927998969214968,0.09883690328570083,0.09849439369281754,0.0982508296292508,0.09810519267921336,0.09805669588968158,0.09810519267921336,0.0982508296292508,0.09849439369281754,0.09883690328570083,0.09927998969214968,0.09982597857015207,0.10047715780092403,0.10123682642006315,0.10210897971410304,0.10309770866297185,0.10420815192628652,0.10544726168154739,0.1068249097734224,0.10836224535887595,0.11013501755951438,0.11330105319211725,0.11128557805204764,0.11318375024711713,0.1172010131413117,0.118547952035442,0.1304194014519453,0.13468842464499176,0.13954742409987375,0.14535766327753663,0.14769441762473434,0.15472825267352164,0.16169460664968938,0.15850712481187657,0.16556975932326168,0.16777020343579352,0.1921177923795767,0.19730383227579296,0.20513891417067498,0.2200402314774692,0.23227883246727288,0.25191798189189285,0.2884708559140563,0.31640906166285276,0.32643063901923597,0.4322246902156621,0.4437511875294149,0.5467906799167395,0.7913158591836691,0.9888887070119381,1.6759905964136124,1.5749536529183388,2.58685814589262,3.97544127702713,10.463824152946472
6.166677011176944,8.816413678228855,2.9037735648453236,2.0618345346301794,1.3501771166920662,1.0932908616960049,0.7922812700271606,0.7944010589271784,0.5619978471659124,0.41981489420868456,0.39172063395380974,0.3195518031716347,0.2799202164169401,0.2529024323448539,0.2322721325326711,0.23277630051597953,0.2141502982703969,0.2014150266040815,0.1925015556626022,0.15925259108189493,0.1632251455448568,0.16375345434062183,0.15986241784412414,0.1495590681442991,0.1460085327271372,0.14258567930664867,0.13052701659034938,0.1284169951977674,0.1313785903621465,0.12263841822277755,0.12552664312534034,0.1176389116444625,0.11482068430632353,0.10998755868058652,0.10903045907616615,0.10790451394859701,0.10644294775556773,0.10503549070563167,0.10373139788862318,0.10254220583010465,0.10146962816361338,0.10051100898999721,0.09966370754409581,0.09892435267101973,0.09829020476900041,0.09775820979848504,0.09732619463466108,0.09699214668944478,0.09675463964231312,0.09661239432170987,0.09656519442796707,0.09661239432170987,0.09675463964231312,0.09699214668944478,0.09732619463466108,0.09775820979848504,0.09829020476900041,0.09892435267101973,0.09966370754409581,0.10051100898999721,0.10146962816361338,0.10254220583010465,0.10373139788862318,0.10503549070563167,0.10644294775556773,0.10790451394859701,0.10903045907616615,0.10998755868058652,0.11482068430632353,0.1176389116444625,0.12552664312534034,0.12263841822277755,0.1313785903621465,0.1284169951977674,0.13052701659034938,0.14258567930664867,0.1460085327271372,0.1495590681442991,0.15986241784412414,0.16375345434062183,0.1632251455448568,0.15925259108189493,0.1925015556626022,0.2014150266040815,0.2141502982703969,0.23277630051597953,0.2322721325326711,0.2529024323448539,0.2799202164169401,0.3195518031716347,0.39172063395380974,0.41981489420868456,0.5619978471659124,0.7944010589271784,0.7922812700271606,1.0932908616960049,1.3501771166920662,2.0618345346301794,2.9037735648453236,8.816413678228855
4.552497819066048,9.09517453610897,2.7318158745765686,1.4968680441379547,1.244119469076395,0.8258352540433407,0.7668489776551723,0.6001843730919063,0.466146148275584,0.31438975082710385,0.3065068069845438,0.2690529820974916,0.22496429178863764,0.2031261681113392,0.206686036195606,0.17158103524707258,0.17991296667605639,0.18005714984610677,0.15601053647696972,0.15353658073581755,0.1381923885201104,0.13013708766084164,0.13691428035963327,0.12622689851559699,0.12043431057827547,0.12064590817317367,0.1074171521468088,0.10581627022475004,0.10337355697993189,0.10344604757847264,0.1047407640144229,0.10043534351279959,0.09692543093115091,0.09310387569712475,0.09347720793448389,0.09126151620876044,0.0897242485661991,0.08838935382664204,0.08720071264542639,0.08613899938063696,0.08519247191725299,0.08435353176901117,0.08361619850620627,0.08297522232169285,0.08242697617970407,0.08196818438591436,0.08159626461565495,0.0813090170850046,0.08110496524022892,0.0809829983045347,0.08094232715666294,0.0809829983045347,0.08110496524022892,0.0813090170850046,0.08159626461565495,0.08196818438591436,0.08242697617970407,0.08297522232169285,0.08361619850620627,0.08435353176901117,0.08519247191725299,0.08613899938063696,0.08720071264542639,0.08838935382664204,0.0897242485661991,0.09126151620876044,0.09347720793448389,0.09310387569712475,0.09692543093115091,0.10043534351279959,0.1047407640144229,0.10344604757847264,0.10337355697993189,0.10581627022475004,0.1074171521468088,0.12064590817317367,0.12043431057827547,0.12622689851559699,0.13691428035963327,0.13013708766084164,0.1381923885201104,0.15353658073581755,0.15601053647696972,0.18005714984610677,0.17991296667605639,0.17158103524707258,0.206686036195606,0.2031261681113392,0.22496429178863764,0.2690529820974916,0.3065068069845438,0.31438975082710385,0.466146148275584,0.6001843730919063,0.7668489776551723,0.8258352540433407,1.244119469076395,1.4968680441379547,2.7318158745765686,9.09517453610897
4.9257562682032585,6.26368935406208,3.2613367824815214,1.648898646235466,1.3308733562007546,0.9852699199691415,0.8360234890133142,0.5512110609561205,0.46380429342389107,0.3431597398594022,0.29289056500419974,0.2710699050221592,0.25801548827439547,0.2350188628770411,0.21143561259668786,0.20305249968077987,0.19897241704165936,0.18889533111359924,0.1842231685295701,0.17166237952187657,0.15797895763535053,0.1556356669170782,0.14748354553012177,0.1345683380495757,0.13773876705090515,0.13433729019016027,0.12878767889924347,0.11864695826079696,0.12068058899603784,0.1192928176606074,0.11396988783963025,0.11334345251088962,0.10713865887373686,0.10732075749547221,0.10370116907870397,0.10239942860789597,0.10095134592847899,0.09958054340677336,0.09832014044513926,0.09717508824542165,0.09614477015566081,0.09522566827945411,0.09441424912074581,0.09370692842639983,0.09310056053800508,0.0925921286107041,0.09217946912394837,0.09186053276062012,0.09163374174386263,0.09149816405260935,0.0914529375731945,0.09149816405260935,0.09163374174386263,0.09186053276062012,0.09217946912394837,0.0925921286107041,0.09310056053800508,0.09370692842639983,0.09441424912074581,0.09522566827945411,0.09614477015566081,0.09717508824542165,0.09832014044513926,0.09958054340677336,0.10095134592847899,0.10239942860789597,0.10370116907870397,0.10732075749547221,0.10713865887373686,0.11334345251088962,0.11396988783963025,0.1192928176606074,0.12068058899603784,0.11864695826079696,0.12878767889924347,0.13433729019016027,0.13773876705090515,0.1345683380495757,0.14748354553012177,0.1556356669170782,0.15797895763535053,0.17166237952187657,0.1842231685295701,0.18889533111359924,0.19897241704165936,0.20305249968077987,0.21143561259668786,0.2350188628770411,0.25801548827439547,0.2710699050221592,0.29289056500419974,0.3431597398594022,0.46380429342389107,0.5512110609561205,0.8360234890133142,0.9852699199691415,1.3308733562007546,1.648898646235466,3.2613367824815214,6.26368935406208
4.2272398471832275,5.3433200642466545,1.739362420514226,1.5088104221504182,0.9060365771874785,0.7164400229230523,0.554841491393745,0.3833188470453024,0.3395592903252691,0.2512822730932385,0.2510951013537124,0.23331016930751503,0.18818842619657516,0.18022614863002673,0.17230074224062264,0.1548608773155138,0.15666316624265164,0.14142269967123866,0.1392625990556553,0.12721809663344175,0.11827178308158182,0.1138125914731063,0.11769677395932376,0.11036235885694623,0.10605972941266373,0.10183107800548896,0.09958599403034896,0.0990838494617492,0.09230273304274306,0.09146088809939101,0.08568296235171147,0.0846413567342097,0.08347836122266017,0.08122180050122552,0.08165937435114756,0.07979018305195495,0.07847228279570118,0.07733199960784987,0.07631655567092821,0.07540818909183145,0.0745971092255786,0.07387718395330012,0.07324373541632667,0.07269270351389423,0.07222066388931125,0.07182538683991879,0.07150488329352811,0.0712571632466279,0.07108109310502186,0.07097583427093923,0.07094080373644829,0.07097583427093923,0.07108109310502186,0.0712571632466279,0.07150488329352811,0.07182538683991879,0.07222066388931125,0.07269270351389423,0.07324373541632667,0.07387718395330012,0.0745971092255786,0.07540818909183145,0.07631655567092821,0.07733199960784987,0.07847228279570118,0.07979018305195495,0.08165937435114756,0.08122180050122552,0.08347836122266017,0.0846413567342097,0.08568296235171147,0.09146088809939101,0.09230273304274306,0.0990838494617492,0.09958599403034896,0.10183107800548896,0.10605972941266373,0.11036235885694623,0.11769677395932376,0.1138125914731063,0.11827178308158182,0.12721809663344175,0.1392625990556553,0.14142269967123866,0.15666316624265164,0.1548608773155138,0.17230074224062264,0.18022614863002673,0.18818842619657516,0.23331016930751503,0.2510951013537124,0.2512822730932385,0.3395592903252691,0.3833188470453024,0.554841491393745,0.7164400229230523,0.9060365771874785,1.5088104221504182,1.739362420514226,5.3433200642466545
5.238083757460117,5.236771814525127,2.289926514029503,1.162067836150527,0.9411579063162208,0.7443994795903563,0.4931820188648999,0.48322451347485185,0.391513513866812,0.34794892091304064,0.2787601570598781,0.26746281736996025,0.23852779751177877,0.22051746142096817,0.21839670091867447,0.18006322451401502,0.1764263438526541,0.16092757042497396,0.15340039844159037,0.15381783293560147,0.13644049526192248,0.14075957774184644,0.12844977853819728,0.13237304659560323,0.12676784279756248,0.12053250917233527,0.11393039138056338,0.1154507149476558,0.1096208548406139,0.11078869830816984,0.10346376558300108,0.1026840697741136,0.10014266462530941,0.09786246810108423,0.09572937421035022,0.09442411467898637,0.09306514461059123,0.09179527859669179,0.09063188778236508,0.08957718475721776,0.08862867334391922,0.08778276888187975,0.08703613781835884,0.0863853981718421,0.08582758402917534,0.085359932272695,0.0849802935263142,0.08468695101328194,0.08447832136880606,0.08435350796207786,0.08431207574903965,0.08435350796207786,0.08447832136880606,0.08468695101328194,0.0849802935263142,0.085359932272695,0.08582758402917534,0.0863853981718421,0.08703613781835884,0.08778276888187975,0.08862867334391922,0.08957718475721776,0.09063188778236508,0.09179527859669179,0.09306514461059123,0.09442411467898637,0.09572937421035022,0.09786246810108423,0.10014266462530941,0.1026840697741136,0.10346376558300108,0.11078869830816984,0.1096208548406139,0.1154507149476558,0.11393039138056338,0.12053250917233527,0.12676784279756248,0.13237304659560323,0.12844977853819728,0.14075957774184644,0.13644049526192248,0.15381783293560147,0.15340039844159037,0.16092757042497396,0.1764263438526541,0.18006322451401502,0.21839670091867447,0.22051746142096817,0.23852779751177877,0.26746281736996025,0.2787601570598781,0.34794892091304064,0.391513513866812,0.48322451347485185,0.4931820188648999,0.7443994795903563,0.9411579063162208,1.162067836150527,2.289926514029503,5.236771814525127
4.252795176580548,5.579612657427788,2.2152253352105618,1.073071762919426,0.7661915223579854,0.626639187335968,0.5660196216776967,0.42062172829173505,0.30802251817658544,0.25254645198583603,0.23338130000047386,0.20309847546741366,0.1864971537142992,0.17953313421458006,0.17098985915072262,0.16339424951002002,0.14861176698468626,0.14377363165840507,0.13925768609624356,0.1265492346137762,0.12535087927244604,0.1175264596240595,0.11157378554344177,0.10699565580580384,0.1057039120933041,0.09904168453067541,0.09851932036690414,0.09793504746630788,0.09413746546488255,0.08996622008271515,0.09056306001730263,0.08790249319281429,0.08499190292786807,0.08286628348287195,0.08156871353276074,0.08028438815381378,0.0790590662509203,0.07794066425412893,0.07692749344278127,0.07601480628363788,0.07519732846412808,0.07447038521058857,0.0738300367956981,0.07327271439135075,0.07279537967406213,0.07239574170671403,0.0720714726485312,0.07182093895971775,0.07164282293524593,0.07153635332360864,0.07150094397366047,0.07153635332360864,0.07164282293524593,0.07182093895971775,0.0720714726485312,0.07239574170671403,0.07279537967406213,0.07327271439135075,0.0738300367956981,0.07447038521058857,0.07519732846412808,0.07601480628363788,0.07692749344278127,0.07794066425412893,0.0790590662509203,0.08028438815381378,0.08156871353276074,0.08286628348287195,0.08499190292786807,0.08790249319281429,0.09056306001730263,0.08996622008271515,0.09413746546488255,0.09793504746630788,0.09851932036690414,0.09904168453067541,0.1057039120933041,0.10699565580580384,0.11157378554344177,0.1175264596240595,0.12535087927244604,0.1265492346137762,0.13925768609624356,0.14377363165840507,0.14861176698468626,0.16339424951002002,0.17098985915072262,0.17953313421458006,0.1864971537142992,0.20309847546741366,0.23338130000047386,0.25254645198583603,0.30802251817658544,0.42062172829173505,0.5660196216776967,0.626639187335968,0.7661915223579854,1.073071762919426,2.2152253352105618,5.579612657427788
3.8011343153193593,3.723294137045741,1.8771434798836708,0.8984047370031476,0.576081738807261,0.5750312628224492,0.37135418225079775,0.33131208061240613,0.2641084739007056,0.23562921327538788,0.2036731052212417,0.17171095462981611,0.16071356926113367,0.1505597138311714,0.14656768937129527,0.1297198694664985,0.12247848982224241,0.11672499886481091,0.11150602845009416,0.10435664100805297,0.10254665312822908,0.1004232179839164,0.09240662259981036,0.09026426693890244,0.08648763934616,0.0856199967674911,0.08244745968841016,0.07955886964919046,0.07844221690902486,0.07367960092960857,0.0739742553269025,0.07167707540793344,0.07029694187804125,0.06953868584241718,0.06713033519918099,0.06630014406982809,0.0653578239143826,0.06447035004384816,0.06365627620834857,0.06291798598249443,0.0622537012968678,0.06166147498879582,0.06113861472113058,0.060682868177536875,0.060292309819487855,0.05996474719722755,0.05969893487053923,0.05949347955174744,0.05934739709482528,0.05925999005557969,0.05923090968281031,0.05925999005557969,0.05934739709482528,0.05949347955174744,0.05969893487053923,0.05996474719722755,0.060292309819487855,0.060682868177536875,0.06113861472113058,0.06166147498879582,0.0622537012968678,0.06291798598249443,0.06365627620834857,0.06447035004384816,0.0653578239143826,0.06630014406982809,0.06713033519918099,0.06953868584241718,0.07029694187804125,0.07167707540793344,0.0739742553269025,0.07367960092960857,0.07844221690902486,0.07955886964919046,0.08244745968841016,0.0856199967674911,0.08648763934616,0.09026426693890244,0.09240662259981036,0.1004232179839164,0.10254665312822908,0.10435664100805297,0.11150602845009416,0.11672499886481091,0.12247848982224241,0.1297198694664985,0.14656768937129527,0.1505597138311714,0.16071356926113367,0.17171095462981611,0.2036731052212417,0.23562921327538788,0.2641084739007056,0.33131208061240613,0.37135418225079775,0.5750312628224492,0.576081738807261,0.8984047370031476,1.8771434798836708,3.723294137045741
4.262560740113258,4.52943579107523,1.6955987699329853,0.6921457491116598,0.5912193395197392,0.4485527644865215,0.3323390119476244,0.274447703268379,0.23358318489044905,0.20416341291274875,0.17898931764648296,0.1620437015662901,0.15247652627294883,0.13765606214292347,0.1320955185801722,0.1254974859766662,0.11618387018097565,0.10797609121073037,0.10494951106375083,0.09963803319260478,0.09718017917475663,0.09011981380172074,0.08574331278214231,0.08317356527550146,0.08109768442227505,0.07963730572373606,0.07532908880966716,0.07215471699601039,0.07190015623928048,0.07045354240108281,0.06924264514236711,0.06770526719628833,0.06580453761853278,0.0646078352292534,0.0629382467304822,0.061981348611880094,0.06103994982549921,0.06017597281606868,0.05939231684897095,0.05868607634329237,0.05805327885900624,0.057490541745210066,0.056994917162228376,0.056563561054645106,0.05619410824147053,0.055884615605464205,0.05563370740856044,0.05543980046059005,0.055301981628872454,0.05521957439486869,0.055192193016409874,0.05521957439486869,0.055301981628872454,0.05543980046059005,0.05563370740856044,0.055884615605464205,0.05619410824147053,0.056563561054645106,0.056994917162228376,0.057490541745210066,0.05805327885900624,0.05868607634329237,0.05939231684897095,0.06017597281606868,0.06103994982549921,0.061981348611880094,0.0629382467304822,0.0646078352292534,0.06580453761853278,0.06770526719628833,0.06924264514236711,0.07045354240108281,0.07190015623928048,0.07215471699601039,0.07532908880966716,0.07963730572373606,0.08109768442227505,0.08317356527550146,0.08574331278214231,0.09011981380172074,0.09718017917475663,0.09963803319260478,0.10494951106375083,0.10797609121073037,0.11618387018097565,0.1254974859766662,0.1320955185801722,0.13765606214292347,0.15247652627294883,0.1620437015662901,0.17898931764648296,0.20416341291274875,0.23358318489044905,0.274447703268379,0.3323390119476244,0.4485527644865215,0.5912193395197392,0.6921457491116598,1.6955987699329853,4.52943579107523
4.003719875589013,4.488881766796112,1.5105410050600767,0.9084557490423322,0.5141589846462011,0.39489981113001704,0.3537983209826052,0.2750110309571028,0.21689407993108034,0.1856948779313825,0.17716910448507406,0.15479693573433906,0.1417339838517364,0.12949129383196123,0.12373454199405387,0.11354423983721063,0.10599237776477821,0.09891027568664867,0.0965921533643268,0.0911980785022024,0.08802300617389847,0.08391205556108616,0.08134826224704739,0.07835099541262025,0.07517182103765663,0.07193421375995968,0.0706084264384117,0.06722477552830242,0.06648151981062256,0.06578689851448871,0.0633622223540442,0.06173853103246074,0.06155271632815129,0.05957742744067218,0.05844180699205026,0.057462748412945075,0.056566597708297195,0.055755010100256186,0.05502236126267235,0.05436338083745795,0.05377363921070355,0.053249714079356636,0.052788326056543156,0.05238688399549574,0.052043232979485765,0.05175540912387078,0.051521862209483515,0.051341425267310115,0.051213202668805025,0.05113648096994439,0.05111098429188132,0.05113648096994439,0.051213202668805025,0.051341425267310115,0.051521862209483515,0.05175540912387078,0.052043232979485765,0.05238688399549574,0.052788326056543156,0.053249714079356636,0.05377363921070355,0.05436338083745795,0.05502236126267235,0.055755010100256186,0.056566597708297195,0.057462748412945075,0.05844180699205026,0.05957742744067218,0.06155271632815129,0.06173853103246074,0.0633622223540442,0.06578689851448871,0.06648151981062256,0.06722477552830242,0.0706084264384117,0.07193421375995968,0.07517182103765663,0.07835099541262025,0.08134826224704739,0.08391205556108616,0.08802300617389847,0.0911980785022024,0.0965921533643268,0.09891027568664867,0.10599237776477821,0.11354423983721063,0.12373454199405387,0.12949129383196123,0.1417339838517364,0.15479693573433906,0.17716910448507406,0.1856948779313825,0.21689407993108034,0.2750110309571028,0.3537983209826052,0.39489981113001704,0.5141589846462011,0.9084557490423322,1.5105410050600767,4.488881766796112
2.898969728499651,3.3438109569251537,1.6292828768491745,0.7948724282905459,0.6363135910942219,0.4439112638356164,0.3369590488728136,0.31519876373931766,0.29294969979673624,0.23034085892140865,0.21886599250137806,0.19561227248050272,0.18012117478065193,0.16377731459215283,0.15220064634922892,0.1443393654190004,0.134962827549316,0.12573849270120263,0.11994518199935555,0.11544412130024284,0.1076516539324075,0.10561221122043207,0.101251452753786,0.09731955238385126,0.09382563491817564,0.09029245970305055,0.08802159747574478,0.08637655398342758,0.08325605501886457,0.080999547499232,0.07983594865072519,0.07775573758408427,0.07612000987865031,0.07479316886747256,0.0729888726491481,0.07190433208597824,0.07082158228149638,0.06982640537898988,0.06892238277941942,0.06810687179677188,0.0673756402102299,0.06672531011281535,0.06615200382657349,0.06565276550827548,0.065225247759372,0.06486732844496146,0.06457654177211225,0.06435205700108781,0.06419246265431866,0.06409703806275502,0.0640653008595109,0.06409703806275502,0.06419246265431866,0.06435205700108781,0.06457654177211225,0.06486732844496146,0.065225247759372,0.06565276550827548,0.06615200382657349,0.06672531011281535,0.0673756402102299,0.06810687179677188,0.06892238277941942,0.06982640537898988,0.07082158228149638,0.07190433208597824,0.0729888726491481,0.07479316886747256,0.07612000987865031,0.07775573758408427,0.07983594865072519,0.080999547499232,0.08325605501886457,0.08637655398342758,0.08802159747574478,0.09029245970305055,0.09382563491817564,0.09731955238385126,0.101251452753786,0.10561221122043207,0.1076516539324075,0.11544412130024284,0.11994518199935555,0.12573849270120263,0.134962827549316,0.1443393654190004,0.15220064634922892,0.16377731459215283,0.18012117478065193,0.19561227248050272,0.21886599250137806,0.23034085892140865,0.29294969979673624,0.31519876373931766,0.3369590488728136,0.4439112638356164,0.6363135910942219,0.7948724282905459,1.6292828768491745,3.3438109569251537
3.028146857395768,4.550322860479355,2.4160816557705402,1.0756682427600026,0.9530905745923519,1.0143080111593008,0.7570509596262127,0.548968237824738,0.2996748052537441,0.21958577272016555,0.177243463229388,0.18171104160137475,0.17345276579726487,0.11815465847030282,0.10402682260610163,0.10251876775873825,0.129102484555915,0.09508994828502182,0.0847916952916421,0.07843215722823516,0.07576068391790614,0.0772097073495388,0.06393553028465249,0.05878740208572708,0.054931912309257314,0.05494625199935399,0.04638799936219584,0.0483868308365345,0.04159500903915614,0.04657561282510869,0.044948864640900865,0.04178573293029331,0.04288400954101235,0.035139220039127395,0.03522897192306118,0.033956101677176775,0.03330146170628723,0.032765291867690394,0.03229220442153746,0.031868170299276244,0.03148727041480015,0.031146048237133073,0.030842599084280664,0.03057546983473003,0.030342753972945502,0.030144090385874733,0.02997842566037434,0.02984549016218807,0.02974500316850026,0.029677321581402794,0.029648303985595703,0.029677321581402794,0.02974500316850026,0.02984549016218807,0.02997842566037434,0.030144090385874733,0.030342753972945502,0.03057546983473003,0.030842599084280664,0.031146048237133073,0.03148727041480015,0.031868170299276244,0.03229220442153746,0.032765291867690394,0.03330146170628723,0.033956101677176775,0.03522897192306118,0.035139220039127395,0.04288400954101235,0.04178573293029331,0.044948864640900865,0.04657561282510869,0.04159500903915614,0.0483868308365345,0.04638799936219584,0.05494625199935399,0.054931912309257314,0.05878740208572708,0.06393553028465249,0.0772097073495388,0.07576068391790614,0.07843215722823516,0.0847916952916421,0.09508994828502182,0.129102484555915,0.10251876775873825,0.10402682260610163,0.11815465847030282,0.17345276579726487,0.18171104160137475,0.177243463229388,0.21958577272016555,0.2996748052537441,0.548968237824738,0.7570509596262127,1.0143080111593008,0.9530905745923519,1.0756682427600026,2.4160816557705402,4.550322860479355
3.314563311636448,6.727419666945934,3.0330860801041126,1.7637893594801426,2.3200149536132812,1.9136427603662014,1.1211959775537252,0.9809872210025787,0.565971870906651,0.47833057725802064,0.4411996742710471,0.38434439711272717,0.32068396103568375,0.25493058655411005,0.2758602350950241,0.2446388932876289,0.2033423581160605,0.19768259418196976,0.22286125225946307,0.17802680283784866,0.15777647495269775,0.1491340565844439,0.14301850751508027,0.16787570982705802,0.1465979614877142,0.1424064400489442,0.13198703527450562,0.13403172208927572,0.12511924153659493,0.1193112776381895,0.12323027302045375,0.11764878663234413,0.11847545823547989,0.11302517459262162,0.10354679197189398,0.10327636620786507,0.10195447974547278,0.10060211397649255,0.09932956127158832,0.09816253479220904,0.09710741620801855,0.09616396942874417,0.09533005676348694,0.09460281205247156,0.0939791093551321,0.09345614524499979,0.09303163306321949,0.0927035315980902,0.09247017290908843,0.09233067223976832,0.09228431433439255,0.09233067223976832,0.09247017290908843,0.0927035315980902,0.09303163306321949,0.09345614524499979,0.0939791093551321,0.09460281205247156,0.09533005676348694,0.09616396942874417,0.09710741620801855,0.09816253479220904,0.09932956127158832,0.10060211397649255,0.10195447974547278,0.10327636620786507,0.10354679197189398,0.11302517459262162,0.11847545823547989,0.11764878663234413,0.12323027302045375,0.1193112776381895,0.12511924153659493,0.13403172208927572,0.13198703527450562,0.1424064400489442,0.1465979614877142,0.16787570982705802,0.14301850751508027,0.1491340565844439,0.15777647495269775,0.17802680283784866,0.22286125225946307,0.19768259418196976,0.2033423581160605,0.2446388932876289,0.2758602350950241,0.25493058655411005,0.32068396103568375,0.38434439711272717,0.4411996742710471,0.47833057725802064,0.565971870906651,0.9809872210025787,1.1211959775537252,1.9136427603662014,2.3200149536132812,1.7637893594801426,3.0330860801041126,6.727419666945934
6.287416433915496,8.650801628828049,3.8977096304297447,1.9175751321017742,1.6007429640740156,1.4017128343693912,1.0149370729923248,0.7396053727716208,0.4948895643465221,0.4332588706165552,0.3439040156081319,0.3033245378173888,0.29529384011402726,0.2356138686882332,0.2306372900493443,0.2094715922139585,0.18133519816910848,0.168789891700726,0.1704175581689924,0.1670342399738729,0.15085831738542765,0.14762246265308931,0.14100237796083093,0.12721647167927586,0.1261615906842053,0.12464527552947402,0.121085713384673,0.11195808264892548,0.11042679779347964,0.10738526401109993,0.10028866166248918,0.10185871255816892,0.0966027012327686,0.10024730931036174,0.09353333921171725,0.09137452355935238,0.08993932034354657,0.08866540095186792,0.08751532691530883,0.08647841904894449,0.08554821973666549,0.08471955970162526,0.08398874319391325,0.08335194090614095,0.08280608610948548,0.08234849316067994,0.0819769284571521,0.08168985170777887,0.08148575079394504,0.08136360844946466,0.08132298942655325,0.08136360844946466,0.08148575079394504,0.08168985170777887,0.0819769284571521,0.08234849316067994,0.08280608610948548,0.08335194090614095,0.08398874319391325,0.08471955970162526,0.08554821973666549,0.08647841904894449,0.08751532691530883,0.08866540095186792,0.08993932034354657,0.09137452355935238,0.09353333921171725,0.10024730931036174,0.0966027012327686,0.10185871255816892,0.10028866166248918,0.10738526401109993,0.11042679779347964,0.11195808264892548,0.121085713384673,0.12464527552947402,0.1261615906842053,0.12721647167927586,0.14100237796083093,0.14762246265308931,0.15085831738542765,0.1670342399738729,0.1704175581689924,0.168789891700726,0.18133519816910848,0.2094715922139585,0.2306372900493443,0.2356138686882332,0.29529384011402726,0.3033245378173888,0.3439040156081319,0.4332588706165552,0.4948895643465221,0.7396053727716208,1.0149370729923248,1.4017128343693912,1.6007429640740156,1.9175751321017742,3.8977096304297447,8.650801628828049
2.9786817394196987,9.391750566661358,2.6992025449872017,2.2555503472685814,1.6306579522788525,1.1930874586105347,0.8003976386971772,0.7216506497934461,0.6086039103101939,0.44680067617446184,0.3780631721019745,0.36995367519557476,0.29740061797201633,0.270585565129295,0.26905138371512294,0.2424489586846903,0.24477930925786495,0.2248887961031869,0.19729986670427024,0.21352307428605855,0.19664882821962237,0.1817809813655913,0.17415328789502382,0.17179320054128766,0.16074744542129338,0.15457727038301528,0.15297468635253608,0.15053997561335564,0.15038133319467306,0.1432241410948336,0.13846447225660086,0.1318531580036506,0.1314205233938992,0.12714198883622885,0.12785463337786496,0.12513073766604066,0.12307936162687838,0.12128522316925228,0.11968438071198761,0.11825201893225312,0.11697374854702502,0.11583945096936077,0.11484172521159053,0.11397406773176044,0.1132313224952668,0.11260948237031698,0.11210511717945337,0.1117155123502016,0.1114386070985347,0.11127303936518729,0.11121798399835825,0.11127303936518729,0.1114386070985347,0.1117155123502016,0.11210511717945337,0.11260948237031698,0.1132313224952668,0.11397406773176044,0.11484172521159053,0.11583945096936077,0.11697374854702502,0.11825201893225312,0.11968438071198761,0.12128522316925228,0.12307936162687838,0.12513073766604066,0.12785463337786496,0.12714198883622885,0.1314205233938992,0.1318531580036506,0.13846447225660086,0.1432241410948336,0.15038133319467306,0.15053997561335564,0.15297468635253608,0.15457727038301528,0.16074744542129338,0.17179320054128766,0.17415328789502382,0.1817809813655913,0.19664882821962237,0.21352307428605855,0.19729986670427024,0.2248887961031869,0.24477930925786495,0.2424489586846903,0.26905138371512294,0.270585565129295,0.29740061797201633,0.36995367519557476,0.3780631721019745,0.44680067617446184,0.6086039103101939,0.7216506497934461,0.8003976386971772,1.1930874586105347,1.6306579522788525,2.2555503472685814,2.6992025449872017,9.391750566661358
6.1597804725170135,7.733882769942284,3.4897267818450928,1.5928603671491146,1.3366460241377354,0.98860964179039,0.7155176911037415,0.6642331518232822,0.4692181922728196,0.35821562679484487,0.30344602512195706,0.26885794335976243,0.22177225281484425,0.22407485387520865,0.20289462036453187,0.19434300065040588,0.17168614373076707,0.15867095510475338,0.15210191812366247,0.15633033425547183,0.14559252571780235,0.13289327506208792,0.1307744218793232,0.128450874122791,0.12081631110049784,0.11441770201781765,0.11440042912727222,0.11440569115802646,0.10800716455560178,0.10212738200789317,0.10143272182904184,0.10044776828726754,0.09877232732833363,0.0950768438342493,0.09225945739308372,0.09088833085843362,0.0895689896424301,0.08834173696232028,0.08721841845544986,0.0861999271728564,0.08528409010614268,0.08446751040173694,0.08374656565138139,0.08311852204496972,0.08257984934607521,0.08212831855053082,0.08176179035217501,0.08147857687436044,0.08127710793633014,0.08115662640193477,0.08111654967069626,0.08115662640193477,0.08127710793633014,0.08147857687436044,0.08176179035217501,0.08212831855053082,0.08257984934607521,0.08311852204496972,0.08374656565138139,0.08446751040173694,0.08528409010614268,0.0861999271728564,0.08721841845544986,0.08834173696232028,0.0895689896424301,0.09088833085843362,0.09225945739308372,0.0950768438342493,0.09877232732833363,0.10044776828726754,0.10143272182904184,0.10212738200789317,0.10800716455560178,0.11440569115802646,0.11440042912727222,0.11441770201781765,0.12081631110049784,0.128450874122791,0.1307744218793232,0.13289327506208792,0.14559252571780235,0.15633033425547183,0.15210191812366247,0.15867095510475338,0.17168614373076707,0.19434300065040588,0.20289462036453187,0.22407485387520865,0.22177225281484425,0.26885794335976243,0.30344602512195706,0.35821562679484487,0.4692181922728196,0.6642331518232822,0.7155176911037415,0.98860964179039,1.3366460241377354,1.5928603671491146,3.4897267818450928,7.733882769942284
2.668902948498726,7.052662432193756,2.7277272418141365,1.3396636242978275,1.3357457872480154,0.8122276354115456,0.8052964080125093,0.6126249302178621,0.4731755256652832,0.3700064617441967,0.3397171394317411,0.32118252431973815,0.29543228540569544,0.25613414915278554,0.24576684762723744,0.23287173628341407,0.21377131913322955,0.20458530588075519,0.2038215904030949,0.1765419733710587,0.16654436651151627,0.15927832387387753,0.14683130601770245,0.16682194778695703,0.15029713563853875,0.1433142022578977,0.1399888227460906,0.1318962115328759,0.1343891746364534,0.12978410016512498,0.126423817477189,0.119605050975224,0.11866333888610825,0.11554174264892936,0.115039745811373,0.11270078149391338,0.11091686389409006,0.10933249624213204,0.10790688366978429,0.10662485018838197,0.10547714191488922,0.10445676898234524,0.10355777022778057,0.1027752923546359,0.10210510288015939,0.10154364540358074,0.10108812811085954,0.10073619152535684,0.10048602751339786,0.10033647026284598,0.10028665233403444,0.10033647026284598,0.10048602751339786,0.10073619152535684,0.10108812811085954,0.10154364540358074,0.10210510288015939,0.1027752923546359,0.10355777022778057,0.10445676898234524,0.10547714191488922,0.10662485018838197,0.10790688366978429,0.10933249624213204,0.11091686389409006,0.11270078149391338,0.115039745811373,0.11554174264892936,0.11866333888610825,0.119605050975224,0.126423817477189,0.12978410016512498,0.1343891746364534,0.1318962115328759,0.1399888227460906,0.1433142022578977,0.15029713563853875,0.16682194778695703,0.14683130601770245,0.15927832387387753,0.16654436651151627,0.1765419733710587,0.2038215904030949,0.20458530588075519,0.21377131913322955,0.23287173628341407,0.24576684762723744,0.25613414915278554,0.29543228540569544,0.32118252431973815,0.3397171394317411,0.3700064617441967,0.4731755256652832,0.6126249302178621,0.8052964080125093,0.8122276354115456,1.3357457872480154,1.3396636242978275,2.7277272418141365,7.052662432193756
5.54559618444182,4.391167651861906,2.069669272750616,1.3259591925889254,0.9295127568766475,0.668613338842988,0.5418804474174976,0.40933202113956213,0.3704546522349119,0.2987954115960747,0.2433743211440742,0.21561319869942963,0.21839466621167958,0.19385870452970266,0.17507536453194916,0.1683057260233909,0.15139329666271806,0.15297050983645022,0.14201872213743627,0.128691480262205,0.12578008137643337,0.12700237368699163,0.11656296055298299,0.10950672984472476,0.10987523884978145,0.10485003842040896,0.09985011967364699,0.09921936877071857,0.09879961714614183,0.09258982841856778,0.09365587611682713,0.09183221566490829,0.08719956746790558,0.08498819370288402,0.08453750389162451,0.08307648473419249,0.08179407624993473,0.08063684857916087,0.07959143572952598,0.07864991575479507,0.07780676707625389,0.0770567626459524,0.07639595645014197,0.07582071819342673,0.07532806321978569,0.0749154583318159,0.07458042493090034,0.07432172307744622,0.07413778221234679,0.07402776402886957,0.0739910900592804,0.07402776402886957,0.07413778221234679,0.07432172307744622,0.07458042493090034,0.0749154583318159,0.07532806321978569,0.07582071819342673,0.07639595645014197,0.0770567626459524,0.07780676707625389,0.07864991575479507,0.07959143572952598,0.08063684857916087,0.08179407624993473,0.08307648473419249,0.08453750389162451,0.08498819370288402,0.08719956746790558,0.09183221566490829,0.09365587611682713,0.09258982841856778,0.09879961714614183,0.09921936877071857,0.09985011967364699,0.10485003842040896,0.10987523884978145,0.10950672984472476,0.11656296055298299,0.12700237368699163,0.12578008137643337,0.128691480262205,0.14201872213743627,0.15297050983645022,0.15139329666271806,0.1683057260233909,0.17507536453194916,0.19385870452970266,0.21839466621167958,0.21561319869942963,0.2433743211440742,0.2987954115960747,0.3704546522349119,0.40933202113956213,0.5418804474174976,0.668613338842988,0.9295127568766475,1.3259591925889254,2.069669272750616,4.391167651861906
3.5048866868019104,5.774869456887245,1.727420337498188,1.1544052213430405,0.845837751403451,0.6921481587924063,0.4469756241887808,0.4810848073102534,0.3339286094997078,0.2913094535470009,0.23833417054265738,0.2209447231143713,0.19232022855430841,0.18829174083657563,0.1780182442162186,0.15544192004017532,0.15784637682372704,0.1419579869543668,0.1405773013830185,0.12764580978546292,0.11985701555386186,0.12249144550878555,0.11180840013548732,0.10618973337113857,0.10487459122668952,0.10100683942437172,0.09801836812403053,0.09307705250103027,0.09146603103727102,0.09189685445744544,0.08973288862034678,0.08820032572839409,0.08466926537221298,0.08208632189780474,0.08187536534387618,0.0801967618172057,0.0789091755868867,0.07776947849197313,0.07674725446850061,0.07583035918651149,0.0750109066721052,0.07428326806984842,0.07364302687346935,0.0730858511524275,0.07260895788203925,0.07220966625027359,0.07188579358626157,0.07163556356681511,0.07145775575190783,0.07135146245127544,0.07131608808413148,0.07135146245127544,0.07145775575190783,0.07163556356681511,0.07188579358626157,0.07220966625027359,0.07260895788203925,0.0730858511524275,0.07364302687346935,0.07428326806984842,0.0750109066721052,0.07583035918651149,0.07674725446850061,0.07776947849197313,0.0789091755868867,0.0801967618172057,0.08187536534387618,0.08208632189780474,0.08466926537221298,0.08820032572839409,0.08973288862034678,0.09189685445744544,0.09146603103727102,0.09307705250103027,0.09801836812403053,0.10100683942437172,0.10487459122668952,0.10618973337113857,0.11180840013548732,0.12249144550878555,0.11985701555386186,0.12764580978546292,0.1405773013830185,0.1419579869543668,0.15784637682372704,0.15544192004017532,0.1780182442162186,0.18829174083657563,0.19232022855430841,0.2209447231143713,0.23833417054265738,0.2913094535470009,0.3339286094997078,0.4810848073102534,0.4469756241887808,0.6921481587924063,0.845837751403451,1.1544052213430405,1.727420337498188,5.774869456887245
3.881747242063284,3.975437443703413,1.891838638111949,1.0205307388678193,0.6712096042465419,0.6192409340292215,0.46091856015846133,0.4301370242610574,0.2632778265979141,0.2215287087019533,0.20617821509949863,0.18548116786405444,0.16365439631044865,0.15787263156380504,0.14062018739059567,0.13486371783073992,0.1255657603032887,0.11492365127196535,0.11722893279511482,0.1052994899218902,0.10377203719690442,0.09821974765509367,0.08866368781309575,0.09119397692847997,0.08481151045998558,0.08436791587155312,0.08093463856494054,0.07908397796563804,0.07810068695107475,0.07303882599808276,0.07236896239919588,0.07080300780944526,0.07009091530926526,0.06683634308865294,0.06661127193365246,0.06530299870064482,0.06425864604534581,0.0633311754791066,0.06249800568912178,0.061749874730594456,0.06108103593578562,0.06048677797662094,0.05996351089561358,0.05950846301857382,0.05911859733168967,0.058792115800315514,0.05852736652013846,0.05832283975905739,0.05817744278465398,0.058090528153115883,0.05806170869618654,0.058090528153115883,0.05817744278465398,0.05832283975905739,0.05852736652013846,0.058792115800315514,0.05911859733168967,0.05950846301857382,0.05996351089561358,0.06048677797662094,0.06108103593578562,0.061749874730594456,0.06249800568912178,0.0633311754791066,0.06425864604534581,0.06530299870064482,0.06661127193365246,0.06683634308865294,0.07009091530926526,0.07080300780944526,0.07236896239919588,0.07303882599808276,0.07810068695107475,0.07908397796563804,0.08093463856494054,0.08436791587155312,0.08481151045998558,0.09119397692847997,0.08866368781309575,0.09821974765509367,0.10377203719690442,0.1052994899218902,0.11722893279511482,0.11492365127196535,0.1255657603032887,0.13486371783073992,0.14062018739059567,0.15787263156380504,0.16365439631044865,0.18548116786405444,0.20617821509949863,0.2215287087019533,0.2632778265979141,0.4301370242610574,0.46091856015846133,0.6192409340292215,0.6712096042465419,1.0205307388678193,1.891838638111949,3.975437443703413
3.992942763492465,3.7463752664625645,1.8562204912304878,0.7161956410855055,0.620013639330864,0.5023589245975018,0.3109512983355671,0.30560009414330125,0.22266156622208655,0.1869508564705029,0.17825161549262702,0.1567479504738003,0.14765636227093637,0.1361222217674367,0.13124395348131657,0.11535810877103359,0.10411260864930227,0.10159542149631307,0.09860510821454227,0.08680401282617822,0.08243109754403122,0.0846590303699486,0.07851401675725356,0.0741673144584638,0.07043431609054096,0.07286123966332525,0.06965779172605835,0.066000633261865,0.06698589827283286,0.06456806999631226,0.06187347724335268,0.06162545329425484,0.060593090718612075,0.05915525411546696,0.0581661545438692,0.05699189708684571,0.056056137444102205,0.05523229103710037,0.05449704181228299,0.05383949575480074,0.05325347001780756,0.052733683958649635,0.052276875532697886,0.0518798202247126,0.051540233340347186,0.05125600012252107,0.05102547019487247,0.05084747944783885,0.05072097289666999,0.0506453806447098,0.05062023876234889,0.0506453806447098,0.05072097289666999,0.05084747944783885,0.05102547019487247,0.05125600012252107,0.051540233340347186,0.0518798202247126,0.052276875532697886,0.052733683958649635,0.05325347001780756,0.05383949575480074,0.05449704181228299,0.05523229103710037,0.056056137444102205,0.05699189708684571,0.0581661545438692,0.05915525411546696,0.060593090718612075,0.06162545329425484,0.06187347724335268,0.06456806999631226,0.06698589827283286,0.066000633261865,0.06965779172605835,0.07286123966332525,0.07043431609054096,0.0741673144584638,0.07851401675725356,0.0846590303699486,0.08243109754403122,0.08680401282617822,0.09860510821454227,0.10159542149631307,0.10411260864930227,0.11535810877103359,0.13124395348131657,0.1361222217674367,0.14765636227093637,0.1567479504738003,0.17825161549262702,0.1869508564705029,0.22266156622208655,0.30560009414330125,0.3109512983355671,0.5023589245975018,0.620013639330864,0.7161956410855055,1.8562204912304878,3.7463752664625645
4.650460567325354,4.136779271066189,1.5554965659976006,0.6559004317969084,0.4845370559487492,0.47476213751360774,0.30974649358540773,0.29486428340896964,0.2273695496842265,0.19346403289819136,0.17385134007781744,0.1551789810473565,0.1438653505174443,0.13273817778099328,0.12518895382527262,0.11422237585065886,0.10890231042867526,0.10364963574102148,0.10032598220277578,0.09416431712452322,0.08841054848744534,0.08517612365540117,0.08077335069538094,0.07819701798143797,0.0754214929183945,0.07239312719320878,0.07080625001981389,0.06955084600485861,0.06766673739184625,0.06630149501143023,0.0644592471071519,0.062317758056451567,0.06113769838702865,0.05957934608159121,0.05840798634744715,0.05745666427537799,0.056593118599266745,0.05580301116788178,0.055084812052882626,0.05443572281001252,0.05385301595015335,0.05333403495205857,0.052876160232699476,0.05247699628853297,0.05213495739735663,0.051848124138814455,0.0516150648409166,0.05143483405208826,0.05130657616246026,0.05122983540968562,0.05120426416397095,0.05122983540968562,0.05130657616246026,0.05143483405208826,0.0516150648409166,0.051848124138814455,0.05213495739735663,0.05247699628853297,0.052876160232699476,0.05333403495205857,0.05385301595015335,0.05443572281001252,0.055084812052882626,0.05580301116788178,0.056593118599266745,0.05745666427537799,0.05840798634744715,0.05957934608159121,0.06113769838702865,0.062317758056451567,0.0644592471071519,0.06630149501143023,0.06766673739184625,0.06955084600485861,0.07080625001981389,0.07239312719320878,0.0754214929183945,0.07819701798143797,0.08077335069538094,0.08517612365540117,0.08841054848744534,0.09416431712452322,0.10032598220277578,0.10364963574102148,0.10890231042867526,0.11422237585065886,0.12518895382527262,0.13273817778099328,0.1438653505174443,0.1551789810473565,0.17385134007781744,0.19346403289819136,0.2273695496842265,0.29486428340896964,0.30974649358540773,0.47476213751360774,0.4845370559487492,0.6559004317969084,1.5554965659976006,4.136779271066189
3.217369716614485,3.8373088780790567,1.786593172699213,1.0108818830922246,0.590863804332912,0.5186654217541218,0.3991829766891897,0.2805909349117428,0.2772043333388865,0.22765003005042672,0.2107713029254228,0.1897043341305107,0.17043945007026196,0.16154950438067317,0.15304707805626094,0.14418624504469335,0.13344080257229507,0.12387324240989983,0.12104092817753553,0.11475718498695642,0.10792032175231725,0.10370963648892939,0.10014515742659569,0.09766508173197508,0.09400993562303483,0.08992370229680091,0.08733915165066719,0.08524017338640988,0.08294243330601603,0.08081172849051654,0.07987027091439813,0.07740108238067478,0.07679425273090601,0.07458371517714113,0.07350365142337978,0.07220629253424704,0.0710712670115754,0.07005179446423426,0.06913392565911636,0.06830959365470335,0.06757236254634336,0.06691762135596946,0.06634145427960902,0.06583988876082003,0.06541075347922742,0.06505138764623553,0.06475981528637931,0.06453463231446221,0.06437453191028908,0.06427888188045472,0.06424699537456036,0.06427888188045472,0.06437453191028908,0.06453463231446221,0.06475981528637931,0.06505138764623553,0.06541075347922742,0.06583988876082003,0.06634145427960902,0.06691762135596946,0.06757236254634336,0.06830959365470335,0.06913392565911636,0.07005179446423426,0.0710712670115754,0.07220629253424704,0.07350365142337978,0.07458371517714113,0.07679425273090601,0.07740108238067478,0.07987027091439813,0.08081172849051654,0.08294243330601603,0.08524017338640988,0.08733915165066719,0.08992370229680091,0.09400993562303483,0.09766508173197508,0.10014515742659569,0.10370963648892939,0.10792032175231725,0.11475718498695642,0.12104092817753553,0.12387324240989983,0.13344080257229507,0.14418624504469335,0.15304707805626094,0.16154950438067317,0.17043945007026196,0.1897043341305107,0.2107713029254228,0.22765003005042672,0.2772043333388865,0.2805909349117428,0.3991829766891897,0.5186654217541218,0.590863804332912,1.0108818830922246,1.786593172699213,3.8373088780790567
2.3163314522244036,3.097196653485298,1.4040466621518135,0.5728652286343277,0.5532250227406621,0.4136152951978147,0.325457904022187,0.24715986428782344,0.18310306267812848,0.1500788006815128,0.13804305557277985,0.1296879217843525,0.11847313586622477,0.10832016472704709,0.100543531938456,0.09612446528626606,0.0897428794996813,0.08161068838671781,0.08132641133852303,0.07322945441410411,0.07564044673927128,0.07008482090895995,0.06546831055311486,0.06303600696264766,0.0599521066469606,0.05891637035529129,0.05492600110301282,0.05520959656860214,0.05506892406265251,0.05222033165046014,0.05070837709354237,0.049331510192132555,0.04854244190210011,0.04779321054229513,0.046693346434039995,0.04591923729458358,0.045217322956887074,0.04457821778487414,0.04399926298356149,0.043477538813021965,0.043009909510146827,0.042593998165102676,0.042227571553667076,0.04190859623486176,0.04163532078382559,0.041406502859899774,0.04122067002754193,0.041077195084653795,0.04097522077790927,0.0409142455609981,0.04089392023161054,0.0409142455609981,0.04097522077790927,0.041077195084653795,0.04122067002754193,0.041406502859899774,0.04163532078382559,0.04190859623486176,0.042227571553667076,0.042593998165102676,0.043009909510146827,0.043477538813021965,0.04399926298356149,0.04457821778487414,0.045217322956887074,0.04591923729458358,0.046693346434039995,0.04779321054229513,0.04854244190210011,0.049331510192132555,0.05070837709354237,0.05222033165046014,0.05506892406265251,0.05520959656860214,0.05492600110301282,0.05891637035529129,0.0599521066469606,0.06303600696264766,0.06546831055311486,0.07008482090895995,0.07564044673927128,0.07322945441410411,0.08132641133852303,0.08161068838671781,0.0897428794996813,0.09612446528626606,0.100543531938456,0.10832016472704709,0.11847313586622477,0.1296879217843525,0.13804305557277985,0.1500788006815128,0.18310306267812848,0.24715986428782344,0.325457904022187,0.4136152951978147,0.5532250227406621,0.5728652286343277,1.4040466621518135,3.097196653485298
3.175747669301927,4.669173669070005,2.23162898235023,1.4775241892784834,1.3743944936431944,1.0624713180586696,0.8945620469748974,0.8425061646848917,0.40338069084100425,0.2987716915085912,0.2629180676303804,0.20669641811400652,0.19085974694462493,0.16469673020765185,0.16372923739254475,0.17621283320477232,0.16721328371204436,0.1376883068587631,0.13561037403997034,0.11300149979069829,0.13444476237054914,0.11038076132535934,0.09483331278897822,0.10478061600588262,0.1063245702534914,0.08607603295240551,0.09496383054647595,0.09333839814644307,0.08826877712272108,0.08003390964586288,0.08155892661307007,0.07941798120737076,0.07580825564218685,0.07784590852679685,0.0700629147759173,0.06966104329330847,0.06866538996109739,0.06768845158512704,0.06678650426329114,0.06596898386487737,0.06523489745450206,0.06458163270144723,0.06400597593165003,0.06350507284514606,0.06307632656535134,0.06271725264377892,0.06242594652576372,0.06220106236287393,0.06204122703638859,0.06194567700731568,0.061913915909826756,0.06194567700731568,0.06204122703638859,0.06220106236287393,0.06242594652576372,0.06271725264377892,0.06307632656535134,0.06350507284514606,0.06400597593165003,0.06458163270144723,0.06523489745450206,0.06596898386487737,0.06678650426329114,0.06768845158512704,0.06866538996109739,0.06966104329330847,0.0700629147759173,0.07784590852679685,0.07580825564218685,0.07941798120737076,0.08155892661307007,0.08003390964586288,0.08826877712272108,0.09333839814644307,0.09496383054647595,0.08607603295240551,0.1063245702534914,0.10478061600588262,0.09483331278897822,0.11038076132535934,0.13444476237054914,0.11300149979069829,0.13561037403997034,0.1376883068587631,0.16721328371204436,0.17621283320477232,0.16372923739254475,0.16469673020765185,0.19085974694462493,0.20669641811400652,0.2629180676303804,0.2987716915085912,0.40338069084100425,0.8425061646848917,0.8945620469748974,1.0624713180586696,1.3743944936431944,1.4775241892784834,2.23162898235023,4.669173669070005
4.5693681966513395,9.881288230419159,4.2159102484583855,2.2038448452949524,1.9280626205727458,1.7341588735580444,1.1998419426381588,1.1789146102964878,0.5447475872933865,0.4816736630164087,0.40975663997232914,0.3583669401705265,0.30372593633364886,0.27286708331666887,0.2184435671661049,0.19439453911036253,0.19626783323474228,0.16449978249147534,0.20463080052286386,0.1641293343855068,0.1821588291786611,0.1776336133480072,0.16658334716339596,0.13128350698389113,0.14287934196181595,0.13244855764787644,0.13072860916145146,0.1204671940067783,0.11755174887366593,0.11741805355995893,0.11923119891434908,0.11473381984978914,0.11892290459945798,0.10778900346485898,0.10478581732604653,0.10300423018634319,0.10138567653484643,0.09991396800614893,0.09858513216022402,0.09739059885032475,0.096322794794105,0.09537475416436791,0.09454042906872928,0.09381516999565065,0.09319451975170523,0.09267520369030535,0.09225386392790824,0.09192855621222407,0.09169731917791069,0.09155930753331631,0.09151315502822399,0.09155930753331631,0.09169731917791069,0.09192855621222407,0.09225386392790824,0.09267520369030535,0.09319451975170523,0.09381516999565065,0.09454042906872928,0.09537475416436791,0.096322794794105,0.09739059885032475,0.09858513216022402,0.09991396800614893,0.10138567653484643,0.10300423018634319,0.10478581732604653,0.10778900346485898,0.11892290459945798,0.11473381984978914,0.11923119891434908,0.11741805355995893,0.11755174887366593,0.1204671940067783,0.13072860916145146,0.13244855764787644,0.14287934196181595,0.13128350698389113,0.16658334716339596,0.1776336133480072,0.1821588291786611,0.1641293343855068,0.20463080052286386,0.16449978249147534,0.19626783323474228,0.19439453911036253,0.2184435671661049,0.27286708331666887,0.30372593633364886,0.3583669401705265,0.40975663997232914,0.4816736630164087,0.5447475872933865,1.1789146102964878,1.1998419426381588,1.7341588735580444,1.9280626205727458,2.2038448452949524,4.2159102484583855,9.881288230419159
4.671116156503558,10.964886888861656,3.1039880216121674,1.894163940101862,1.5008765328675508,1.1637409180402756,1.0653575267642736,0.7369014825671911,0.5001881634816527,0.4110788977704942,0.3357680302578956,0.2579689684789628,0.2638344499282539,0.241694149794057,0.212576495250687,0.2054633714724332,0.19957382953725755,0.1635869681776967,0.16123856406193227,0.15268335596192628,0.15258653345517814,0.1463263117475435,0.1385311686899513,0.13809699367266148,0.12578199058771133,0.12809491239022464,0.11790428849053569,0.1126703240443021,0.11129411112051457,0.10608577239327133,0.10643698245985433,0.10492054920177907,0.09880985948257148,0.1006517487403471,0.0937789734598482,0.09273259705514647,0.09138281623017974,0.09008567503769882,0.08889124896086287,0.0878077689994825,0.08683442327310331,0.08596753691381309,0.08520339880487882,0.08453831664519385,0.08396873249148484,0.08349155390169472,0.08310442985384725,0.0828054214362055,0.08259293346782215,0.08246593966032378,0.08242366556078196,0.08246593966032378,0.08259293346782215,0.0828054214362055,0.08310442985384725,0.08349155390169472,0.08396873249148484,0.08453831664519385,0.08520339880487882,0.08596753691381309,0.08683442327310331,0.0878077689994825,0.08889124896086287,0.09008567503769882,0.09138281623017974,0.09273259705514647,0.0937789734598482,0.1006517487403471,0.09880985948257148,0.10492054920177907,0.10643698245985433,0.10608577239327133,0.11129411112051457,0.1126703240443021,0.11790428849053569,0.12809491239022464,0.12578199058771133,0.13809699367266148,0.1385311686899513,0.1463263117475435,0.15258653345517814,0.15268335596192628,0.16123856406193227,0.1635869681776967,0.19957382953725755,0.2054633714724332,0.212576495250687,0.241694149794057,0.2638344499282539,0.2579689684789628,0.3357680302578956,0.4110788977704942,0.5001881634816527,0.7369014825671911,1.0653575267642736,1.1637409180402756,1.5008765328675508,1.894163940101862,3.1039880216121674,10.964886888861656
4.952044119127095,7.9742938205599785,3.7026830688118935,1.8495683744549751,1.73848726041615,1.1672840444371104,0.9117443859577179,0.7475710432045162,0.550980722066015,0.48109602788463235,0.3928679240634665,0.37284643994644284,0.3265463369898498,0.2828539509791881,0.2739083142951131,0.26043812185525894,0.23929665749892592,0.2295941594056785,0.20927118649706244,0.20436343096662313,0.19641404110006988,0.18614544230513275,0.1879524369724095,0.1780050485394895,0.165670478483662,0.16417903639376163,0.15590508584864438,0.1596564636565745,0.14811597962398082,0.14166448742616922,0.13755552284419537,0.13918172020930797,0.13600560300983489,0.1357345364522189,0.13118087395559996,0.12850482610519975,0.1263057750184089,0.12437998596578836,0.12266990600619465,0.12114709138404578,0.11979321751277894,0.1185955514665693,0.11754439596552402,0.11663211579434574,0.11585235595703125,0.11520029336679727,0.11467184242792428,0.11426401301287115,0.11397431953810155,0.1138012153096497,0.11374351382255554,0.1138012153096497,0.11397431953810155,0.11426401301287115,0.11467184242792428,0.11520029336679727,0.11585235595703125,0.11663211579434574,0.11754439596552402,0.1185955514665693,0.11979321751277894,0.12114709138404578,0.12266990600619465,0.12437998596578836,0.1263057750184089,0.12850482610519975,0.13118087395559996,0.1357345364522189,0.13600560300983489,0.13918172020930797,0.13755552284419537,0.14166448742616922,0.14811597962398082,0.1596564636565745,0.15590508584864438,0.16417903639376163,0.165670478483662,0.1780050485394895,0.1879524369724095,0.18614544230513275,0.19641404110006988,0.20436343096662313,0.20927118649706244,0.2295941594056785,0.23929665749892592,0.26043812185525894,0.2739083142951131,0.2828539509791881,0.3265463369898498,0.37284643994644284,0.3928679240634665,0.48109602788463235,0.550980722066015,0.7475710432045162,0.9117443859577179,1.1672840444371104,1.73848726041615,1.8495683744549751,3.7026830688118935,7.9742938205599785
4.975720727816224,7.700297981500626,3.5321087390184402,1.7758144661784172,1.1430606842041016,0.9801950277760625,0.7997966781258583,0.5656487967353314,0.4457755722105503,0.4041861635632813,0.2975512002594769,0.30032428773120046,0.27312759356573224,0.26651802426204085,0.24298802856355906,0.23162227752618492,0.18725238845217973,0.2033872662577778,0.1879337050486356,0.1775205424055457,0.170460288063623,0.16765134152956307,0.16021476942114532,0.14619683008641005,0.14763369463616982,0.14148048195056617,0.13762454222887754,0.12623924697982147,0.12989973707590252,0.12599972932366654,0.12254291577846743,0.11458354361820966,0.11774240806698799,0.11368990287883207,0.11159106413833797,0.10969889542320743,0.1080487659201026,0.1065375340403989,0.10516325721982867,0.10392193170264363,0.10280804493231699,0.10181619779905304,0.10094194748671725,0.1001804475672543,0.09952795773278922,0.09898127015912905,0.09853771119378507,0.09819487488130108,0.0979512206686195,0.09780545969260857,0.09775695204734802,0.09780545969260857,0.0979512206686195,0.09819487488130108,0.09853771119378507,0.09898127015912905,0.09952795773278922,0.1001804475672543,0.10094194748671725,0.10181619779905304,0.10280804493231699,0.10392193170264363,0.10516325721982867,0.1065375340403989,0.1080487659201026,0.10969889542320743,0.11159106413833797,0.11368990287883207,0.11774240806698799,0.11458354361820966,0.12254291577846743,0.12599972932366654,0.12989973707590252,0.12623924697982147,0.13762454222887754,0.14148048195056617,0.14763369463616982,0.14619683008641005,0.16021476942114532,0.16765134152956307,0.170460288063623,0.1775205424055457,0.1879337050486356,0.2033872662577778,0.18725238845217973,0.23162227752618492,0.24298802856355906,0.26651802426204085,0.27312759356573224,0.30032428773120046,0.2975512002594769,0.4041861635632813,0.4457755722105503,0.5656487967353314,0.7997966781258583,0.9801950277760625,1.1430606842041016,1.7758144661784172,3.5321087390184402,7.700297981500626
3.228797876276076,6.536946251988411,2.2176117710769176,1.4942595921456814,1.104525864124298,0.6933495393022895,0.531369342468679,0.4433018956333399,0.38170103216543794,0.2678545934613794,0.24612042546505108,0.2073126018512994,0.21485349209979177,0.17893779883161187,0.172834426863119,0.15204384364187717,0.141849385923706,0.13721155282109976,0.1326740188524127,0.13690009916899726,0.12294475303497165,0.11424173275008798,0.11947038525249809,0.10205439387937076,0.1026362351840362,0.1003949074074626,0.09529057185864076,0.09337075351504609,0.09203523307223804,0.08372151589719579,0.08552748057991266,0.08600490062963217,0.08333311707247049,0.08202451933175325,0.07936069183051586,0.07781222357880324,0.07654466765234247,0.07541851088171825,0.0744102403987199,0.07350759761175141,0.07270218315534294,0.07198797416640446,0.071359844179824,0.07081389502855018,0.07034678588388488,0.0699558961787261,0.0696389488875866,0.0693941552308388,0.0692202290520072,0.06911627732915804,0.06908161472529173,0.06911627732915804,0.0692202290520072,0.0693941552308388,0.0696389488875866,0.0699558961787261,0.07034678588388488,0.07081389502855018,0.071359844179824,0.07198797416640446,0.07270218315534294,0.07350759761175141,0.0744102403987199,0.07541851088171825,0.07654466765234247,0.07781222357880324,0.07936069183051586,0.08202451933175325,0.08333311707247049,0.08600490062963217,0.08552748057991266,0.08372151589719579,0.09203523307223804,0.09337075351504609,0.09529057185864076,0.1003949074074626,0.1026362351840362,0.10205439387937076,0.11947038525249809,0.11424173275008798,0.12294475303497165,0.13690009916899726,0.1326740188524127,0.13721155282109976,0.141849385923706,0.15204384364187717,0.172834426863119,0.17893779883161187,0.21485349209979177,0.2073126018512994,0.24612042546505108,0.2678545934613794,0.38170103216543794,0.4433018956333399,0.531369342468679,0.6933495393022895,1.104525864124298,1.4942595921456814,2.2176117710769176,6.536946251988411
4.497347991913557,5.028184115886688,2.7557945363223553,1.4497854171786457,0.9820243567228317,0.7825159495696425,0.6438065753318369,0.49728065403178334,0.38962939812336117,0.3447534739971161,0.3254182698437944,0.28498072759248316,0.2596977871726267,0.23984043253585696,0.22545765480026603,0.20391791668953374,0.19308723823633045,0.187394653679803,0.18021240510279313,0.1694669729913585,0.16097158659249544,0.1519949810754042,0.1507174379657954,0.14513230515876785,0.13430139934644103,0.13182658765435917,0.12746877392055467,0.1261910428875126,0.11952782643493265,0.11833010450936854,0.11933209860580973,0.11262019273999613,0.10884736116349814,0.10800003568874672,0.10703635722165927,0.10465154582925607,0.10288553770806175,0.1013494536455255,0.09998382815683726,0.09876503513078205,0.09767943769111298,0.0967176770354854,0.09587252275377978,0.09513838155544363,0.09451041479769628,0.09398491834872402,0.09355890887673013,0.09322997486742679,0.09299626588472165,0.09285659647139255,0.09281008690595627,0.09285659647139255,0.09299626588472165,0.09322997486742679,0.09355890887673013,0.09398491834872402,0.09451041479769628,0.09513838155544363,0.09587252275377978,0.0967176770354854,0.09767943769111298,0.09876503513078205,0.09998382815683726,0.1013494536455255,0.10288553770806175,0.10465154582925607,0.10703635722165927,0.10800003568874672,0.10884736116349814,0.11262019273999613,0.11933209860580973,0.11833010450936854,0.11952782643493265,0.1261910428875126,0.12746877392055467,0.13182658765435917,0.13430139934644103,0.14513230515876785,0.1507174379657954,0.1519949810754042,0.16097158659249544,0.1694669729913585,0.18021240510279313,0.187394653679803,0.19308723823633045,0.20391791668953374,0.22545765480026603,0.23984043253585696,0.2596977871726267,0.28498072759248316,0.3254182698437944,0.3447534739971161,0.38962939812336117,0.49728065403178334,0.6438065753318369,0.7825159495696425,0.9820243567228317,1.4497854171786457,2.7557945363223553,5.028184115886688
5.855800000950694,5.005403950810432,2.4146261736750603,0.9982005241326988,1.0622897502034903,0.715191681869328,0.5411726390011609,0.45053840591572225,0.28834035620093346,0.2697168856393546,0.23682604369241744,0.20042532397201285,0.1899381265975535,0.15934493084205315,0.15007387730292976,0.15860115666873753,0.14490232325624675,0.13224229542538524,0.13726723054423928,0.11056088819168508,0.1136785302660428,0.11191378365037963,0.10359771561343223,0.10103252425324172,0.09640614443924278,0.0917678028345108,0.09242910088505596,0.0875889866729267,0.08323403971735388,0.08523929709917866,0.08175967040006071,0.07933815948490519,0.07983147367485799,0.07464467006502673,0.07383923421730287,0.07290740454482147,0.07187808910384774,0.07090529884953867,0.07001068497629603,0.06919848458710476,0.06846696032516775,0.06781462046637898,0.067238669776998,0.06673642131136148,0.06630571412097197,0.06594452898571035,0.06565143006810104,0.06542486820399063,0.0652636947852443,0.06516736276171287,0.06513527780771255,0.06516736276171287,0.0652636947852443,0.06542486820399063,0.06565143006810104,0.06594452898571035,0.06630571412097197,0.06673642131136148,0.067238669776998,0.06781462046637898,0.06846696032516775,0.06919848458710476,0.07001068497629603,0.07090529884953867,0.07187808910384774,0.07290740454482147,0.07383923421730287,0.07464467006502673,0.07983147367485799,0.07933815948490519,0.08175967040006071,0.08523929709917866,0.08323403971735388,0.0875889866729267,0.09242910088505596,0.0917678028345108,0.09640614443924278,0.10103252425324172,0.10359771561343223,0.11191378365037963,0.1136785302660428,0.11056088819168508,0.13726723054423928,0.13224229542538524,0.14490232325624675,0.15860115666873753,0.15007387730292976,0.15934493084205315,0.1899381265975535,0.20042532397201285,0.23682604369241744,0.2697168856393546,0.28834035620093346,0.45053840591572225,0.5411726390011609,0.715191681869328,1.0622897502034903,0.9982005241326988,2.4146261736750603,5.005403950810432
2.5650622393004596,5.6886506378650665,1.9765179231762886,1.368669144809246,0.7278876076452434,0.7490244414657354,0.4671951960772276,0.4275316307321191,0.32355818385258317,0.2812573369592428,0.2410589933861047,0.21348876762203872,0.1979343898128718,0.18524623929988593,0.16933889943175018,0.15669507044367492,0.1483983729267493,0.14193125895690173,0.13469345914199948,0.13464542548172176,0.11723615560913458,0.1151709288242273,0.1151571188820526,0.10782890190603212,0.1043839347694302,0.10061394373769872,0.09757174918195233,0.09426183393225074,0.09249309597362299,0.08743272726133,0.08513174601830542,0.08419846447941381,0.08253935494576581,0.08244034182280302,0.07926151328138076,0.07831956719746813,0.0772001349250786,0.07614865284995176,0.07518532100948505,0.07431208083289675,0.07352678035385907,0.07282664623926394,0.07220864936243743,0.0716698449687101,0.07120803391444497,0.07082081466796808,0.07050647426513024,0.07026348757790402,0.07009073655353859,0.06998738431138918,0.06995302392169833,0.06998738431138918,0.07009073655353859,0.07026348757790402,0.07050647426513024,0.07082081466796808,0.07120803391444497,0.0716698449687101,0.07220864936243743,0.07282664623926394,0.07352678035385907,0.07431208083289675,0.07518532100948505,0.07614865284995176,0.0772001349250786,0.07831956719746813,0.07926151328138076,0.08244034182280302,0.08253935494576581,0.08419846447941381,0.08513174601830542,0.08743272726133,0.09249309597362299,0.09426183393225074,0.09757174918195233,0.10061394373769872,0.1043839347694302,0.10782890190603212,0.1151571188820526,0.1151709288242273,0.11723615560913458,0.13464542548172176,0.13469345914199948,0.14193125895690173,0.1483983729267493,0.15669507044367492,0.16933889943175018,0.18524623929988593,0.1979343898128718,0.21348876762203872,0.2410589933861047,0.2812573369592428,0.32355818385258317,0.4275316307321191,0.4671951960772276,0.7490244414657354,0.7278876076452434,1.368669144809246,1.9765179231762886,5.6886506378650665
3.836996618658304,4.180058971047401,1.7940571680665016,0.9300471507012844,0.6697690077126026,0.5095781129784882,0.37502121459692717,0.39337087515741587,0.26345473527908325,0.20995949406642467,0.19310279109049588,0.17288957160781138,0.15593876177445054,0.14568999723996967,0.13510201207827777,0.12259406293742359,0.12146511138416827,0.11512404441600665,0.10476285198819824,0.10049102286575362,0.09849304717499763,0.09300112933851779,0.09006319040781818,0.08436352468561381,0.08247357257641852,0.08194087771698833,0.07600580909638666,0.07607524294871837,0.07502114970702678,0.07335679173411336,0.07146598841063678,0.06764729769201949,0.06739004037808627,0.06605651427526027,0.06500489993777592,0.06372652258141898,0.06270514224888757,0.06179743946995586,0.060982438444625586,0.0602514639031142,0.05959791739587672,0.05901790389907546,0.058507335401372984,0.0580633540666895,0.057683224775246345,0.057364910215255804,0.057106837557512335,0.056907418329501525,0.0567657212523045,0.05668104479264002,0.05665284022688866,0.05668104479264002,0.0567657212523045,0.056907418329501525,0.057106837557512335,0.057364910215255804,0.057683224775246345,0.0580633540666895,0.058507335401372984,0.05901790389907546,0.05959791739587672,0.0602514639031142,0.060982438444625586,0.06179743946995586,0.06270514224888757,0.06372652258141898,0.06500489993777592,0.06605651427526027,0.06739004037808627,0.06764729769201949,0.07146598841063678,0.07335679173411336,0.07502114970702678,0.07607524294871837,0.07600580909638666,0.08194087771698833,0.08247357257641852,0.08436352468561381,0.09006319040781818,0.09300112933851779,0.09849304717499763,0.10049102286575362,0.10476285198819824,0.11512404441600665,0.12146511138416827,0.12259406293742359,0.13510201207827777,0.14568999723996967,0.15593876177445054,0.17288957160781138,0.19310279109049588,0.20995949406642467,0.26345473527908325,0.39337087515741587,0.37502121459692717,0.5095781129784882,0.6697690077126026,0.9300471507012844,1.7940571680665016,4.180058971047401
4.431616086512804,4.854581870138645,1.8591094687581062,0.7552259024232626,0.6070571523159742,0.45245655003236607,0.3660640185698867,0.3124704484362155,0.26664392184466124,0.219044845784083,0.20793065475299954,0.18419096362777054,0.16979112173430622,0.15400840778602287,0.1412625666707754,0.1344988199416548,0.12697099737124518,0.11820640783116687,0.11352534909383394,0.10784035371034406,0.10400237279827707,0.09898703169892542,0.09450393752922537,0.0909422937547788,0.08831884751270991,0.08573322795564309,0.0832985005545197,0.08101249928586185,0.07775268200202845,0.07634290339774452,0.07484948370256461,0.0727778005602886,0.07121493126032874,0.07050833733228501,0.068496416657581,0.06746813909558114,0.06646287493640557,0.0655380729585886,0.0646967507636873,0.06393689628748689,0.06325502847903408,0.062648038379848,0.06211291755607817,0.061646785063203424,0.06124747186549939,0.060912837740033865,0.060641202217084356,0.06043135540676303,0.06028215012338478,0.06019298522733152,0.06016327440738678,0.06019298522733152,0.06028215012338478,0.06043135540676303,0.060641202217084356,0.060912837740033865,0.06124747186549939,0.061646785063203424,0.06211291755607817,0.062648038379848,0.06325502847903408,0.06393689628748689,0.0646967507636873,0.0655380729585886,0.06646287493640557,0.06746813909558114,0.068496416657581,0.07050833733228501,0.07121493126032874,0.0727778005602886,0.07484948370256461,0.07634290339774452,0.07775268200202845,0.08101249928586185,0.0832985005545197,0.08573322795564309,0.08831884751270991,0.0909422937547788,0.09450393752922537,0.09898703169892542,0.10400237279827707,0.10784035371034406,0.11352534909383394,0.11820640783116687,0.12697099737124518,0.1344988199416548,0.1412625666707754,0.15400840778602287,0.16979112173430622,0.18419096362777054,0.20793065475299954,0.219044845784083,0.26664392184466124,0.3124704484362155,0.3660640185698867,0.45245655003236607,0.6070571523159742,0.7552259024232626,1.8591094687581062,4.854581870138645
2.9654194628819823,4.1309517323970795,1.2617510529235005,0.7121487567201257,0.5078756988514215,0.390214083250612,0.2893319916911423,0.247957865241915,0.19888945575803518,0.17647858709096909,0.15236707421718165,0.13170499401167035,0.12405285268323496,0.11853547522332519,0.10658551575033925,0.09900740085868165,0.0941553551965626,0.08723440210451372,0.08623942011035979,0.08076828776393086,0.07617671370098833,0.07417182149947621,0.07121016088785836,0.06661110630375333,0.06542509619612247,0.06290019312291406,0.06212622486054897,0.06022905235295184,0.057501969204167835,0.056715881306445226,0.055802819682867266,0.05417364873574115,0.05362209943996277,0.05297536046782625,0.051273501754621975,0.050477388183935545,0.04970833305560518,0.049007941350282636,0.04837414764187997,0.047803371140616946,0.047292379051214084,0.0468378117584507,0.04643744594795862,0.04608897401340073,0.0457904604554642,0.04554039955110056,0.0453375678989687,0.0451808256257209,0.04506940449937247,0.04500278196064755,0.04498056974261999,0.04500278196064755,0.04506940449937247,0.0451808256257209,0.0453375678989687,0.04554039955110056,0.0457904604554642,0.04608897401340073,0.04643744594795862,0.0468378117584507,0.047292379051214084,0.047803371140616946,0.04837414764187997,0.049007941350282636,0.04970833305560518,0.050477388183935545,0.051273501754621975,0.05297536046782625,0.05362209943996277,0.05417364873574115,0.055802819682867266,0.056715881306445226,0.057501969204167835,0.06022905235295184,0.06212622486054897,0.06290019312291406,0.06542509619612247,0.06661110630375333,0.07121016088785836,0.07417182149947621,0.07617671370098833,0.08076828776393086,0.08623942011035979,0.08723440210451372,0.0941553551965626,0.09900740085868165,0.10658551575033925,0.11853547522332519,0.12405285268323496,0.13170499401167035,0.15236707421718165,0.17647858709096909,0.19888945575803518,0.247957865241915,0.2893319916911423,0.390214083250612,0.5078756988514215,0.7121487567201257,1.2617510529235005,4.1309517323970795
3.0868938136845827,3.4223306328058243,1.1032636165618896,0.5816548662260175,0.5031809080392122,0.39235808700323105,0.2699864194728434,0.22792543738614768,0.14788643701467663,0.11909872095566243,0.1131179976509884,0.10469027463113889,0.10307814728002995,0.07997940573841333,0.08554956142324954,0.07281842709926423,0.07298737234668806,0.06613411859143525,0.06641454505734146,0.06358330207876861,0.06443068175576627,0.05949198064627126,0.0540542263770476,0.05015153564454522,0.04476527502993122,0.045060874486807734,0.043751665798481554,0.04537539297598414,0.041936055407859385,0.04241876558808144,0.04093329593888484,0.03858738756389357,0.03792366466950625,0.037900275143329054,0.03678789237164892,0.03622178587829694,0.03566862748994026,0.03516200180456508,0.034701899276115,0.03428667350090109,0.0339143872843124,0.03358303116692696,0.033291183281107806,0.03303682981641032,0.03281930943194311,0.032636847769026645,0.032488876808201894,0.032374548056395724,0.032293307813233696,0.032244715170236304,0.03222845587879419,0.032244715170236304,0.032293307813233696,0.032374548056395724,0.032488876808201894,0.032636847769026645,0.03281930943194311,0.03303682981641032,0.033291183281107806,0.03358303116692696,0.0339143872843124,0.03428667350090109,0.034701899276115,0.03516200180456508,0.03566862748994026,0.03622178587829694,0.03678789237164892,0.037900275143329054,0.03792366466950625,0.03858738756389357,0.04093329593888484,0.04241876558808144,0.041936055407859385,0.04537539297598414,0.043751665798481554,0.045060874486807734,0.04476527502993122,0.05015153564454522,0.0540542263770476,0.05949198064627126,0.06443068175576627,0.06358330207876861,0.06641454505734146,0.06613411859143525,0.07298737234668806,0.07281842709926423,0.08554956142324954,0.07997940573841333,0.10307814728002995,0.10469027463113889,0.1131179976509884,0.11909872095566243,0.14788643701467663,0.22792543738614768,0.2699864194728434,0.39235808700323105,0.5031809080392122,0.5816548662260175,1.1032636165618896,3.4223306328058243
3.672744046896696,6.227856442332268,2.8294521048665047,1.46049808524549,1.4286600584164262,1.4033240424469113,0.6887544188648462,0.9306758744642138,0.3665418243035674,0.3204030063934624,0.2825649892911315,0.2541779666207731,0.23617756133899093,0.19974216725677252,0.1781121555250138,0.180978424847126,0.18782386486418545,0.16422697133384645,0.16412217798642814,0.13053520512767136,0.11470192414708436,0.10796380834653974,0.10476569551974535,0.11111510521732271,0.1028316451702267,0.09578779118601233,0.09255312802270055,0.08980088611133397,0.08839795886888169,0.07745237491326407,0.08684798760805279,0.07757378090173006,0.07702204803354107,0.0735981336038094,0.07550697040278465,0.07297721703071147,0.07151071104453877,0.07030838675564155,0.0692686457769014,0.06835548020899296,0.06755026144674048,0.06684215395944193,0.06622291647363454,0.06568734272150323,0.06523050274699926,0.06484926957637072,0.06454063364071772,0.06430271005956456,0.06413380318554118,0.06403278937796131,0.06399932689964771,0.06403278937796131,0.06413380318554118,0.06430271005956456,0.06454063364071772,0.06484926957637072,0.06523050274699926,0.06568734272150323,0.06622291647363454,0.06684215395944193,0.06755026144674048,0.06835548020899296,0.0692686457769014,0.07030838675564155,0.07151071104453877,0.07297721703071147,0.07550697040278465,0.0735981336038094,0.07702204803354107,0.07757378090173006,0.08684798760805279,0.07745237491326407,0.08839795886888169,0.08980088611133397,0.09255312802270055,0.09578779118601233,0.1028316451702267,0.11111510521732271,0.10476569551974535,0.10796380834653974,0.11470192414708436,0.13053520512767136,0.16412217798642814,0.16422697133384645,0.18782386486418545,0.180978424847126,0.1781121555250138,0.19974216725677252,0.23617756133899093,0.2541779666207731,0.2825649892911315,0.3204030063934624,0.3665418243035674,0.9306758744642138,0.6887544188648462,1.4033240424469113,1.4286600584164262,1.46049808524549,2.8294521048665047,6.227856442332268
2.2998732291162014,10.01809597760439,4.431875668466091,2.225692495703697,1.6666469313204288,1.5846356712281704,1.0161477588117123,0.9022317864000797,0.5172157837077975,0.40878479555249214,0.33428614074364305,0.2706446233205497,0.22542257700115442,0.1764492562506348,0.17214901058468968,0.1753581427037716,0.15533243399113417,0.14475301129277796,0.14097745751496404,0.1395438110921532,0.12578909867443144,0.10399502445943654,0.11169669788796455,0.11520068300887942,0.10656025889329612,0.09380616946145892,0.08519814035389572,0.08747619419591501,0.09103619135566987,0.07838150655152276,0.07775210152612999,0.07051035907352343,0.07073009060695767,0.07688710873480886,0.07073801488149911,0.06804562616162002,0.06662820855854079,0.06549735146109015,0.06452503276523203,0.06367164675612003,0.06291899690404534,0.06225663179066032,0.06167683703824878,0.06117508898023516,0.060746775299776345,0.06038923218147829,0.060099703434389085,0.05987644230481237,0.05971800268162042,0.05962333979550749,0.059591707307845354,0.05962333979550749,0.05971800268162042,0.05987644230481237,0.060099703434389085,0.06038923218147829,0.060746775299776345,0.06117508898023516,0.06167683703824878,0.06225663179066032,0.06291899690404534,0.06367164675612003,0.06452503276523203,0.06549735146109015,0.06662820855854079,0.06804562616162002,0.07073801488149911,0.07688710873480886,0.07073009060695767,0.07051035907352343,0.07775210152612999,0.07838150655152276,0.09103619135566987,0.08747619419591501,0.08519814035389572,0.09380616946145892,0.10656025889329612,0.11520068300887942,0.11169669788796455,0.10399502445943654,0.12578909867443144,0.1395438110921532,0.14097745751496404,0.14475301129277796,0.15533243399113417,0.1753581427037716,0.17214901058468968,0.1764492562506348,0.22542257700115442,0.2706446233205497,0.33428614074364305,0.40878479555249214,0.5172157837077975,0.9022317864000797,1.0161477588117123,1.5846356712281704,1.6666469313204288,2.225692495703697,4.431875668466091,10.01809597760439
5.3958077328279614,10.841144442558289,3.655705288052559,2.1970881447196007,1.7431037686765194,1.349085045978427,0.9064204022288322,0.9250891474075615,0.6763566294685006,0.4587468490935862,0.4374868921004236,0.37166279135271907,0.3538650767877698,0.31717945309355855,0.27932461770251393,0.2758523232769221,0.23441865859786049,0.23705264343880117,0.21531280782073736,0.21226012287661433,0.19387664936948568,0.18728001089766622,0.1891811122186482,0.17268410930410028,0.1621550420532003,0.1632872864138335,0.1529395519173704,0.14518548353225924,0.14755141764180735,0.14863766531925648,0.1378007223829627,0.13708538422361016,0.13251454755663872,0.12975513003766537,0.12804839582531713,0.1248598062666133,0.12270429939962924,0.1208408456586767,0.11918461468303576,0.1177065286465222,0.11638958535331767,0.11522311570297461,0.11419810017105192,0.11330771604843903,0.11254647582245525,0.1119094959431095,0.1113931069849059,0.11099450406618416,0.11071125087619293,0.1105420592793962,0.11048563662916422,0.1105420592793962,0.11071125087619293,0.11099450406618416,0.1113931069849059,0.1119094959431095,0.11254647582245525,0.11330771604843903,0.11419810017105192,0.11522311570297461,0.11638958535331767,0.1177065286465222,0.11918461468303576,0.1208408456586767,0.12270429939962924,0.1248598062666133,0.12804839582531713,0.12975513003766537,0.13251454755663872,0.13708538422361016,0.1378007223829627,0.14863766531925648,0.14755141764180735,0.14518548353225924,0.1529395519173704,0.1632872864138335,0.1621550420532003,0.17268410930410028,0.1891811122186482,0.18728001089766622,0.19387664936948568,0.21226012287661433,0.21531280782073736,0.23705264343880117,0.23441865859786049,0.2758523232769221,0.27932461770251393,0.31717945309355855,0.3538650767877698,0.37166279135271907,0.4374868921004236,0.4587468490935862,0.6763566294685006,0.9250891474075615,0.9064204022288322,1.349085045978427,1.7431037686765194,2.1970881447196007,3.655705288052559,10.841144442558289
5.361348330974579,7.5954185500741005,3.6605106368660927,1.550453232601285,1.4934352338314056,0.7978211101144552,0.7862013839185238,0.7044985359534621,0.4625573456287384,0.41006927378475666,0.2990659459028393,0.27064445964060724,0.2530867028981447,0.22706116817425936,0.20379272743593901,0.19579938740935177,0.17501977761276066,0.1656368011081213,0.15334626636467874,0.16707678535021842,0.15364238317124546,0.14417766325641423,0.1331292538670823,0.12544218089897186,0.11921438731951639,0.11843146671890281,0.11314375067013316,0.1168249256152194,0.11068741569761187,0.10352186823729426,0.1057991557609057,0.103532875305973,0.10116331541212276,0.09780432123807259,0.09500115780974738,0.09364860388450325,0.0922116337751504,0.09088805719511583,0.0896870503493119,0.0886053437134251,0.0876368664612528,0.08677622640971094,0.08601847596582957,0.08535935572581366,0.08479501871624961,0.08432252751663327,0.08393938120570965,0.0836434118100442,0.0834330903890077,0.08330733666662127,0.08326541725546122,0.08330733666662127,0.0834330903890077,0.0836434118100442,0.08393938120570965,0.08432252751663327,0.08479501871624961,0.08535935572581366,0.08601847596582957,0.08677622640971094,0.0876368664612528,0.0886053437134251,0.0896870503493119,0.09088805719511583,0.0922116337751504,0.09364860388450325,0.09500115780974738,0.09780432123807259,0.10116331541212276,0.103532875305973,0.1057991557609057,0.10352186823729426,0.11068741569761187,0.1168249256152194,0.11314375067013316,0.11843146671890281,0.11921438731951639,0.12544218089897186,0.1331292538670823,0.14417766325641423,0.15364238317124546,0.16707678535021842,0.15334626636467874,0.1656368011081213,0.17501977761276066,0.19579938740935177,0.20379272743593901,0.22706116817425936,0.2530867028981447,0.27064445964060724,0.2990659459028393,0.41006927378475666,0.4625573456287384,0.7044985359534621,0.7862013839185238,0.7978211101144552,1.4934352338314056,1.550453232601285,3.6605106368660927,7.5954185500741005
2.9505045413970947,8.202043145895004,2.51353507488966,2.002376511693001,1.2860397230833769,0.8492129500955343,0.7530532284872606,0.6111400630325079,0.48005930008366704,0.3671515388414264,0.3362939478829503,0.2714111946988851,0.2658414577599615,0.222131357062608,0.2158133740304038,0.19768475997261703,0.20612481981515884,0.18284395639784634,0.17024852510076016,0.18225626298226416,0.16521312994882464,0.14603023836389184,0.14422298478893936,0.14548032823950052,0.13635358453029767,0.13130037940572947,0.12853675457881764,0.1281055813888088,0.1221705186762847,0.12134972109925002,0.11648548417724669,0.11368839378701523,0.11267306574154645,0.10933223768370226,0.10654384960071184,0.10458122726413421,0.1029035896062851,0.1013968986517284,0.10004087560810149,0.09882347827078775,0.09773609682451934,0.09677086072042584,0.09592164499917999,0.09518351822043769,0.09455179626820609,0.0940232431748882,0.09359456528909504,0.0932636477809865,0.09302840573946014,0.09288781060604379,0.09284103661775589,0.09288781060604379,0.09302840573946014,0.0932636477809865,0.09359456528909504,0.0940232431748882,0.09455179626820609,0.09518351822043769,0.09592164499917999,0.09677086072042584,0.09773609682451934,0.09882347827078775,0.10004087560810149,0.1013968986517284,0.1029035896062851,0.10458122726413421,0.10654384960071184,0.10933223768370226,0.11267306574154645,0.11368839378701523,0.11648548417724669,0.12134972109925002,0.1221705186762847,0.1281055813888088,0.12853675457881764,0.13130037940572947,0.13635358453029767,0.14548032823950052,0.14422298478893936,0.14603023836389184,0.16521312994882464,0.18225626298226416,0.17024852510076016,0.18284395639784634,0.20612481981515884,0.19768475997261703,0.2158133740304038,0.222131357062608,0.2658414577599615,0.2714111946988851,0.3362939478829503,0.3671515388414264,0.48005930008366704,0.6111400630325079,0.7530532284872606,0.8492129500955343,1.2860397230833769,2.002376511693001,2.51353507488966,8.202043145895004
4.35039621219039,4.827102622017264,3.013035796582699,1.475931728258729,1.0176410116255283,0.8031358448788524,0.7341228630393744,0.5538783692754805,0.4396692430600524,0.35412106290459633,0.3094451781362295,0.2832576259970665,0.23911311829579063,0.23070425796322525,0.21605263056699187,0.20310077804606408,0.18827917764429003,0.1793729942291975,0.16497247386723757,0.16921196080511436,0.15691772452555597,0.15324580180458724,0.14435965428128839,0.13879296137019992,0.12842451449250802,0.1293582713115029,0.12388265639310703,0.12150737436604686,0.11740378523245454,0.11576753476401791,0.11153685030876659,0.11084649560507387,0.1055359136662446,0.10434956045355648,0.10313973703887314,0.10089751845225692,0.0992253766162321,0.09775626077316701,0.09644275601021945,0.09526688640471548,0.09421737235970795,0.09328634085250087,0.09246768490993418,0.09175584928016178,0.09114700116333552,0.09063717714161612,0.0902238929993473,0.08990471152355894,0.08967789466260001,0.08954227657523006,0.08949716575443745,0.08954227657523006,0.08967789466260001,0.08990471152355894,0.0902238929993473,0.09063717714161612,0.09114700116333552,0.09175584928016178,0.09246768490993418,0.09328634085250087,0.09421737235970795,0.09526688640471548,0.09644275601021945,0.09775626077316701,0.0992253766162321,0.10089751845225692,0.10313973703887314,0.10434956045355648,0.1055359136662446,0.11084649560507387,0.11153685030876659,0.11576753476401791,0.11740378523245454,0.12150737436604686,0.12388265639310703,0.1293582713115029,0.12842451449250802,0.13879296137019992,0.14435965428128839,0.15324580180458724,0.15691772452555597,0.16921196080511436,0.16497247386723757,0.1793729942291975,0.18827917764429003,0.20310077804606408,0.21605263056699187,0.23070425796322525,0.23911311829579063,0.2832576259970665,0.3094451781362295,0.35412106290459633,0.4396692430600524,0.5538783692754805,0.7341228630393744,0.8031358448788524,1.0176410116255283,1.475931728258729,3.013035796582699,4.827102622017264
3.38153955899179,5.660363521426916,2.1778539791703224,1.1721416199579835,1.0469718324020505,0.9164984291419387,0.7759976480156183,0.466357896104455,0.3433998004766181,0.26021610968746245,0.16612884169444442,0.16816188534721732,0.15871052304282784,0.12266701110638678,0.12703877117019147,0.11109429592033848,0.12292811856605113,0.10961561987642199,0.0965063808253035,0.09909360273741186,0.08249216902186163,0.07572281727334484,0.07924620492849499,0.07329107500845566,0.07360103861719836,0.07289839745499194,0.06708655031980015,0.06030196820211131,0.0537091544829309,0.052920468646334484,0.05548489582724869,0.05393358477158472,0.05232892296044156,0.047409102677193005,0.04502571391640231,0.04427875794499414,0.043594616843620315,0.04298269360879203,0.04243047667841893,0.04193252604454756,0.041485858062515035,0.041087653327849694,0.04073632120707771,0.04042998394652386,0.04016732565287384,0.0399470163974911,0.03976816709473496,0.03962983347810223,0.039531491118395934,0.039472713324357755,0.039453123696148396,0.039472713324357755,0.039531491118395934,0.03962983347810223,0.03976816709473496,0.0399470163974911,0.04016732565287384,0.04042998394652386,0.04073632120707771,0.041087653327849694,0.041485858062515035,0.04193252604454756,0.04243047667841893,0.04298269360879203,0.043594616843620315,0.04427875794499414,0.04502571391640231,0.047409102677193005,0.05232892296044156,0.05393358477158472,0.05548489582724869,0.052920468646334484,0.0537091544829309,0.06030196820211131,0.06708655031980015,0.07289839745499194,0.07360103861719836,0.07329107500845566,0.07924620492849499,0.07572281727334484,0.08249216902186163,0.09909360273741186,0.0965063808253035,0.10961561987642199,0.12292811856605113,0.11109429592033848,0.12703877117019147,0.12266701110638678,0.15871052304282784,0.16816188534721732,0.16612884169444442,0.26021610968746245,0.3433998004766181,0.466357896104455,0.7759976480156183,0.9164984291419387,1.0469718324020505,1.1721416199579835,2.1778539791703224,5.660363521426916
4.124805603176355,4.959150675684214,4.345074966549873,2.600811205804348,2.152423973660916,1.7082674764096737,1.7893328107893467,0.9004526287317276,0.7210812568664551,0.4686840861104429,0.36356528475880623,0.2605993594042957,0.2645969931036234,0.22532015736214817,0.24716880958294496,0.1673845024779439,0.14195167436264455,0.17033542040735483,0.15788428962696344,0.14587613625917584,0.12904482299927622,0.1365731474943459,0.12648342770989984,0.1176667904946953,0.10686723125400022,0.11720976559445262,0.08427766198292375,0.08744836843106896,0.09758371452335268,0.0765370754088508,0.08838531543733552,0.08603751484770328,0.08422668953426182,0.07718701698468067,0.07407626176427584,0.07277633709600195,0.071666220552288,0.0706392020219937,0.06970578673644923,0.06886478074011393,0.06811198906507343,0.06744294156669639,0.06685425902833231,0.06634213824872859,0.06590392699581571,0.06553691151202656,0.06523931075935252,0.0650094919546973,0.0648461818927899,0.06474853790132329,0.06471599545329809,0.06474853790132329,0.0648461818927899,0.0650094919546973,0.06523931075935252,0.06553691151202656,0.06590392699581571,0.06634213824872859,0.06685425902833231,0.06744294156669639,0.06811198906507343,0.06886478074011393,0.06970578673644923,0.0706392020219937,0.071666220552288,0.07277633709600195,0.07407626176427584,0.07718701698468067,0.08422668953426182,0.08603751484770328,0.08838531543733552,0.0765370754088508,0.09758371452335268,0.08744836843106896,0.08427766198292375,0.11720976559445262,0.10686723125400022,0.1176667904946953,0.12648342770989984,0.1365731474943459,0.12904482299927622,0.14587613625917584,0.15788428962696344,0.17033542040735483,0.14195167436264455,0.1673845024779439,0.24716880958294496,0.22532015736214817,0.2645969931036234,0.2605993594042957,0.36356528475880623,0.4686840861104429,0.7210812568664551,0.9004526287317276,1.7893328107893467,1.7082674764096737,2.152423973660916,2.600811205804348,4.345074966549873,4.959150675684214
6.2601748406887054,6.113817401230335,3.5679434277117252,2.4958705082535744,1.4999596513807774,1.6031193612143397,1.1462025418877602,0.9789658579975367,0.6502111852169037,0.35108506865799427,0.19121035584248602,0.2989809054415673,0.22287137247622013,0.15783535572700202,0.20066422992385924,0.14267927361652255,0.14893889729864895,0.12330976931843907,0.10280080744996667,0.11869256166392006,0.0976249931845814,0.10611839289776981,0.0990792076481739,0.08983690076274797,0.07524326641578227,0.07673991558840498,0.0751533865404781,0.06722001935122535,0.06791928653547075,0.065048337506596,0.0662517145392485,0.06871660810429603,0.05684300675056875,0.06384873512433842,0.052769517729757354,0.05217881815042347,0.05144081305479631,0.050719743652734905,0.05005201438325457,0.04944437294034287,0.04889733575691935,0.04840920497372281,0.04797792046156246,0.04760190926754149,0.04727871665818384,0.047007284258143045,0.04678652992879506,0.046615301034762524,0.04649317395160324,0.046419807033089455,0.04639540985226631,0.046419807033089455,0.04649317395160324,0.046615301034762524,0.04678652992879506,0.047007284258143045,0.04727871665818384,0.04760190926754149,0.04797792046156246,0.04840920497372281,0.04889733575691935,0.04944437294034287,0.05005201438325457,0.050719743652734905,0.05144081305479631,0.05217881815042347,0.052769517729757354,0.06384873512433842,0.05684300675056875,0.06871660810429603,0.0662517145392485,0.065048337506596,0.06791928653547075,0.06722001935122535,0.0751533865404781,0.07673991558840498,0.07524326641578227,0.08983690076274797,0.0990792076481739,0.10611839289776981,0.0976249931845814,0.11869256166392006,0.10280080744996667,0.12330976931843907,0.14893889729864895,0.14267927361652255,0.20066422992385924,0.15783535572700202,0.22287137247622013,0.2989809054415673,0.19121035584248602,0.35108506865799427,0.6502111852169037,0.9789658579975367,1.1462025418877602,1.6031193612143397,1.4999596513807774,2.4958705082535744,3.5679434277117252,6.113817401230335
3.632742926478386,6.417090320959687,3.4161908105015755,2.262951109558344,1.4919401556253433,1.4997623339295387,1.0390490246936679,0.829045757651329,0.6184211866930127,0.48711623693816364,0.4144855886697769,0.3232091632671654,0.29216674680355936,0.25681159063242376,0.2928714514710009,0.24882614333182573,0.2503658134955913,0.2150461997371167,0.20192063902504742,0.20157940173521638,0.18101664015557617,0.18141176260542125,0.17066541110398248,0.1561068301089108,0.15443426731508225,0.1537686752853915,0.14531138248275965,0.14194527379004285,0.1363851868081838,0.1331407260731794,0.12600286572705954,0.11920473779900931,0.12041091412538663,0.1190253173263045,0.11572488205274567,0.11411995823436882,0.11241169065760914,0.11084070128708845,0.10941218915831996,0.10812179129425203,0.106963182646723,0.10593136028910521,0.10502106690546498,0.10422795977501664,0.1035481860562868,0.10297829489354626,0.1025156978830637,0.10215817888820311,0.10190397087717429,0.10175203441394842,0.10170137416571379,0.10175203441394842,0.10190397087717429,0.10215817888820311,0.1025156978830637,0.10297829489354626,0.1035481860562868,0.10422795977501664,0.10502106690546498,0.10593136028910521,0.106963182646723,0.10812179129425203,0.10941218915831996,0.11084070128708845,0.11241169065760914,0.11411995823436882,0.11572488205274567,0.1190253173263045,0.12041091412538663,0.11920473779900931,0.12600286572705954,0.1331407260731794,0.1363851868081838,0.14194527379004285,0.14531138248275965,0.1537686752853915,0.15443426731508225,0.1561068301089108,0.17066541110398248,0.18141176260542125,0.18101664015557617,0.20157940173521638,0.20192063902504742,0.2150461997371167,0.2503658134955913,0.24882614333182573,0.2928714514710009,0.25681159063242376,0.29216674680355936,0.3232091632671654,0.4144855886697769,0.48711623693816364,0.6184211866930127,0.829045757651329,1.0390490246936679,1.4997623339295387,1.4919401556253433,2.262951109558344,3.4161908105015755,6.417090320959687
4.938017509877682,7.036857634782791,3.0117936059832573,1.3684986783191562,1.0253307279199362,0.9157928675413132,0.7418988007120788,0.47559824865311384,0.2881996054202318,0.3078824826516211,0.2676334884017706,0.15885080234147608,0.15317538985982537,0.1455137049779296,0.12949967483291402,0.12789350666571409,0.1037101240362972,0.10265231726225466,0.09676184720592573,0.0958047992317006,0.08495650277473032,0.08862829743884504,0.07073629528167658,0.07886783307185397,0.07078229961916804,0.06503099401015788,0.06481809460092336,0.06295316515024751,0.061540888040326536,0.06042520474875346,0.057410706649534404,0.0551791207108181,0.05615756055340171,0.05127785337390378,0.04897348787926603,0.04800718498881906,0.04722160001983866,0.046514350455254316,0.04587722700671293,0.04530543781584129,0.044794943270972,0.04434186188154854,0.0439436778833624,0.04359737582853995,0.04330136993667111,0.04305358280544169,0.042852650629356503,0.042697571887401864,0.04258737055351958,0.04252148847444914,0.04249956551939249,0.04252148847444914,0.04258737055351958,0.042697571887401864,0.042852650629356503,0.04305358280544169,0.04330136993667111,0.04359737582853995,0.0439436778833624,0.04434186188154854,0.044794943270972,0.04530543781584129,0.04587722700671293,0.046514350455254316,0.04722160001983866,0.04800718498881906,0.04897348787926603,0.05127785337390378,0.05615756055340171,0.0551791207108181,0.057410706649534404,0.06042520474875346,0.061540888040326536,0.06295316515024751,0.06481809460092336,0.06503099401015788,0.07078229961916804,0.07886783307185397,0.07073629528167658,0.08862829743884504,0.08495650277473032,0.0958047992317006,0.09676184720592573,0.10265231726225466,0.1037101240362972,0.12789350666571409,0.12949967483291402,0.1455137049779296,0.15317538985982537,0.15885080234147608,0.2676334884017706,0.3078824826516211,0.2881996054202318,0.47559824865311384,0.7418988007120788,0.9157928675413132,1.0253307279199362,1.3684986783191562,3.0117936059832573,7.036857634782791
4.399270843714476,5.542497970163822,4.366094373166561,2.4370747730135918,1.4916131542995572,1.3397227227687836,1.3309450610540807,0.5698833856731653,0.5596725435461849,0.4634073301567696,0.38755047554150224,0.35974719980731606,0.28752202494069934,0.2798471004352905,0.2625494410749525,0.2425224978942424,0.22341882775072008,0.21937420475296676,0.20876549778040498,0.20410914323292673,0.1893635616870597,0.1752242316797492,0.16828454344067723,0.1693451345199719,0.16665313125122339,0.15348411491140723,0.1496519053762313,0.14406968487310223,0.1448618141876068,0.14329043042380363,0.13568676117574796,0.13185053778579459,0.13196917716413736,0.12580247002188116,0.12560234128613956,0.12233999269665219,0.12026419755420648,0.11848895718867425,0.11691449080535676,0.11550884529424366,0.11425546190002933,0.1131437042640755,0.11216585815418512,0.11131551975267939,0.11058786480862182,0.10997876670444384,0.10948455077596009,0.10910290971514769,0.10883163994003553,0.10866943260771222,0.10861552506685257,0.10866943260771222,0.10883163994003553,0.10910290971514769,0.10948455077596009,0.10997876670444384,0.11058786480862182,0.11131551975267939,0.11216585815418512,0.1131437042640755,0.11425546190002933,0.11550884529424366,0.11691449080535676,0.11848895718867425,0.12026419755420648,0.12233999269665219,0.12560234128613956,0.12580247002188116,0.13196917716413736,0.13185053778579459,0.13568676117574796,0.14329043042380363,0.1448618141876068,0.14406968487310223,0.1496519053762313,0.15348411491140723,0.16665313125122339,0.1693451345199719,0.16828454344067723,0.1752242316797492,0.1893635616870597,0.20410914323292673,0.20876549778040498,0.21937420475296676,0.22341882775072008,0.2425224978942424,0.2625494410749525,0.2798471004352905,0.28752202494069934,0.35974719980731606,0.38755047554150224,0.4634073301567696,0.5596725435461849,0.5698833856731653,1.3309450610540807,1.3397227227687836,1.4916131542995572,2.4370747730135918,4.366094373166561,5.542497970163822
4.026829412439838,6.74524088203907,3.748331405222416,1.5758171882480383,1.4059394467622042,0.693206355907023,0.6568277152255177,0.5305269500240684,0.3649265985004604,0.3180127127561718,0.2921631154604256,0.22701946692541242,0.21447029616683722,0.18668020248878747,0.1763488652650267,0.1559233419247903,0.1527093427721411,0.1380062559619546,0.13590943296730984,0.1287110389675945,0.11701786227058619,0.117953120614402,0.10690688819158822,0.10807210544589907,0.10229981670272537,0.10386922408360988,0.09132911346387118,0.08816882452811114,0.09297396501642652,0.09089235577266663,0.08110954411677085,0.0829678131849505,0.08353180915582925,0.08141209452878684,0.0794803838361986,0.07775677912286483,0.07647381603601389,0.07535133766941726,0.07435142318718135,0.0734579779964406,0.072661412646994,0.0719549315108452,0.07133388766669668,0.07079392214654945,0.07033178881101776,0.0699452321860008,0.06963150783849414,0.0693893212301191,0.06921718922967557,0.06911420458345674,0.06908000912517309,0.06911420458345674,0.06921718922967557,0.0693893212301191,0.06963150783849414,0.0699452321860008,0.07033178881101776,0.07079392214654945,0.07133388766669668,0.0719549315108452,0.072661412646994,0.0734579779964406,0.07435142318718135,0.07535133766941726,0.07647381603601389,0.07775677912286483,0.0794803838361986,0.08141209452878684,0.08353180915582925,0.0829678131849505,0.08110954411677085,0.09089235577266663,0.09297396501642652,0.08816882452811114,0.09132911346387118,0.10386922408360988,0.10229981670272537,0.10807210544589907,0.10690688819158822,0.117953120614402,0.11701786227058619,0.1287110389675945,0.13590943296730984,0.1380062559619546,0.1527093427721411,0.1559233419247903,0.1763488652650267,0.18668020248878747,0.21447029616683722,0.22701946692541242,0.2921631154604256,0.3180127127561718,0.3649265985004604,0.5305269500240684,0.6568277152255177,0.693206355907023,1.4059394467622042,1.5758171882480383,3.748331405222416,6.74524088203907
4.340616341680288,5.715942442417145,4.025462552905083,1.8751216009259224,1.308620747178793,1.0312333991751075,0.7461098516359925,0.6589398607611656,0.5325301185948774,0.41649545496329665,0.3833748698234558,0.3385247499682009,0.3152612103149295,0.284145389450714,0.2589083813363686,0.24545076163485646,0.25576848164200783,0.2238825742388144,0.2133119033969706,0.21049754496198148,0.192001056013396,0.18497546477010474,0.17755758261773735,0.17329905938822776,0.16410528030246496,0.15816442892537452,0.15131674957228824,0.15010946348775178,0.14399471366778016,0.1400989699177444,0.14167234945489326,0.13511884040781297,0.13438733777729794,0.12968485691817477,0.12820480889058672,0.12588604191842023,0.1239009454002371,0.12212192357401364,0.12052105425391346,0.11908288634731434,0.11779686871159356,0.11665450863074511,0.11564871060545556,0.11477378917334136,0.11402454812196083,0.11339728033635765,0.11288835160667077,0.11249522380239796,0.11221582540019881,0.11204882855236065,0.11199307441711426,0.11204882855236065,0.11221582540019881,0.11249522380239796,0.11288835160667077,0.11339728033635765,0.11402454812196083,0.11477378917334136,0.11564871060545556,0.11665450863074511,0.11779686871159356,0.11908288634731434,0.12052105425391346,0.12212192357401364,0.1239009454002371,0.12588604191842023,0.12820480889058672,0.12968485691817477,0.13438733777729794,0.13511884040781297,0.14167234945489326,0.1400989699177444,0.14399471366778016,0.15010946348775178,0.15131674957228824,0.15816442892537452,0.16410528030246496,0.17329905938822776,0.17755758261773735,0.18497546477010474,0.192001056013396,0.21049754496198148,0.2133119033969706,0.2238825742388144,0.25576848164200783,0.24545076163485646,0.2589083813363686,0.284145389450714,0.3152612103149295,0.3385247499682009,0.3833748698234558,0.41649545496329665,0.5325301185948774,0.6589398607611656,0.7461098516359925,1.0312333991751075,1.308620747178793,1.8751216009259224,4.025462552905083,5.715942442417145
4.4695947747677565,6.379085782915354,3.6221954971551895,1.5165687575936317,0.8711967300623655,0.8434940855950117,0.6083506401628256,0.4665653621777892,0.3969720038585365,0.3475279132835567,0.3090155436657369,0.28624005196616054,0.26505198748782277,0.22683965787291527,0.20908618974499404,0.19508385681547225,0.1817021113820374,0.17801672732457519,0.1502368561923504,0.15614826139062643,0.15348619199357927,0.13940542074851692,0.14090403448790312,0.1284821858862415,0.12874488718807697,0.125273946672678,0.12130461842752993,0.11700485146138817,0.11439060792326927,0.1122991832671687,0.11065392603632063,0.10702557326294482,0.10321706137619913,0.10186235187575221,0.10072574741207063,0.09864070336334407,0.09699769190046936,0.0955511755309999,0.09425921447109431,0.09310373105108738,0.09207342297304422,0.09116020833607763,0.0903574003605172,0.08965971576981246,0.08906312333419919,0.08856403327081352,0.08815929177217185,0.08784684317652136,0.0876247821142897,0.08749195467680693,0.08744791755452752,0.08749195467680693,0.0876247821142897,0.08784684317652136,0.08815929177217185,0.08856403327081352,0.08906312333419919,0.08965971576981246,0.0903574003605172,0.09116020833607763,0.09207342297304422,0.09310373105108738,0.09425921447109431,0.0955511755309999,0.09699769190046936,0.09864070336334407,0.10072574741207063,0.10186235187575221,0.10321706137619913,0.10702557326294482,0.11065392603632063,0.1122991832671687,0.11439060792326927,0.11700485146138817,0.12130461842752993,0.125273946672678,0.12874488718807697,0.1284821858862415,0.14090403448790312,0.13940542074851692,0.15348619199357927,0.15614826139062643,0.1502368561923504,0.17801672732457519,0.1817021113820374,0.19508385681547225,0.20908618974499404,0.22683965787291527,0.26505198748782277,0.28624005196616054,0.3090155436657369,0.3475279132835567,0.3969720038585365,0.4665653621777892,0.6083506401628256,0.8434940855950117,0.8711967300623655,1.5165687575936317,3.6221954971551895,6.379085782915354
2.6984393624588847,6.298583224415779,3.5306503996253014,1.6491563711315393,0.9690893832594156,0.8890029704198241,0.5966065763495862,0.6038562078028917,0.48267983784899116,0.4182674242183566,0.3522661861497909,0.3226708702277392,0.29590079211629927,0.26954258722253144,0.2590156163787469,0.23806329211220145,0.22756959457183257,0.21029954846017063,0.2030997953552287,0.18912981849280186,0.185534420539625,0.17521033354569227,0.16729910823050886,0.16253649804275483,0.1561507064034231,0.1525663078064099,0.14738569129258394,0.14546031574718654,0.1394438714487478,0.13591515261214226,0.13308706716634333,0.13063759240321815,0.12848883005790412,0.12388155766529962,0.12295825686305761,0.12078362982720137,0.11889358941698447,0.11718704883242026,0.11564655945403501,0.11426063778344542,0.11302044789772481,0.11191835213685408,0.11094799352576956,0.11010372603777796,0.10938083362998441,0.10877563786925748,0.10828459565527737,0.10790539014851674,0.10763584356755018,0.1074747089878656,0.10742106195539236,0.1074747089878656,0.10763584356755018,0.10790539014851674,0.10828459565527737,0.10877563786925748,0.10938083362998441,0.11010372603777796,0.11094799352576956,0.11191835213685408,0.11302044789772481,0.11426063778344542,0.11564655945403501,0.11718704883242026,0.11889358941698447,0.12078362982720137,0.12295825686305761,0.12388155766529962,0.12848883005790412,0.13063759240321815,0.13308706716634333,0.13591515261214226,0.1394438714487478,0.14546031574718654,0.14738569129258394,0.1525663078064099,0.1561507064034231,0.16253649804275483,0.16729910823050886,0.17521033354569227,0.185534420539625,0.18912981849280186,0.2030997953552287,0.21029954846017063,0.22756959457183257,0.23806329211220145,0.2590156163787469,0.26954258722253144,0.29590079211629927,0.3226708702277392,0.3522661861497909,0.4182674242183566,0.48267983784899116,0.6038562078028917,0.5966065763495862,0.8890029704198241,0.9690893832594156,1.6491563711315393,3.5306503996253014,6.298583224415779
4.247876496985555,5.560079909861088,1.942797165364027,0.7878366066142917,0.47904665721580386,0.46136215096339583,0.2790278191678226,0.2717476732796058,0.22157597087789327,0.1765280393883586,0.1683396683074534,0.13608402851969004,0.1273185834288597,0.1102208872907795,0.10463188291760162,0.09500926942564547,0.09114065975882113,0.08697910443879664,0.08481228048913181,0.08015270705800503,0.07612907350994647,0.07136751466896385,0.07042494061170146,0.06898690439993516,0.06387888919562101,0.06069570215186104,0.06282816239399835,0.05873277873615734,0.0576718570664525,0.05578676238656044,0.0545704044343438,0.052160962572088465,0.051985416328534484,0.051017941907048225,0.05022055489826016,0.04929511828231625,0.048510094347875565,0.047806436981773004,0.04717338757473044,0.046604856703197584,0.04609652500948869,0.04564517113612965,0.0452476971258875,0.044901961111463606,0.04460593016119674,0.04435809521237388,0.04415720090037212,0.0440019593515899,0.04389164943131618,0.04382564392290078,0.043803689535707235,0.04382564392290078,0.04389164943131618,0.0440019593515899,0.04415720090037212,0.04435809521237388,0.04460593016119674,0.044901961111463606,0.0452476971258875,0.04564517113612965,0.04609652500948869,0.046604856703197584,0.04717338757473044,0.047806436981773004,0.048510094347875565,0.04929511828231625,0.05022055489826016,0.051017941907048225,0.051985416328534484,0.052160962572088465,0.0545704044343438,0.05578676238656044,0.0576718570664525,0.05873277873615734,0.06282816239399835,0.06069570215186104,0.06387888919562101,0.06898690439993516,0.07042494061170146,0.07136751466896385,0.07612907350994647,0.08015270705800503,0.08481228048913181,0.08697910443879664,0.09114065975882113,0.09500926942564547,0.10463188291760162,0.1102208872907795,0.1273185834288597,0.13608402851969004,0.1683396683074534,0.1765280393883586,0.22157597087789327,0.2717476732796058,0.2790278191678226,0.46136215096339583,0.47904665721580386,0.7878366066142917,1.942797165364027,5.560079909861088
2.16931584617123,4.2875741943717,2.22890118509531,1.0375502109527588,0.66808997746557,0.5184021191671491,0.4347555621061474,0.3224147302098572,0.3026675502769649,0.24367980496026576,0.2177700772881508,0.19689054496120661,0.18239358079154044,0.1704728101613,0.15501552843488753,0.146173428860493,0.1397006174083799,0.13174884440377355,0.12269976001698524,0.1190055749611929,0.11399822507519275,0.10568545130081475,0.10412643110612407,0.10060968610923737,0.09707154228817672,0.09369989635888487,0.0897712039295584,0.08800406579393893,0.08600602205842733,0.08221379481256008,0.08161665790248662,0.07959263341035694,0.07852770294994116,0.07648324820911512,0.07509924587793648,0.07386306731496006,0.07272173231467605,0.07168594084214419,0.07074977911543101,0.0699069703114219,0.06915241054957733,0.0684816162684001,0.06789077707799152,0.06737654231255874,0.06693616922711954,0.06656757835298777,0.06626842019613832,0.06603731133509427,0.06587304815184325,0.06577478640247136,0.065742168109864,0.06577478640247136,0.06587304815184325,0.06603731133509427,0.06626842019613832,0.06656757835298777,0.06693616922711954,0.06737654231255874,0.06789077707799152,0.0684816162684001,0.06915241054957733,0.0699069703114219,0.07074977911543101,0.07168594084214419,0.07272173231467605,0.07386306731496006,0.07509924587793648,0.07648324820911512,0.07852770294994116,0.07959263341035694,0.08161665790248662,0.08221379481256008,0.08600602205842733,0.08800406579393893,0.0897712039295584,0.09369989635888487,0.09707154228817672,0.10060968610923737,0.10412643110612407,0.10568545130081475,0.11399822507519275,0.1190055749611929,0.12269976001698524,0.13174884440377355,0.1397006174083799,0.146173428860493,0.15501552843488753,0.1704728101613,0.18239358079154044,0.19689054496120661,0.2177700772881508,0.24367980496026576,0.3026675502769649,0.3224147302098572,0.4347555621061474,0.5184021191671491,0.66808997746557,1.0375502109527588,2.22890118509531,4.2875741943717
2.218672663671896,2.942074479535222,1.5988618917763233,0.8605709876865149,0.391742481617257,0.4053031620569527,0.3994492026977241,0.2522155698388815,0.23399743274785578,0.15907781338319182,0.13219555548857898,0.12027863846742548,0.09788298219791614,0.0916337471571751,0.09164876671275124,0.08320699166506529,0.07342982682166621,0.07382873969618231,0.06667422872851603,0.06494749104604125,0.06252862623659894,0.060053618741221726,0.05797697277739644,0.054732743883505464,0.05412164570589084,0.05210593735682778,0.050394120189594105,0.04980543800047599,0.04715424572350457,0.04554539165110327,0.04561347610433586,0.04341382355778478,0.043809184804558754,0.04227635812276276,0.0417290677287383,0.040917168371379375,0.04025324604299385,0.03966556611703709,0.03913975409523118,0.038668442371999845,0.03824776120018214,0.03787444965564646,0.03754586166178342,0.03726015715074027,0.03701568015094381,0.036810922327276785,0.03664493409451097,0.03651671316038119,0.036425573453016113,0.036371111527842004,0.036353004863485694,0.036371111527842004,0.036425573453016113,0.03651671316038119,0.03664493409451097,0.036810922327276785,0.03701568015094381,0.03726015715074027,0.03754586166178342,0.03787444965564646,0.03824776120018214,0.038668442371999845,0.03913975409523118,0.03966556611703709,0.04025324604299385,0.040917168371379375,0.0417290677287383,0.04227635812276276,0.043809184804558754,0.04341382355778478,0.04561347610433586,0.04554539165110327,0.04715424572350457,0.04980543800047599,0.050394120189594105,0.05210593735682778,0.05412164570589084,0.054732743883505464,0.05797697277739644,0.060053618741221726,0.06252862623659894,0.06494749104604125,0.06667422872851603,0.07382873969618231,0.07342982682166621,0.08320699166506529,0.09164876671275124,0.0916337471571751,0.09788298219791614,0.12027863846742548,0.13219555548857898,0.15907781338319182,0.23399743274785578,0.2522155698388815,0.3994492026977241,0.4053031620569527,0.391742481617257,0.8605709876865149,1.5988618917763233,2.942074479535222
2.851500492542982,4.147214129567146,2.8498496301472187,1.0191807448863983,1.0205630622804165,0.817334352992475,0.7829957203939557,0.678539146669209,0.555626530200243,0.42024423461407423,0.29982435679994524,0.2862481907941401,0.19507872709073126,0.2004609692376107,0.19029870792292058,0.17632835998665541,0.16115577146410942,0.15116849017795175,0.14930846996139735,0.13170208102383185,0.12183907971484587,0.11928396482835524,0.10881902507389896,0.09244430210674182,0.09527285909280181,0.09144888847367838,0.08127307199174538,0.08863383857533336,0.09662504587322474,0.07956464192830026,0.08781431781244464,0.0772644635871984,0.07881415273004677,0.07479793118545786,0.07460101321339607,0.07304410441429354,0.07186456973431632,0.07082148888730444,0.06988470602664165,0.06904302188195288,0.06829011597437784,0.06762099787010811,0.06703194670262747,0.06651915825204924,0.06608031550422311,0.06571277682087384,0.06541452021338046,0.06518412081641145,0.06502036991878413,0.0649225153028965,0.06488990224897861,0.0649225153028965,0.06502036991878413,0.06518412081641145,0.06541452021338046,0.06571277682087384,0.06608031550422311,0.06651915825204924,0.06703194670262747,0.06762099787010811,0.06829011597437784,0.06904302188195288,0.06988470602664165,0.07082148888730444,0.07186456973431632,0.07304410441429354,0.07460101321339607,0.07479793118545786,0.07881415273004677,0.0772644635871984,0.08781431781244464,0.07956464192830026,0.09662504587322474,0.08863383857533336,0.08127307199174538,0.09144888847367838,0.09527285909280181,0.09244430210674182,0.10881902507389896,0.11928396482835524,0.12183907971484587,0.13170208102383185,0.14930846996139735,0.15116849017795175,0.16115577146410942,0.17632835998665541,0.19029870792292058,0.2004609692376107,0.19507872709073126,0.2862481907941401,0.29982435679994524,0.42024423461407423,0.555626530200243,0.678539146669209,0.7829957203939557,0.817334352992475,1.0205630622804165,1.0191807448863983,2.8498496301472187,4.147214129567146
3.251902589574456,6.88394258916378,4.287047192454338,2.867393970489502,2.020055416971445,1.9710660800337791,1.786809004843235,1.0519297728314996,0.8391922004520893,0.4181835581548512,0.3383925799280405,0.37406808231025934,0.323065934702754,0.3267321928869933,0.2558680552756414,0.24225551122799516,0.23587049706839025,0.22795561025850475,0.20120510598644614,0.18400244021904655,0.17883999762125313,0.15807397427852266,0.16283427772577852,0.1422181164380163,0.14046325464732945,0.12974141555605456,0.1298414597986266,0.1307398416684009,0.11616505775600672,0.12374340347014368,0.11939737206557766,0.10714030836243182,0.10504264151677489,0.10834894189611077,0.10452586453175172,0.10082161409081891,0.09874241921352223,0.0970596926053986,0.09561167808715254,0.09434310562210158,0.0932266743038781,0.0922456654952839,0.09138867416186258,0.09064734383719042,0.09001546731451526,0.08948812348535284,0.08906147495144978,0.08873249241150916,0.08849891228601336,0.08835941844154149,0.08831310761161149,0.08835941844154149,0.08849891228601336,0.08873249241150916,0.08906147495144978,0.08948812348535284,0.09001546731451526,0.09064734383719042,0.09138867416186258,0.0922456654952839,0.0932266743038781,0.09434310562210158,0.09561167808715254,0.0970596926053986,0.09874241921352223,0.10082161409081891,0.10452586453175172,0.10834894189611077,0.10504264151677489,0.10714030836243182,0.11939737206557766,0.12374340347014368,0.11616505775600672,0.1307398416684009,0.1298414597986266,0.12974141555605456,0.14046325464732945,0.1422181164380163,0.16283427772577852,0.15807397427852266,0.17883999762125313,0.18400244021904655,0.20120510598644614,0.22795561025850475,0.23587049706839025,0.24225551122799516,0.2558680552756414,0.3267321928869933,0.323065934702754,0.37406808231025934,0.3383925799280405,0.4181835581548512,0.8391922004520893,1.0519297728314996,1.786809004843235,1.9710660800337791,2.020055416971445,2.867393970489502,4.287047192454338,6.88394258916378
3.4488689387217164,7.600861608982086,5.555041655898094,2.3794728592038155,2.0427504926919937,1.8513770028948784,1.3749458976089954,1.169998386874795,0.8083368260413408,0.6436573211103678,0.5518569685518742,0.526603851467371,0.4242086235899478,0.3804324585944414,0.3608130170032382,0.31903627258725464,0.3024975908920169,0.2879803003743291,0.27184513956308365,0.25576020032167435,0.24403312895447016,0.249355252366513,0.21594948030542582,0.2018289405386895,0.20455879613291472,0.1989440016914159,0.19870937592349946,0.186311274766922,0.1812747202347964,0.1764452715869993,0.1723714559338987,0.17782653495669365,0.16449992556590587,0.16174398822477087,0.15972391341347247,0.15598693562787957,0.15330601946334355,0.15098880996811204,0.1489321757981088,0.14709769547334872,0.14546461700228974,0.14401800429914147,0.14274693196057342,0.14164293312933296,0.14069888278027065,0.13990880124038085,0.1392684601887595,0.13877414615126327,0.13842278544325382,0.13821279088733718,0.1381429759785533,0.13821279088733718,0.13842278544325382,0.13877414615126327,0.1392684601887595,0.13990880124038085,0.14069888278027065,0.14164293312933296,0.14274693196057342,0.14401800429914147,0.14546461700228974,0.14709769547334872,0.1489321757981088,0.15098880996811204,0.15330601946334355,0.15598693562787957,0.15972391341347247,0.16174398822477087,0.16449992556590587,0.17782653495669365,0.1723714559338987,0.1764452715869993,0.1812747202347964,0.186311274766922,0.19870937592349946,0.1989440016914159,0.20455879613291472,0.2018289405386895,0.21594948030542582,0.249355252366513,0.24403312895447016,0.25576020032167435,0.27184513956308365,0.2879803003743291,0.3024975908920169,0.31903627258725464,0.3608130170032382,0.3804324585944414,0.4242086235899478,0.526603851467371,0.5518569685518742,0.6436573211103678,0.8083368260413408,1.169998386874795,1.3749458976089954,1.8513770028948784,2.0427504926919937,2.3794728592038155,5.555041655898094,7.600861608982086
4.615055391564965,7.189924478530884,4.227729208767414,2.050722472369671,1.4338945401832461,1.2412299122661352,0.7334861923009157,0.6864829463884234,0.3758716848678887,0.30902319634333253,0.22117265954148024,0.26189589500427246,0.24422578467056155,0.16904125560540706,0.16892268077936023,0.1815656484104693,0.15502013184595853,0.14726562332361937,0.1290784424636513,0.1203259447356686,0.12097696383716539,0.10628416205872782,0.11729751306120306,0.10893966886214912,0.10580998659133911,0.09848803642671555,0.09747846116079018,0.09267706493847072,0.0898052325937897,0.0891350731253624,0.0865722347080009,0.08476990269264206,0.08431650704005733,0.08384622947778553,0.07813822623575106,0.07750719285104424,0.07646714473958127,0.0754448807274457,0.07449533042381518,0.07362974563147873,0.07284966221777722,0.07215351934428327,0.0715386375086382,0.07100274291587994,0.07054319587768987,0.07015794268227182,0.06984525034204125,0.06960356829222292,0.069431778305443,0.06932893200428225,0.06929483590647578,0.06932893200428225,0.069431778305443,0.06960356829222292,0.06984525034204125,0.07015794268227182,0.07054319587768987,0.07100274291587994,0.0715386375086382,0.07215351934428327,0.07284966221777722,0.07362974563147873,0.07449533042381518,0.0754448807274457,0.07646714473958127,0.07750719285104424,0.07813822623575106,0.08384622947778553,0.08431650704005733,0.08476990269264206,0.0865722347080009,0.0891350731253624,0.0898052325937897,0.09267706493847072,0.09747846116079018,0.09848803642671555,0.10580998659133911,0.10893966886214912,0.11729751306120306,0.10628416205872782,0.12097696383716539,0.1203259447356686,0.1290784424636513,0.14726562332361937,0.15502013184595853,0.1815656484104693,0.16892268077936023,0.16904125560540706,0.24422578467056155,0.26189589500427246,0.22117265954148024,0.30902319634333253,0.3758716848678887,0.6864829463884234,0.7334861923009157,1.2412299122661352,1.4338945401832461,2.050722472369671,4.227729208767414,7.189924478530884
5.056147798895836,6.239811345934868,4.272591307759285,2.1784013714641333,1.488471195101738,1.1627195589244366,1.042750126682222,0.8653365385252982,0.6680245036259294,0.6146892039105296,0.5069122789427638,0.4334093821235001,0.39247505902312696,0.3716244357638061,0.3502757364185527,0.3091901207808405,0.2851976695237681,0.28208633040776476,0.2860171305947006,0.2564062189194374,0.2314941817894578,0.23005458060652018,0.21263760677538812,0.20817957713734359,0.20036813768092543,0.19798030727542937,0.18531158822588623,0.1850226306123659,0.1790392086841166,0.1768808407941833,0.17181701204390265,0.16902291355654597,0.16474846855271608,0.1616444805986248,0.15908414736622944,0.15540022199274972,0.15274550922913477,0.1504505006596446,0.1484159217798151,0.14660328824538738,0.14499025914119557,0.143562080047559,0.14230745646636933,0.14121760608395562,0.14028558833524585,0.13950581825338304,0.1388736252556555,0.1383856176980771,0.13803883676882833,0.13783149840310216,0.13776263501495123,0.13783149840310216,0.13803883676882833,0.1383856176980771,0.1388736252556555,0.13950581825338304,0.14028558833524585,0.14121760608395562,0.14230745646636933,0.143562080047559,0.14499025914119557,0.14660328824538738,0.1484159217798151,0.1504505006596446,0.15274550922913477,0.15540022199274972,0.15908414736622944,0.1616444805986248,0.16474846855271608,0.16902291355654597,0.17181701204390265,0.1768808407941833,0.1790392086841166,0.1850226306123659,0.18531158822588623,0.19798030727542937,0.20036813768092543,0.20817957713734359,0.21263760677538812,0.23005458060652018,0.2314941817894578,0.2564062189194374,0.2860171305947006,0.28208633040776476,0.2851976695237681,0.3091901207808405,0.3502757364185527,0.3716244357638061,0.39247505902312696,0.4334093821235001,0.5069122789427638,0.6146892039105296,0.6680245036259294,0.8653365385252982,1.042750126682222,1.1627195589244366,1.488471195101738,2.1784013714641333,4.272591307759285,6.239811345934868
5.063502497971058,6.9849454164505005,4.13699247688055,1.472023118287325,1.1498052850365639,0.8399476613849401,0.8033402361907065,0.5646024914458394,0.4643589509651065,0.25706125888973475,0.1978318701731041,0.15727369394153357,0.12949133949587122,0.1279178641270846,0.11550529336091131,0.11910582199925557,0.1016864861594513,0.09600598027464002,0.09777263610158116,0.08762661402579397,0.08828370389528573,0.07680792204337195,0.07955899846274406,0.07804373058024794,0.0709870079299435,0.0684084024396725,0.06540062726708129,0.06053426061407663,0.06522251293063164,0.06021072552539408,0.054068836820079014,0.05828043425572105,0.05702682543778792,0.050073328136932105,0.049937836709432304,0.04942204608232714,0.04873607199988328,0.04806960077257827,0.047448757803067565,0.04688083834480494,0.046367125236429274,0.04590708663454279,0.04550007256329991,0.045144499221351,0.04483895329758525,0.04458243845147081,0.04437386825156864,0.044212533452082425,0.044097688849433325,0.04402894961822312,0.04400613810867071,0.04402894961822312,0.044097688849433325,0.044212533452082425,0.04437386825156864,0.04458243845147081,0.04483895329758525,0.045144499221351,0.04550007256329991,0.04590708663454279,0.046367125236429274,0.04688083834480494,0.047448757803067565,0.04806960077257827,0.04873607199988328,0.04942204608232714,0.049937836709432304,0.050073328136932105,0.05702682543778792,0.05828043425572105,0.054068836820079014,0.06021072552539408,0.06522251293063164,0.06053426061407663,0.06540062726708129,0.0684084024396725,0.0709870079299435,0.07804373058024794,0.07955899846274406,0.07680792204337195,0.08828370389528573,0.08762661402579397,0.09777263610158116,0.09600598027464002,0.1016864861594513,0.11910582199925557,0.11550529336091131,0.1279178641270846,0.12949133949587122,0.15727369394153357,0.1978318701731041,0.25706125888973475,0.4643589509651065,0.5646024914458394,0.8033402361907065,0.8399476613849401,1.1498052850365639,1.472023118287325,4.13699247688055,6.9849454164505005
3.9189979061484337,6.097194105386734,4.888660579919815,2.277744684368372,1.3578141313046217,1.0729011725634336,1.0171263124793768,0.6440986772067845,0.5800785841420293,0.4725938169285655,0.39096901193261147,0.37196482019498944,0.34805863443762064,0.32418080838397145,0.28427592129446566,0.26292970357462764,0.24469223979394883,0.2332691929768771,0.2206833022646606,0.20024937961716205,0.20098347426392138,0.19055734435096383,0.18564272113144398,0.17969849077053368,0.1688047421630472,0.1640284424647689,0.16256747767329216,0.1547079479205422,0.15355139691382647,0.1485516057582572,0.14496848214184865,0.13911117293173447,0.13576378009747714,0.13564749411307275,0.13176620326703414,0.12992594990646467,0.1279729634989053,0.126172132731881,0.12453525781165808,0.12305790971731767,0.12173311231890693,0.1205541979870759,0.1195151706924662,0.11861045594559982,0.11783550237305462,0.11718608892988414,0.11665928084403276,0.1162522595259361,0.11596287554129958,0.11578992992872372,0.11573231779038906,0.11578992992872372,0.11596287554129958,0.1162522595259361,0.11665928084403276,0.11718608892988414,0.11783550237305462,0.11861045594559982,0.1195151706924662,0.1205541979870759,0.12173311231890693,0.12305790971731767,0.12453525781165808,0.126172132731881,0.1279729634989053,0.12992594990646467,0.13176620326703414,0.13564749411307275,0.13576378009747714,0.13911117293173447,0.14496848214184865,0.1485516057582572,0.15355139691382647,0.1547079479205422,0.16256747767329216,0.1640284424647689,0.1688047421630472,0.17969849077053368,0.18564272113144398,0.19055734435096383,0.20098347426392138,0.20024937961716205,0.2206833022646606,0.2332691929768771,0.24469223979394883,0.26292970357462764,0.28427592129446566,0.32418080838397145,0.34805863443762064,0.37196482019498944,0.39096901193261147,0.4725938169285655,0.5800785841420293,0.6440986772067845,1.0171263124793768,1.0729011725634336,1.3578141313046217,2.277744684368372,4.888660579919815,6.097194105386734
5.558613359928131,5.149018036201596,4.37932613492012,1.843633821234107,0.8780046533793211,1.0623177364468575,0.6754869613796473,0.5250949002802372,0.4440748154884204,0.3731202846392989,0.3037976687774062,0.28801254415884614,0.2634669761173427,0.22014124039560556,0.20707165729254484,0.19602041179314256,0.1929577486589551,0.17741208360530436,0.1676241378299892,0.16650385595858097,0.15355051832739264,0.15094058541581035,0.13850085576996207,0.1375820697285235,0.13236959767527878,0.1276998210232705,0.1267902108374983,0.119646564591676,0.1146830718498677,0.11604617070406675,0.11172640905715525,0.10593880177475512,0.1086143827997148,0.10431042383424938,0.10125550720840693,0.09978952840901911,0.09825169225223362,0.09683652117382735,0.09555285179521888,0.09439629677217454,0.0933611624641344,0.0924411746673286,0.0916313142515719,0.09092668921221048,0.09032375121023506,0.08981883188243955,0.08940934727434069,0.08909313066396862,0.08886834688019007,0.08873399707954377,0.088689299300313,0.08873399707954377,0.08886834688019007,0.08909313066396862,0.08940934727434069,0.08981883188243955,0.09032375121023506,0.09092668921221048,0.0916313142515719,0.0924411746673286,0.0933611624641344,0.09439629677217454,0.09555285179521888,0.09683652117382735,0.09825169225223362,0.09978952840901911,0.10125550720840693,0.10431042383424938,0.1086143827997148,0.10593880177475512,0.11172640905715525,0.11604617070406675,0.1146830718498677,0.119646564591676,0.1267902108374983,0.1276998210232705,0.13236959767527878,0.1375820697285235,0.13850085576996207,0.15094058541581035,0.15355051832739264,0.16650385595858097,0.1676241378299892,0.17741208360530436,0.1929577486589551,0.19602041179314256,0.20707165729254484,0.22014124039560556,0.2634669761173427,0.28801254415884614,0.3037976687774062,0.3731202846392989,0.4440748154884204,0.5250949002802372,0.6754869613796473,1.0623177364468575,0.8780046533793211,1.843633821234107,4.37932613492012,5.149018036201596
3.7459986805915833,6.323867097496986,4.993184491991997,1.6465846356004477,0.9809522042050958,0.8847259059548378,0.5783002264797688,0.5556754700373858,0.4678966226056218,0.3727952563203871,0.35234226379543543,0.32343635824508965,0.2918389590922743,0.2658841747324914,0.23710149165708572,0.2237470019608736,0.2103105661808513,0.19642661954276264,0.1952897034934722,0.1772212851792574,0.1734355998924002,0.1670352584333159,0.1593417989788577,0.1534578767605126,0.14954947243677452,0.14223332481924444,0.13741963886423036,0.13323929446050897,0.12956772383768111,0.1269411984249018,0.12350998818874359,0.12274836865253747,0.11864389549009502,0.11521420114149805,0.11387243299395777,0.11187723581679165,0.11013475067738909,0.10855761404673103,0.10713141621090472,0.1058470191055676,0.10469651639868971,0.10367363272234797,0.10277215290989261,0.1019873620607541,0.10131524042662932,0.1007520966231823,0.10029503560508601,0.09994187331903959,0.09969078896392602,0.09954068379011005,0.09949062764644623,0.09954068379011005,0.09969078896392602,0.09994187331903959,0.10029503560508601,0.1007520966231823,0.10131524042662932,0.1019873620607541,0.10277215290989261,0.10367363272234797,0.10469651639868971,0.1058470191055676,0.10713141621090472,0.10855761404673103,0.11013475067738909,0.11187723581679165,0.11387243299395777,0.11521420114149805,0.11864389549009502,0.12274836865253747,0.12350998818874359,0.1269411984249018,0.12956772383768111,0.13323929446050897,0.13741963886423036,0.14223332481924444,0.14954947243677452,0.1534578767605126,0.1593417989788577,0.1670352584333159,0.1734355998924002,0.1772212851792574,0.1952897034934722,0.19642661954276264,0.2103105661808513,0.2237470019608736,0.23710149165708572,0.2658841747324914,0.2918389590922743,0.32343635824508965,0.35234226379543543,0.3727952563203871,0.4678966226056218,0.5556754700373858,0.5783002264797688,0.8847259059548378,0.9809522042050958,1.6465846356004477,4.993184491991997,6.323867097496986
3.381563201546669,5.337421279400587,3.418997075408697,1.1690596491098404,0.7077141320332885,0.6696602907031775,0.485608815215528,0.42095483699813485,0.3576295543462038,0.2737574096536264,0.24433604860678315,0.21392325032502413,0.1991974504198879,0.19318850396666676,0.17166400342830457,0.1600860994658433,0.15028563694795594,0.14601377543294802,0.13151239210856147,0.12518073729006574,0.12243278353707865,0.1155563764332328,0.11332458181277616,0.1072982955374755,0.1014416548423469,0.09971886401763186,0.09655267420748714,0.0915594989201054,0.09150510828476399,0.08924055822717492,0.08624115395650733,0.08481124888930935,0.08306651333987247,0.0818396823015064,0.08004891175369266,0.07859062252100557,0.07733567370451055,0.076210546438233,0.07519861577020492,0.07428973662899807,0.07347746267623734,0.07275600980210584,0.07212107109080534,0.0715686713665491,0.07109603569551837,0.07070024794666097,0.070379229640821,0.07013121808995493,0.06995501466735732,0.06984966428717598,0.069814532995224,0.06984966428717598,0.06995501466735732,0.07013121808995493,0.070379229640821,0.07070024794666097,0.07109603569551837,0.0715686713665491,0.07212107109080534,0.07275600980210584,0.07347746267623734,0.07428973662899807,0.07519861577020492,0.076210546438233,0.07733567370451055,0.07859062252100557,0.08004891175369266,0.0818396823015064,0.08306651333987247,0.08481124888930935,0.08624115395650733,0.08924055822717492,0.09150510828476399,0.0915594989201054,0.09655267420748714,0.09971886401763186,0.1014416548423469,0.1072982955374755,0.11332458181277616,0.1155563764332328,0.12243278353707865,0.12518073729006574,0.13151239210856147,0.14601377543294802,0.15028563694795594,0.1600860994658433,0.17166400342830457,0.19318850396666676,0.1991974504198879,0.21392325032502413,0.24433604860678315,0.2737574096536264,0.3576295543462038,0.42095483699813485,0.485608815215528,0.6696602907031775,0.7077141320332885,1.1690596491098404,3.418997075408697,5.337421279400587
2.607877416536212,4.687452808022499,2.377258587628603,0.8603762779384851,0.6670406530611217,0.43568331887945533,0.39253938337787986,0.22284988878527656,0.21093418216332793,0.1873773499391973,0.1769691543886438,0.147803001338616,0.12778389640152454,0.12040061585139483,0.11471936898306012,0.10707445698790252,0.10020330233965069,0.09614349325420335,0.09329463189351372,0.08747374403174035,0.07959216836025007,0.0779709892522078,0.07408184840460308,0.07084226934239268,0.0688466113206232,0.06565061873698141,0.06723416893510148,0.06475442374357954,0.061956310528330505,0.06078335527854506,0.05848883441649377,0.056689976452616975,0.05538819343200885,0.054789520014310256,0.05352270830189809,0.05269886305904947,0.05190621904330328,0.051180415859562345,0.050521059543825686,0.04992566078726668,0.0493914537873934,0.04891579797549639,0.0484965880314121,0.04813136267330265,0.04781821389042307,0.04755608288542135,0.04734318409464322,0.047178750261082314,0.0470618115432444,0.046991925162728876,0.046968660317361355,0.046991925162728876,0.0470618115432444,0.047178750261082314,0.04734318409464322,0.04755608288542135,0.04781821389042307,0.04813136267330265,0.0484965880314121,0.04891579797549639,0.0493914537873934,0.04992566078726668,0.050521059543825686,0.051180415859562345,0.05190621904330328,0.05269886305904947,0.05352270830189809,0.054789520014310256,0.05538819343200885,0.056689976452616975,0.05848883441649377,0.06078335527854506,0.061956310528330505,0.06475442374357954,0.06723416893510148,0.06565061873698141,0.0688466113206232,0.07084226934239268,0.07408184840460308,0.0779709892522078,0.07959216836025007,0.08747374403174035,0.09329463189351372,0.09614349325420335,0.10020330233965069,0.10707445698790252,0.11471936898306012,0.12040061585139483,0.12778389640152454,0.147803001338616,0.1769691543886438,0.1873773499391973,0.21093418216332793,0.22284988878527656,0.39253938337787986,0.43568331887945533,0.6670406530611217,0.8603762779384851,2.377258587628603,4.687452808022499
2.247720118612051,3.2653723936527967,2.0901664048433304,0.8363805855624378,0.5765614816918969,0.39526274148374796,0.3299455875530839,0.2926419482100755,0.23876740410923958,0.19825420377310365,0.16788281995104626,0.14993382769171149,0.13825163687579334,0.12948924041120335,0.11904885456897318,0.10979970777407289,0.1044257803587243,0.10009855777025223,0.0930336031015031,0.089687769417651,0.08502565691014752,0.08242665836587548,0.07925400254316628,0.07442736870143563,0.07333061221288517,0.07029589306330308,0.06766688349307515,0.06669942170265131,0.06612798679270782,0.06423849775455892,0.062001431768294424,0.060488150047603995,0.05972905526868999,0.05817556462716311,0.056940076377941296,0.05597874865634367,0.0551176471344661,0.054334481683326885,0.05362527450779453,0.05298620992107317,0.05241373099852353,0.05190459461300634,0.0514559343282599,0.051065598701825365,0.050731172057567164,0.05045106026227586,0.050223880098201334,0.05004837119486183,0.04992358770687133,0.049849004251882434,0.049824196845293045,0.049849004251882434,0.04992358770687133,0.05004837119486183,0.050223880098201334,0.05045106026227586,0.050731172057567164,0.051065598701825365,0.0514559343282599,0.05190459461300634,0.05241373099852353,0.05298620992107317,0.05362527450779453,0.054334481683326885,0.0551176471344661,0.05597874865634367,0.056940076377941296,0.05817556462716311,0.05972905526868999,0.060488150047603995,0.062001431768294424,0.06423849775455892,0.06612798679270782,0.06669942170265131,0.06766688349307515,0.07029589306330308,0.07333061221288517,0.07442736870143563,0.07925400254316628,0.08242665836587548,0.08502565691014752,0.089687769417651,0.0930336031015031,0.10009855777025223,0.1044257803587243,0.10979970777407289,0.11904885456897318,0.12948924041120335,0.13825163687579334,0.14993382769171149,0.16788281995104626,0.19825420377310365,0.23876740410923958,0.2926419482100755,0.3299455875530839,0.39526274148374796,0.5765614816918969,0.8363805855624378,2.0901664048433304,3.2653723936527967
1.985159832984209,2.6876148134469986,1.350353680551052,0.6316411597654223,0.3966568987816572,0.3498293925076723,0.35239554662257433,0.18880577059462667,0.1688373100478202,0.1256500124000013,0.11674634256632999,0.08197052066680044,0.09153483167756349,0.07834137277677655,0.07217180321458727,0.07352089043706656,0.06581129919504747,0.05890333832940087,0.05736694700317457,0.047560531413182616,0.053895681980066,0.043816254095872864,0.04619044717401266,0.045395502413157374,0.04135862295515835,0.040753127192147076,0.03968525235541165,0.03702473366865888,0.038380721875000745,0.037463259213836864,0.035885403980500996,0.03573187816073187,0.03470789789571427,0.0336794831964653,0.0332698194833938,0.03265538069535978,0.03215250081848353,0.0316969457489904,0.0312845173466485,0.030912692833226174,0.030579467973439023,0.030283156695077196,0.03002192114945501,0.02979458073968999,0.029599774308735505,0.0294366707385052,0.029304336669156328,0.029202060046372935,0.02912939406814985,0.029085954680340365,0.029071438359096646,0.029085954680340365,0.02912939406814985,0.029202060046372935,0.029304336669156328,0.0294366707385052,0.029599774308735505,0.02979458073968999,0.03002192114945501,0.030283156695077196,0.030579467973439023,0.030912692833226174,0.0312845173466485,0.0316969457489904,0.03215250081848353,0.03265538069535978,0.0332698194833938,0.0336794831964653,0.03470789789571427,0.03573187816073187,0.035885403980500996,0.037463259213836864,0.038380721875000745,0.03702473366865888,0.03968525235541165,0.040753127192147076,0.04135862295515835,0.045395502413157374,0.04619044717401266,0.043816254095872864,0.053895681980066,0.047560531413182616,0.05736694700317457,0.05890333832940087,0.06581129919504747,0.07352089043706656,0.07217180321458727,0.07834137277677655,0.09153483167756349,0.08197052066680044,0.11674634256632999,0.1256500124000013,0.1688373100478202,0.18880577059462667,0.35239554662257433,0.3498293925076723,0.3966568987816572,0.6316411597654223,1.350353680551052,2.6876148134469986
1.8221573904156685,3.4798832945525646,2.25828087516129,1.2757718730717897,1.0561574772000313,1.1324469950050116,0.9963122960180044,0.6102561969310045,0.4868215536698699,0.2635012524551712,0.20819605328142643,0.19921864196658134,0.12275879457592964,0.11756399646401405,0.1102696789894253,0.10579935857094824,0.12861156510189176,0.08317538748087827,0.10805370542220771,0.10091536864638329,0.07005580206168815,0.06367513164877892,0.05416227938258089,0.0658102435991168,0.0646069233189337,0.053166988072916865,0.053801776783075184,0.059266692551318556,0.043394847598392516,0.047743072209414095,0.05035483484971337,0.04500461652060039,0.046330155950272456,0.042891206248896196,0.04086841084063053,0.0390140853705816,0.038092116512416396,0.03737587398063624,0.03677247830637498,0.03625059219848481,0.0357952820850187,0.035397628460486885,0.03505179510102607,0.034753660609567305,0.034500150963140186,0.03428907385386992,0.0341185837824014,0.03398721129997284,0.03389405584312044,0.033838474708318245,0.03381992969661951,0.033838474708318245,0.03389405584312044,0.03398721129997284,0.0341185837824014,0.03428907385386992,0.034500150963140186,0.034753660609567305,0.03505179510102607,0.035397628460486885,0.0357952820850187,0.03625059219848481,0.03677247830637498,0.03737587398063624,0.038092116512416396,0.0390140853705816,0.04086841084063053,0.042891206248896196,0.046330155950272456,0.04500461652060039,0.05035483484971337,0.047743072209414095,0.043394847598392516,0.059266692551318556,0.053801776783075184,0.053166988072916865,0.0646069233189337,0.0658102435991168,0.05416227938258089,0.06367513164877892,0.07005580206168815,0.10091536864638329,0.10805370542220771,0.08317538748087827,0.12861156510189176,0.10579935857094824,0.1102696789894253,0.11756399646401405,0.12275879457592964,0.19921864196658134,0.20819605328142643,0.2635012524551712,0.4868215536698699,0.6102561969310045,0.9963122960180044,1.1324469950050116,1.0561574772000313,1.2757718730717897,2.25828087516129,3.4798832945525646
2.4277617251500487,6.138311371207237,4.655570216476917,2.2367357313632965,1.92873111134395,2.14070850238204,1.3453518459573388,1.4474556734785438,0.7845412709284574,0.5127806402742863,0.49511540681123734,0.33620422752574086,0.3450060549657792,0.3617325446102768,0.3180244071409106,0.29791977326385677,0.28007154725492,0.24111539451405406,0.2539844049606472,0.23799301031976938,0.18915704265236855,0.16964015780831687,0.18307033338351175,0.17222603631671518,0.15417680592508987,0.15421313419938087,0.15822315646801144,0.14072493062121794,0.14232723764143884,0.14024815789889544,0.12816277367528528,0.1326835905201733,0.12093372468370944,0.11713959388725925,0.11594191225594841,0.11267668704385869,0.11060115791042335,0.108843761816388,0.10729482490569353,0.10591821296839043,0.10469413996906951,0.10361047461628914,0.10265820418135263,0.10183067282196134,0.101122256310191,0.10052883233583998,0.10004706260224339,0.09967450484691653,0.09940940524393227,0.0992508883937262,0.0991980703547597,0.0992508883937262,0.09940940524393227,0.09967450484691653,0.10004706260224339,0.10052883233583998,0.101122256310191,0.10183067282196134,0.10265820418135263,0.10361047461628914,0.10469413996906951,0.10591821296839043,0.10729482490569353,0.108843761816388,0.11060115791042335,0.11267668704385869,0.11594191225594841,0.11713959388725925,0.12093372468370944,0.1326835905201733,0.12816277367528528,0.14024815789889544,0.14232723764143884,0.14072493062121794,0.15822315646801144,0.15421313419938087,0.15417680592508987,0.17222603631671518,0.18307033338351175,0.16964015780831687,0.18915704265236855,0.23799301031976938,0.2539844049606472,0.24111539451405406,0.28007154725492,0.29791977326385677,0.3180244071409106,0.3617325446102768,0.3450060549657792,0.33620422752574086,0.49511540681123734,0.5127806402742863,0.7845412709284574,1.4474556734785438,1.3453518459573388,2.14070850238204,1.92873111134395,2.2367357313632965,4.655570216476917,6.138311371207237
3.6748594995588064,7.726456917822361,4.171596571803093,1.521609552204609,2.2933905506506562,1.1481517488136888,1.2444621119648218,0.9046273399144411,0.7957480736076832,0.45637046825140715,0.31425028410740197,0.3274376606568694,0.3062029820866883,0.27322637010365725,0.21446745283901691,0.21141184750013053,0.19982566218823195,0.20294403040315956,0.18829057202674448,0.15863338205963373,0.15452028234722093,0.15022689069155604,0.131237001856789,0.13505626219557598,0.13227610604371876,0.12364349758718163,0.12891520489938557,0.12301271612523124,0.11860510462429374,0.11487650495837443,0.11775543459225446,0.11069966212380677,0.10277125841093948,0.10502308106515557,0.09622084518196061,0.09659775785985403,0.09565122838830575,0.0945458751230035,0.0934572133992333,0.0924358707270585,0.09149884196813218,0.0906526212929748,0.08989917901635636,0.08923823339864612,0.08866890544595663,0.08818966575199738,0.0877993886533659,0.0874971065641148,0.08728175099531654,0.08715290087275207,0.08710992429405451,0.08715290087275207,0.08728175099531654,0.0874971065641148,0.0877993886533659,0.08818966575199738,0.08866890544595663,0.08923823339864612,0.08989917901635636,0.0906526212929748,0.09149884196813218,0.0924358707270585,0.0934572133992333,0.0945458751230035,0.09565122838830575,0.09659775785985403,0.09622084518196061,0.10502308106515557,0.10277125841093948,0.11069966212380677,0.11775543459225446,0.11487650495837443,0.11860510462429374,0.12301271612523124,0.12891520489938557,0.12364349758718163,0.13227610604371876,0.13505626219557598,0.131237001856789,0.15022689069155604,0.15452028234722093,0.15863338205963373,0.18829057202674448,0.20294403040315956,0.19982566218823195,0.21141184750013053,0.21446745283901691,0.27322637010365725,0.3062029820866883,0.3274376606568694,0.31425028410740197,0.45637046825140715,0.7957480736076832,0.9046273399144411,1.2444621119648218,1.1481517488136888,2.2933905506506562,1.521609552204609,4.171596571803093,7.726456917822361
5.67080444842577,5.412426635622978,3.4894988164305687,2.0823836885392666,1.4515195451676846,1.2832685932517052,0.9123551398515701,0.6437452705577016,0.47879360616207123,0.42614632518962026,0.3476534163346514,0.30767734348773956,0.2807628773152828,0.2546865167096257,0.23241070692893118,0.2186446904670447,0.21158941322937608,0.19513068650849164,0.18025231442879885,0.1811989808920771,0.1638298665639013,0.1662313984706998,0.15445880906190723,0.14052722521591932,0.13260032661492005,0.1319582329597324,0.12378999521024525,0.12112899421481416,0.12320821895264089,0.11537681252229959,0.11644417225033976,0.11279357894090936,0.10796675499295816,0.10475849406793714,0.10400934924837202,0.10262866714037955,0.10115980758564547,0.09978114045225084,0.09851615893421695,0.09736835380317643,0.09633548703277484,0.09541436767904088,0.09460111922817305,0.09389210189692676,0.09328428952721879,0.09277488343650475,0.09236123424489051,0.09204154321923852,0.09181419899687171,0.09167829202488065,0.09163309819996357,0.09167829202488065,0.09181419899687171,0.09204154321923852,0.09236123424489051,0.09277488343650475,0.09328428952721879,0.09389210189692676,0.09460111922817305,0.09541436767904088,0.09633548703277484,0.09736835380317643,0.09851615893421695,0.09978114045225084,0.10115980758564547,0.10262866714037955,0.10400934924837202,0.10475849406793714,0.10796675499295816,0.11279357894090936,0.11644417225033976,0.11537681252229959,0.12320821895264089,0.12112899421481416,0.12378999521024525,0.1319582329597324,0.13260032661492005,0.14052722521591932,0.15445880906190723,0.1662313984706998,0.1638298665639013,0.1811989808920771,0.18025231442879885,0.19513068650849164,0.21158941322937608,0.2186446904670447,0.23241070692893118,0.2546865167096257,0.2807628773152828,0.30767734348773956,0.3476534163346514,0.42614632518962026,0.47879360616207123,0.6437452705577016,0.9123551398515701,1.2832685932517052,1.4515195451676846,2.0823836885392666,3.4894988164305687,5.412426635622978
4.325132176280022,7.048156127333641,3.513755664229393,1.6888271383941174,1.0787792997434735,0.9089042022824287,0.8783049788326025,0.5688732182607055,0.4605309928301722,0.3979009441100061,0.34729121229611337,0.2827194198034704,0.2419045268325135,0.22037090605590492,0.18925044016214088,0.18473601789446548,0.19651435717241839,0.1712513369275257,0.16723842814099044,0.14692043652758002,0.14589736540801823,0.13550574996042997,0.13366028061136603,0.12371357623487711,0.12041506788227707,0.11497809429420158,0.11684850155143067,0.11095977245713584,0.10435207583941519,0.10512303607538342,0.10251635059830733,0.09945845720358193,0.09297781411441974,0.09234416219987907,0.09006863276590593,0.0886929071857594,0.08742560335667804,0.08624831383349374,0.0851677026366815,0.0841851137811318,0.08329927938757464,0.08250771020539105,0.08180812862701714,0.08119748160243034,0.08067348058102652,0.08023397478973493,0.07987709634471685,0.07960104435915127,0.07940473913913593,0.07928730838466436,0.07924828585237265,0.07928730838466436,0.07940473913913593,0.07960104435915127,0.07987709634471685,0.08023397478973493,0.08067348058102652,0.08119748160243034,0.08180812862701714,0.08250771020539105,0.08329927938757464,0.0841851137811318,0.0851677026366815,0.08624831383349374,0.08742560335667804,0.0886929071857594,0.09006863276590593,0.09234416219987907,0.09297781411441974,0.09945845720358193,0.10251635059830733,0.10512303607538342,0.10435207583941519,0.11095977245713584,0.11684850155143067,0.11497809429420158,0.12041506788227707,0.12371357623487711,0.13366028061136603,0.13550574996042997,0.14589736540801823,0.14692043652758002,0.16723842814099044,0.1712513369275257,0.19651435717241839,0.18473601789446548,0.18925044016214088,0.22037090605590492,0.2419045268325135,0.2827194198034704,0.34729121229611337,0.3979009441100061,0.4605309928301722,0.5688732182607055,0.8783049788326025,0.9089042022824287,1.0787792997434735,1.6888271383941174,3.513755664229393,7.048156127333641
4.698512421920896,5.534804843366146,4.135166704654694,2.1980611234903336,1.0934498528949916,1.0585873872041702,0.9510094155557454,0.5901358118280768,0.5437195785343647,0.3597858399152756,0.27083148597739637,0.22966405702754855,0.23998663341626525,0.1961866586934775,0.19880431750789285,0.1695689027546905,0.16740564268548042,0.16041026054881513,0.14176818280247971,0.13108968804590404,0.13244331628084183,0.12360187852755189,0.11700935254339129,0.10965701218810864,0.11136122950119898,0.10780375567264855,0.10501314559951425,0.09803171281237155,0.09651147737167776,0.09477716969558969,0.08992673823377118,0.08436745835933834,0.08662016730522737,0.08472853770945221,0.08333845643210225,0.08187720749992877,0.0806009002844803,0.07945825660135597,0.07842834817711264,0.077501512656454,0.07667135773226619,0.07593318569706753,0.0752823018701747,0.07471571036148816,0.07422999566188082,0.07382330752443522,0.07349310186691582,0.0732379827531986,0.07305666530737653,0.07294815464410931,0.07291202247142792,0.07294815464410931,0.07305666530737653,0.0732379827531986,0.07349310186691582,0.07382330752443522,0.07422999566188082,0.07471571036148816,0.0752823018701747,0.07593318569706753,0.07667135773226619,0.077501512656454,0.07842834817711264,0.07945825660135597,0.0806009002844803,0.08187720749992877,0.08333845643210225,0.08472853770945221,0.08662016730522737,0.08436745835933834,0.08992673823377118,0.09477716969558969,0.09651147737167776,0.09803171281237155,0.10501314559951425,0.10780375567264855,0.11136122950119898,0.10965701218810864,0.11700935254339129,0.12360187852755189,0.13244331628084183,0.13108968804590404,0.14176818280247971,0.16041026054881513,0.16740564268548042,0.1695689027546905,0.19880431750789285,0.1961866586934775,0.23998663341626525,0.22966405702754855,0.27083148597739637,0.3597858399152756,0.5437195785343647,0.5901358118280768,0.9510094155557454,1.0585873872041702,1.0934498528949916,2.1980611234903336,4.135166704654694,5.534804843366146
3.8513099681586027,4.617598012089729,4.425777394324541,1.6847796626389027,1.3327742628753185,1.268676444888115,1.025367558002472,0.7765842858934775,0.5623318259604275,0.48287327284924686,0.4506799685768783,0.42925850860774517,0.33996781235327944,0.30431623733602464,0.25270744517911226,0.2762762471102178,0.23989155527669936,0.2318635315168649,0.21350720070768148,0.207002361305058,0.18831072002649307,0.17954184324480593,0.1750441137701273,0.16134995728498325,0.15338280497235246,0.15721134888008237,0.1501358449459076,0.15017248498043045,0.14078268688172102,0.14062729384750128,0.13882127046235837,0.12370383480447344,0.12541110077290796,0.12625004532310413,0.12286516837775707,0.12081261753337458,0.1189409492071718,0.1172543428838253,0.11573121209949022,0.11435967197758146,0.11313081905245781,0.11203765570098767,0.11107397868181579,0.11023480565927457,0.10951603568537394,0.10891373462800402,0.10842484227759996,0.10804712054232368,0.10777858638903126,0.10761802458728198,0.10756462346762419,0.10761802458728198,0.10777858638903126,0.10804712054232368,0.10842484227759996,0.10891373462800402,0.10951603568537394,0.11023480565927457,0.11107397868181579,0.11203765570098767,0.11313081905245781,0.11435967197758146,0.11573121209949022,0.1172543428838253,0.1189409492071718,0.12081261753337458,0.12286516837775707,0.12625004532310413,0.12541110077290796,0.12370383480447344,0.13882127046235837,0.14062729384750128,0.14078268688172102,0.15017248498043045,0.1501358449459076,0.15721134888008237,0.15338280497235246,0.16134995728498325,0.1750441137701273,0.17954184324480593,0.18831072002649307,0.207002361305058,0.21350720070768148,0.2318635315168649,0.23989155527669936,0.2762762471102178,0.25270744517911226,0.30431623733602464,0.33996781235327944,0.42925850860774517,0.4506799685768783,0.48287327284924686,0.5623318259604275,0.7765842858934775,1.025367558002472,1.268676444888115,1.3327742628753185,1.6847796626389027,4.425777394324541,4.617598012089729
3.220873173326254,3.6266112439334393,3.788918800652027,2.0415455400943756,2.7111306861042976,1.8791808597743511,1.1185539355501533,0.9662014935165644,0.7488673012703657,0.6803723722696304,0.40774077735841274,0.33696671202778816,0.2493573052342981,0.21879159985110164,0.257427727105096,0.17681031476240605,0.19768953160382807,0.17377901112195104,0.15736011939588934,0.15803106606472284,0.16808228730224073,0.15252651483751833,0.1487085979897529,0.1385517818853259,0.13451591483317316,0.12286274437792599,0.10933528421446681,0.12041411944665015,0.11021372315008193,0.10683110449463129,0.11381703417282552,0.0996589787537232,0.0999428816139698,0.09124011162202805,0.08785645771422423,0.08793789922492579,0.08707427186891437,0.08608955098316073,0.08511715603526682,0.08420088706770912,0.08335749886464328,0.08259404642740265,0.08191328216344118,0.08131574833532795,0.08080055785831064,0.08036711614113301,0.08001418551430106,0.07974083872977644,0.07954619312658906,0.07942966022528708,0.07939089741557837,0.07942966022528708,0.07954619312658906,0.07974083872977644,0.08001418551430106,0.08036711614113301,0.08080055785831064,0.08131574833532795,0.08191328216344118,0.08259404642740265,0.08335749886464328,0.08420088706770912,0.08511715603526682,0.08608955098316073,0.08707427186891437,0.08793789922492579,0.08785645771422423,0.09124011162202805,0.0999428816139698,0.0996589787537232,0.11381703417282552,0.10683110449463129,0.11021372315008193,0.12041411944665015,0.10933528421446681,0.12286274437792599,0.13451591483317316,0.1385517818853259,0.1487085979897529,0.15252651483751833,0.16808228730224073,0.15803106606472284,0.15736011939588934,0.17377901112195104,0.19768953160382807,0.17681031476240605,0.257427727105096,0.21879159985110164,0.2493573052342981,0.33696671202778816,0.40774077735841274,0.6803723722696304,0.7488673012703657,0.9662014935165644,1.1185539355501533,1.8791808597743511,2.7111306861042976,2.0415455400943756,3.788918800652027,3.6266112439334393
3.6390298511832952,6.4948420971632,4.532914754003286,2.201726108789444,1.831767601892352,1.6827990356832743,1.0911850333213806,1.017772695980966,0.4936893954873085,0.4563244991004467,0.302293689455837,0.33333429088816047,0.21440283744595945,0.21340096346102655,0.20000289659947157,0.18623383366502821,0.16175045887939632,0.17481879983097315,0.16341240634210408,0.12268952175509185,0.12743095494806767,0.11591687938198447,0.1067932388978079,0.11016705783549696,0.09996370109729469,0.09453487687278539,0.09759529819712043,0.0924634471302852,0.09630396345164627,0.09660115488804877,0.0898361022118479,0.08826768724247813,0.07827492943033576,0.07881017308682203,0.07489720851299353,0.07401312422007322,0.07301516138250008,0.07205205847276375,0.07115707686170936,0.07033952881465666,0.06960075252573006,0.06894006053335033,0.06835579263861291,0.06784585944842547,0.06740829715272412,0.06704111004364677,0.06674298635334708,0.06651251821313053,0.0663485040422529,0.06625036580953747,0.06621778616681695,0.06625036580953747,0.0663485040422529,0.06651251821313053,0.06674298635334708,0.06704111004364677,0.06740829715272412,0.06784585944842547,0.06835579263861291,0.06894006053335033,0.06960075252573006,0.07033952881465666,0.07115707686170936,0.07205205847276375,0.07301516138250008,0.07401312422007322,0.07489720851299353,0.07881017308682203,0.07827492943033576,0.08826768724247813,0.0898361022118479,0.09660115488804877,0.09630396345164627,0.0924634471302852,0.09759529819712043,0.09453487687278539,0.09996370109729469,0.11016705783549696,0.1067932388978079,0.11591687938198447,0.12743095494806767,0.12268952175509185,0.16341240634210408,0.17481879983097315,0.16175045887939632,0.18623383366502821,0.20000289659947157,0.21340096346102655,0.21440283744595945,0.33333429088816047,0.302293689455837,0.4563244991004467,0.4936893954873085,1.017772695980966,1.0911850333213806,1.6827990356832743,1.831767601892352,2.201726108789444,4.532914754003286,6.4948420971632
4.526519315550104,5.964986689388752,3.0357866398990154,2.3631526175886393,1.6210505403578281,1.042375598102808,1.1007602540776134,0.6031211642548442,0.33796966494992375,0.3544822381809354,0.2590112602338195,0.17320018575992435,0.17541993712075055,0.1486479683080688,0.11742644902551547,0.11504818988032639,0.0881738038151525,0.08174995641456917,0.0784957964788191,0.08674549881834537,0.08127341727958992,0.08472644933499396,0.07074695493793115,0.058129407960223034,0.056956214510137215,0.0623126290156506,0.05332460143836215,0.04558558182907291,0.05611137440428138,0.047694812616100535,0.04880113387480378,0.044763326906831935,0.04784516614745371,0.04467590359854512,0.04158514740993269,0.040413332666503266,0.039747011236613616,0.03917652217205614,0.03866674637538381,0.03820807067677379,0.037796523596625775,0.03742975214845501,0.03710587587556802,0.03682349910377525,0.036581143678631634,0.03637798863928765,0.036212795588653535,0.03608511763741262,0.03599426048458554,0.035939935012720525,0.035921881441026926,0.035939935012720525,0.03599426048458554,0.03608511763741262,0.036212795588653535,0.03637798863928765,0.036581143678631634,0.03682349910377525,0.03710587587556802,0.03742975214845501,0.037796523596625775,0.03820807067677379,0.03866674637538381,0.03917652217205614,0.039747011236613616,0.040413332666503266,0.04158514740993269,0.04467590359854512,0.04784516614745371,0.044763326906831935,0.04880113387480378,0.047694812616100535,0.05611137440428138,0.04558558182907291,0.05332460143836215,0.0623126290156506,0.056956214510137215,0.058129407960223034,0.07074695493793115,0.08472644933499396,0.08127341727958992,0.08674549881834537,0.0784957964788191,0.08174995641456917,0.0881738038151525,0.11504818988032639,0.11742644902551547,0.1486479683080688,0.17541993712075055,0.17320018575992435,0.2590112602338195,0.3544822381809354,0.33796966494992375,0.6031211642548442,1.1007602540776134,1.042375598102808,1.6210505403578281,2.3631526175886393,3.0357866398990154,5.964986689388752
4.698157826438546,6.867007069289684,3.2669072709977627,2.217174842953682,1.0972612616606057,0.9709566049277782,0.8322031386196613,0.6242324067279696,0.4841746473684907,0.3957019094377756,0.3521399376913905,0.27779047540389,0.2794783632270992,0.24568223278038204,0.23248401028104126,0.20645777799654752,0.19981236313469708,0.1857043281197548,0.18665234674699605,0.17694850149564445,0.15757528773974627,0.16621297760866582,0.14480554207693785,0.13893291703425348,0.1456786966882646,0.13692454039119184,0.12147517956327647,0.13124935515224934,0.12103693629615009,0.11961028806399554,0.1138026516418904,0.10875988216139376,0.11192363116424531,0.10729979671305045,0.10482846049126238,0.10327853716444224,0.10167267126962543,0.10020521469414234,0.09887807781342417,0.09768354659900069,0.09661481971852481,0.09566541924141347,0.09482941101305187,0.09410235937684774,0.09347976034041494,0.0929586011916399,0.09253591997548938,0.09220939909573644,0.0919773675268516,0.09183872141875327,0.09179247310385108,0.09183872141875327,0.0919773675268516,0.09220939909573644,0.09253591997548938,0.0929586011916399,0.09347976034041494,0.09410235937684774,0.09482941101305187,0.09566541924141347,0.09661481971852481,0.09768354659900069,0.09887807781342417,0.10020521469414234,0.10167267126962543,0.10327853716444224,0.10482846049126238,0.10729979671305045,0.11192363116424531,0.10875988216139376,0.1138026516418904,0.11961028806399554,0.12103693629615009,0.13124935515224934,0.12147517956327647,0.13692454039119184,0.1456786966882646,0.13893291703425348,0.14480554207693785,0.16621297760866582,0.15757528773974627,0.17694850149564445,0.18665234674699605,0.1857043281197548,0.19981236313469708,0.20645777799654752,0.23248401028104126,0.24568223278038204,0.2794783632270992,0.27779047540389,0.3521399376913905,0.3957019094377756,0.4841746473684907,0.6242324067279696,0.8322031386196613,0.9709566049277782,1.0972612616606057,2.217174842953682,3.2669072709977627,6.867007069289684
5.325526007683948,5.989063389599323,3.399893645197153,2.2023723628371954,0.6794058810919523,0.9056504722684622,0.7681551855057478,0.4393050130456686,0.32045438420027494,0.31638008262962103,0.24786114878952503,0.20019818475702778,0.20406346174422652,0.15575489285402,0.15378508856520057,0.14042839128524065,0.13219210412353277,0.12956786644645035,0.1150204564910382,0.11869125193334185,0.11095864255912602,0.09861278859898448,0.10543937690090388,0.09914809081237763,0.095470902742818,0.08952180854976177,0.087905436870642,0.08848521462641656,0.08442566898884252,0.08055397847783752,0.077839015313657,0.07194284163415432,0.0739045247901231,0.07060920039657503,0.07041115709580481,0.06893199018668383,0.06785139045678079,0.06688825559103861,0.06602005800232291,0.06523876514984295,0.06453877035528421,0.06391615374013782,0.06336743722204119,0.06288956076605245,0.06248039985075593,0.06213751214090735,0.06185927026672289,0.06164425844326615,0.061491469969041646,0.06140004296321422,0.06136968522332609,0.06140004296321422,0.061491469969041646,0.06164425844326615,0.06185927026672289,0.06213751214090735,0.06248039985075593,0.06288956076605245,0.06336743722204119,0.06391615374013782,0.06453877035528421,0.06523876514984295,0.06602005800232291,0.06688825559103861,0.06785139045678079,0.06893199018668383,0.07041115709580481,0.07060920039657503,0.0739045247901231,0.07194284163415432,0.077839015313657,0.08055397847783752,0.08442566898884252,0.08848521462641656,0.087905436870642,0.08952180854976177,0.095470902742818,0.09914809081237763,0.10543937690090388,0.09861278859898448,0.11095864255912602,0.11869125193334185,0.1150204564910382,0.12956786644645035,0.13219210412353277,0.14042839128524065,0.15378508856520057,0.15575489285402,0.20406346174422652,0.20019818475702778,0.24786114878952503,0.31638008262962103,0.32045438420027494,0.4393050130456686,0.7681551855057478,0.9056504722684622,0.6794058810919523,2.2023723628371954,3.399893645197153,5.989063389599323
6.2069745641201735,5.361332461237907,4.6253612115979195,1.8994054663926363,1.709013108164072,1.1570406397804618,0.9930648747831583,0.6365247741341591,0.5519802044145763,0.4768590033054352,0.4222919372841716,0.3747647092677653,0.33731888025067747,0.32404767733532935,0.29070871276780963,0.2768820852506906,0.26093682600185275,0.23860668228007853,0.23597347852773964,0.22032427974045277,0.20253867402789183,0.19763455289648846,0.18574618734419346,0.1841377158416435,0.17581909813452512,0.17435345612466335,0.1692308213096112,0.16420346713857725,0.15608165788580664,0.15666197409154847,0.14927818064461462,0.14646066504064947,0.14193200069712475,0.13842617030604742,0.13669277378357947,0.13407168473349884,0.13198130823730025,0.13010294431296643,0.12840525431965943,0.1268753634649329,0.12550445256056264,0.12428464367985725,0.12320942734368145,0.12227342958794907,0.12147169448144268,0.12079986250319052,0.12025479422300123,0.11983366086496972,0.11953427119442495,0.11935523027204908,0.11929568229243159,0.11935523027204908,0.11953427119442495,0.11983366086496972,0.12025479422300123,0.12079986250319052,0.12147169448144268,0.12227342958794907,0.12320942734368145,0.12428464367985725,0.12550445256056264,0.1268753634649329,0.12840525431965943,0.13010294431296643,0.13198130823730025,0.13407168473349884,0.13669277378357947,0.13842617030604742,0.14193200069712475,0.14646066504064947,0.14927818064461462,0.15666197409154847,0.15608165788580664,0.16420346713857725,0.1692308213096112,0.17435345612466335,0.17581909813452512,0.1841377158416435,0.18574618734419346,0.19763455289648846,0.20253867402789183,0.22032427974045277,0.23597347852773964,0.23860668228007853,0.26093682600185275,0.2768820852506906,0.29070871276780963,0.32404767733532935,0.33731888025067747,0.3747647092677653,0.4222919372841716,0.4768590033054352,0.5519802044145763,0.6365247741341591,0.9930648747831583,1.1570406397804618,1.709013108164072,1.8994054663926363,4.6253612115979195,5.361332461237907
4.043146586045623,7.414276257157326,3.8189548514783382,1.734827607870102,1.5060887448489666,1.1623788075521588,1.2437037359923124,0.7239836547523737,0.39878831687383354,0.47684600576758385,0.31457953294739127,0.27446827525272965,0.26850986713543534,0.22012820281088352,0.2199588130461052,0.21341803821269423,0.20196077460423112,0.17496711784042418,0.15912767651025206,0.15814198437146842,0.14805827324744314,0.13990582374390215,0.12377153793931939,0.11115192575380206,0.1251377925509587,0.11716602463275194,0.114260190166533,0.11658946482930332,0.10714682575780898,0.10351578588597476,0.10030560719314963,0.0964795294275973,0.09296600957168266,0.08907015057047829,0.08640054112765938,0.08491871258593164,0.0836405006411951,0.08245432407420594,0.08136852268944494,0.08038325064990204,0.07949653689865954,0.07870502839796245,0.07800544539350085,0.07739460660377517,0.0768698408282944,0.07642830172699178,0.07606871522875736,0.07578941003157524,0.07558977096050512,0.07546975003060652,0.07542967982590199,0.07546975003060652,0.07558977096050512,0.07578941003157524,0.07606871522875736,0.07642830172699178,0.0768698408282944,0.07739460660377517,0.07800544539350085,0.07870502839796245,0.07949653689865954,0.08038325064990204,0.08136852268944494,0.08245432407420594,0.0836405006411951,0.08491871258593164,0.08640054112765938,0.08907015057047829,0.09296600957168266,0.0964795294275973,0.10030560719314963,0.10351578588597476,0.10714682575780898,0.11658946482930332,0.114260190166533,0.11716602463275194,0.1251377925509587,0.11115192575380206,0.12377153793931939,0.13990582374390215,0.14805827324744314,0.15814198437146842,0.15912767651025206,0.17496711784042418,0.20196077460423112,0.21341803821269423,0.2199588130461052,0.22012820281088352,0.26850986713543534,0.27446827525272965,0.31457953294739127,0.47684600576758385,0.39878831687383354,0.7239836547523737,1.2437037359923124,1.1623788075521588,1.5060887448489666,1.734827607870102,3.8189548514783382,7.414276257157326
5.0697348937392235,6.527675569057465,4.828423582017422,2.0159415546804667,1.462965928018093,1.3782516969367862,0.9618945815600455,0.9128712806850672,0.6250215523177758,0.4695609575137496,0.40211036382243037,0.33197244838811457,0.32170481933280826,0.31189714558422565,0.29309860593639314,0.26091053104028106,0.21626700880005956,0.19128299411386251,0.18445843807421625,0.17716700886376202,0.170798109495081,0.16698789596557617,0.14640003279782832,0.15961301256902516,0.14433241705410182,0.12739991559647024,0.13479819428175688,0.13549617177341133,0.11739820399088785,0.11672768602147698,0.11062127666082233,0.11934230220504105,0.10818403994198889,0.1132963786367327,0.10750285070389509,0.1044912573415786,0.10237217857502401,0.1005968110403046,0.09905804053414613,0.09770823630969971,0.09652130759786814,0.09547941980417818,0.09457020135596395,0.09378450224176049,0.09311533777508885,0.09255738032516092,0.09210610017180443,0.09175835875794291,0.09151163790374994,0.09136420988943428,0.09131521452218294,0.09136420988943428,0.09151163790374994,0.09175835875794291,0.09210610017180443,0.09255738032516092,0.09311533777508885,0.09378450224176049,0.09457020135596395,0.09547941980417818,0.09652130759786814,0.09770823630969971,0.09905804053414613,0.1005968110403046,0.10237217857502401,0.1044912573415786,0.10750285070389509,0.1132963786367327,0.10818403994198889,0.11934230220504105,0.11062127666082233,0.11672768602147698,0.11739820399088785,0.13549617177341133,0.13479819428175688,0.12739991559647024,0.14433241705410182,0.15961301256902516,0.14640003279782832,0.16698789596557617,0.170798109495081,0.17716700886376202,0.18445843807421625,0.19128299411386251,0.21626700880005956,0.26091053104028106,0.29309860593639314,0.31189714558422565,0.32170481933280826,0.33197244838811457,0.40211036382243037,0.4695609575137496,0.6250215523177758,0.9128712806850672,0.9618945815600455,1.3782516969367862,1.462965928018093,2.0159415546804667,4.828423582017422,6.527675569057465
3.0399215649813414,7.492176398634911,4.937035173177719,2.0139874145388603,1.7396101988852024,1.3354318737983704,1.1183886602520943,0.8272022786550224,0.662475380115211,0.4454686804674566,0.35419122921302915,0.33215083461254835,0.27670474722981453,0.26606078539043665,0.24031759542413056,0.24452169984579086,0.2075499133206904,0.1750515322200954,0.1935551081551239,0.18914496788056567,0.1656308705569245,0.15919390320777893,0.16372022888390347,0.1399668576195836,0.14138685737270862,0.13325870223343372,0.12400178852840327,0.12758397625293583,0.12341051257681102,0.1203087551984936,0.1157491093617864,0.10918853979092091,0.11224495677743107,0.11036383389728144,0.10626953060273081,0.103990190429613,0.10218489076942205,0.1006155110662803,0.0992246872629039,0.09798738139215857,0.09688784700119868,0.09591559664113447,0.0950624636025168,0.09432184929028153,0.09368911164347082,0.09316013602074236,0.09273136133560911,0.09240039257565513,0.09216542483773082,0.0920248330803588,0.0919780982658267,0.0920248330803588,0.09216542483773082,0.09240039257565513,0.09273136133560911,0.09316013602074236,0.09368911164347082,0.09432184929028153,0.0950624636025168,0.09591559664113447,0.09688784700119868,0.09798738139215857,0.0992246872629039,0.1006155110662803,0.10218489076942205,0.103990190429613,0.10626953060273081,0.11036383389728144,0.11224495677743107,0.10918853979092091,0.1157491093617864,0.1203087551984936,0.12341051257681102,0.12758397625293583,0.12400178852840327,0.13325870223343372,0.14138685737270862,0.1399668576195836,0.16372022888390347,0.15919390320777893,0.1656308705569245,0.18914496788056567,0.1935551081551239,0.1750515322200954,0.2075499133206904,0.24452169984579086,0.24031759542413056,0.26606078539043665,0.27670474722981453,0.33215083461254835,0.35419122921302915,0.4454686804674566,0.662475380115211,0.8272022786550224,1.1183886602520943,1.3354318737983704,1.7396101988852024,2.0139874145388603,4.937035173177719,7.492176398634911
4.302479499951005,5.858028814196587,5.010624013841152,2.173220634460449,1.582529118284583,1.047994501888752,0.7907781628891826,0.5961297955363989,0.5057967351749539,0.4387888885103166,0.35829243063926697,0.32513061072677374,0.2698908986058086,0.23595142317935824,0.25436413259012625,0.23271818808279932,0.20032166480086744,0.19739976373966783,0.17876750690629706,0.1707474150462076,0.16274656148743816,0.15728048200253397,0.14811961294617504,0.14193776535103098,0.13130305521190166,0.13669089612085372,0.13093889184528962,0.12120441894512624,0.11982445523608476,0.11969366905395873,0.11634105519624427,0.11266908617108129,0.11357776532531716,0.10674246487906203,0.10156422833097167,0.10052422570879571,0.09909313855314394,0.09770278588257497,0.09641556653514272,0.09524419856461463,0.09418929804087384,0.0932475831505144,0.09241553408355685,0.09168913445319049,0.09106506003445247,0.09053993552515749,0.09011130422732094,0.08977697353475378,0.08953522680712922,0.08938482519897661,0.08932676911354065,0.08938482519897661,0.08953522680712922,0.08977697353475378,0.09011130422732094,0.09053993552515749,0.09106506003445247,0.09168913445319049,0.09241553408355685,0.0932475831505144,0.09418929804087384,0.09524419856461463,0.09641556653514272,0.09770278588257497,0.09909313855314394,0.10052422570879571,0.10156422833097167,0.10674246487906203,0.11357776532531716,0.11266908617108129,0.11634105519624427,0.11969366905395873,0.11982445523608476,0.12120441894512624,0.13093889184528962,0.13669089612085372,0.13130305521190166,0.14193776535103098,0.14811961294617504,0.15728048200253397,0.16274656148743816,0.1707474150462076,0.17876750690629706,0.19739976373966783,0.20032166480086744,0.23271818808279932,0.25436413259012625,0.23595142317935824,0.2698908986058086,0.32513061072677374,0.35829243063926697,0.4387888885103166,0.5057967351749539,0.5961297955363989,0.7907781628891826,1.047994501888752,1.582529118284583,2.173220634460449,5.010624013841152,5.858028814196587
4.34886983782053,6.599102079868317,5.257371351122856,1.8564991019666195,1.3657095395028591,1.0041964128613472,0.8025616202503443,0.6196062066592276,0.6015012059360743,0.37889997381716967,0.3203227575868368,0.26747868536040187,0.26438804203644395,0.22599284164607525,0.2179472972638905,0.18339926726184785,0.18922896962612867,0.17198396008461714,0.15977543964982033,0.16137648263247684,0.15831889701075852,0.15314705320633948,0.14162379846675321,0.137875311775133,0.13204001379199326,0.12603960139676929,0.12162507022731006,0.11628442350775003,0.11919135949574411,0.11411536089144647,0.11417010705918074,0.10747584328055382,0.1041698562912643,0.10541668045334518,0.10079831979237497,0.09892881673295051,0.09732991422060877,0.09589336172211915,0.09460036433301866,0.09343991882633418,0.09240310057066381,0.09148294467013329,0.09067352814599872,0.08996995852794498,0.08936797257047147,0.08886413346044719,0.08845569472759962,0.08814028021879494,0.08791613590437919,0.08778215863276273,0.087737618945539,0.08778215863276273,0.08791613590437919,0.08814028021879494,0.08845569472759962,0.08886413346044719,0.08936797257047147,0.08996995852794498,0.09067352814599872,0.09148294467013329,0.09240310057066381,0.09343991882633418,0.09460036433301866,0.09589336172211915,0.09732991422060877,0.09892881673295051,0.10079831979237497,0.10541668045334518,0.1041698562912643,0.10747584328055382,0.11417010705918074,0.11411536089144647,0.11919135949574411,0.11628442350775003,0.12162507022731006,0.12603960139676929,0.13204001379199326,0.137875311775133,0.14162379846675321,0.15314705320633948,0.15831889701075852,0.16137648263247684,0.15977543964982033,0.17198396008461714,0.18922896962612867,0.18339926726184785,0.2179472972638905,0.22599284164607525,0.26438804203644395,0.26747868536040187,0.3203227575868368,0.37889997381716967,0.6015012059360743,0.6196062066592276,0.8025616202503443,1.0041964128613472,1.3657095395028591,1.8564991019666195,5.257371351122856,6.599102079868317
3.947190757840872,4.976078487932682,5.425146971363574,1.4920354783535004,1.1074499506503344,0.8938039410859346,0.8268299652263522,0.7043584501370788,0.6649038242176175,0.4955017385073006,0.36891481280326843,0.28598902421072125,0.29796640027780086,0.23863103811163455,0.22731807897798717,0.21514243446290493,0.2021794258907903,0.18887209007516503,0.17955107474699616,0.1800139406695962,0.1612864601192996,0.15982069534948096,0.148929743852932,0.14652665867470205,0.139427074638661,0.13413146778475493,0.13430937440716662,0.13178660988342017,0.12790141068398952,0.12172986404038966,0.1174519102787599,0.11433917868998833,0.11103251756867394,0.10998549321084283,0.10756978386780247,0.10600144692580216,0.10447894749813713,0.10306451041833498,0.10176854924065992,0.10059240044211037,0.0995332574530039,0.09858805980184115,0.09775310746044852,0.09702477627433836,0.09640021761879325,0.09587639005621895,0.09545110398903489,0.09512221851036884,0.09488831617636606,0.0947483955824282,0.09470197279006243,0.0947483955824282,0.09488831617636606,0.09512221851036884,0.09545110398903489,0.09587639005621895,0.09640021761879325,0.09702477627433836,0.09775310746044852,0.09858805980184115,0.0995332574530039,0.10059240044211037,0.10176854924065992,0.10306451041833498,0.10447894749813713,0.10600144692580216,0.10756978386780247,0.10998549321084283,0.11103251756867394,0.11433917868998833,0.1174519102787599,0.12172986404038966,0.12790141068398952,0.13178660988342017,0.13430937440716662,0.13413146778475493,0.139427074638661,0.14652665867470205,0.148929743852932,0.15982069534948096,0.1612864601192996,0.1800139406695962,0.17955107474699616,0.18887209007516503,0.2021794258907903,0.21514243446290493,0.22731807897798717,0.23863103811163455,0.29796640027780086,0.28598902421072125,0.36891481280326843,0.4955017385073006,0.6649038242176175,0.7043584501370788,0.8268299652263522,0.8938039410859346,1.1074499506503344,1.4920354783535004,5.425146971363574,4.976078487932682
4.489431064575911,4.871993310749531,2.542666705325246,1.2292202026583254,0.9694886077195406,0.8873385493643582,0.7695774296298623,0.5426595769822598,0.5335952579043806,0.41835896484553814,0.22300989786162972,0.257199555169791,0.19848450715653598,0.21124631422571838,0.17346192197874188,0.16707805136684328,0.16481051838491112,0.11846899287775159,0.14345095702446997,0.1402122755534947,0.12213368387892842,0.12008676034747623,0.11575873638503253,0.11270758497994393,0.09936551701684948,0.10173942224355415,0.08824262802954763,0.09210812905803323,0.08120767798391171,0.08952829329064116,0.08477966958889738,0.08458698372123763,0.07862762012518942,0.08011677753529511,0.07356367907777894,0.07251878459646832,0.07135712979652453,0.07030200705048628,0.06935270297981333,0.06850178263266571,0.06774242923711427,0.0670690893457504,0.0664772282470949,0.06596297920623329,0.06552311108680442,0.06515493677579798,0.06485656442237087,0.06462616250792053,0.06446246708219405,0.0643646723619895,0.0643320120871067,0.0643646723619895,0.06446246708219405,0.06462616250792053,0.06485656442237087,0.06515493677579798,0.06552311108680442,0.06596297920623329,0.0664772282470949,0.0670690893457504,0.06774242923711427,0.06850178263266571,0.06935270297981333,0.07030200705048628,0.07135712979652453,0.07251878459646832,0.07356367907777894,0.08011677753529511,0.07862762012518942,0.08458698372123763,0.08477966958889738,0.08952829329064116,0.08120767798391171,0.09210812905803323,0.08824262802954763,0.10173942224355415,0.09936551701684948,0.11270758497994393,0.11575873638503253,0.12008676034747623,0.12213368387892842,0.1402122755534947,0.14345095702446997,0.11846899287775159,0.16481051838491112,0.16707805136684328,0.17346192197874188,0.21124631422571838,0.19848450715653598,0.257199555169791,0.22300989786162972,0.41835896484553814,0.5335952579043806,0.5426595769822598,0.7695774296298623,0.8873385493643582,0.9694886077195406,1.2292202026583254,2.542666705325246,4.871993310749531
4.24114989861846,5.747823633253574,3.8944765105843544,2.1194681972265244,1.7201784029603004,1.495617619715631,1.2718843054026365,0.6827783472836018,0.7630960522219539,0.5590754020959139,0.46368549205362797,0.44321169541217387,0.281807892723009,0.2837146408855915,0.282370176166296,0.29131665849126875,0.22505771182477474,0.17479930445551872,0.19972708774730563,0.18616436212323606,0.1904576332308352,0.16411139955744147,0.15947349180351011,0.15242341463454068,0.14167638216167688,0.14652072289027274,0.14291660452727228,0.12223767257819418,0.13045344130659942,0.11680434487061575,0.12015991244697943,0.11786220129579306,0.10791388771031052,0.11157258879393339,0.10785794712137431,0.10493719612713903,0.10311378503683954,0.10155059327371418,0.10016541869845241,0.09892990137450397,0.09782974678091705,0.09685473062563688,0.09599798882845789,0.09525342768756673,0.09461657196516171,0.09408372070174664,0.09365158976288512,0.0933179419953376,0.09308085317024961,0.09293907205574214,0.09289191477000713,0.09293907205574214,0.09308085317024961,0.0933179419953376,0.09365158976288512,0.09408372070174664,0.09461657196516171,0.09525342768756673,0.09599798882845789,0.09685473062563688,0.09782974678091705,0.09892990137450397,0.10016541869845241,0.10155059327371418,0.10311378503683954,0.10493719612713903,0.10785794712137431,0.11157258879393339,0.10791388771031052,0.11786220129579306,0.12015991244697943,0.11680434487061575,0.13045344130659942,0.12223767257819418,0.14291660452727228,0.14652072289027274,0.14167638216167688,0.15242341463454068,0.15947349180351011,0.16411139955744147,0.1904576332308352,0.18616436212323606,0.19972708774730563,0.17479930445551872,0.22505771182477474,0.29131665849126875,0.282370176166296,0.2837146408855915,0.281807892723009,0.44321169541217387,0.46368549205362797,0.5590754020959139,0.7630960522219539,0.6827783472836018,1.2718843054026365,1.495617619715631,1.7201784029603004,2.1194681972265244,3.8944765105843544,5.747823633253574
4.80003060400486,7.527361869812012,5.228398494422436,2.596375785768032,2.4434017799794674,1.6397476475685835,1.2421187292784452,0.9640323878265917,0.7546172179281712,0.43330998672172427,0.34196100756525993,0.36727188155055046,0.27079058391973376,0.24071536771953106,0.25521857663989067,0.2369629442691803,0.2236281328368932,0.18319991673342884,0.1858021323569119,0.17946135392412543,0.15642034623306245,0.1555232002865523,0.16652738873381168,0.14334340882487595,0.13261233532102779,0.1316158517729491,0.11676900344900787,0.11750048030808102,0.10879376344382763,0.12027934490470216,0.10040255362400785,0.09994009241927415,0.0998687015962787,0.105788579210639,0.09638411935884506,0.09474471694556996,0.09323664134717546,0.091870295611443,0.09063664311543107,0.08952709843288176,0.08853432702017017,0.08765222772490233,0.08687552544870414,0.08620002216775902,0.08562142919981852,0.08513711678097025,0.0847439841600135,0.08444041287293658,0.08422470084042288,0.08409555707476102,0.08405269682407379,0.08409555707476102,0.08422470084042288,0.08444041287293658,0.0847439841600135,0.08513711678097025,0.08562142919981852,0.08620002216775902,0.08687552544870414,0.08765222772490233,0.08853432702017017,0.08952709843288176,0.09063664311543107,0.091870295611443,0.09323664134717546,0.09474471694556996,0.09638411935884506,0.105788579210639,0.0998687015962787,0.09994009241927415,0.10040255362400785,0.12027934490470216,0.10879376344382763,0.11750048030808102,0.11676900344900787,0.1316158517729491,0.13261233532102779,0.14334340882487595,0.16652738873381168,0.1555232002865523,0.15642034623306245,0.17946135392412543,0.1858021323569119,0.18319991673342884,0.2236281328368932,0.2369629442691803,0.25521857663989067,0.24071536771953106,0.27079058391973376,0.36727188155055046,0.34196100756525993,0.43330998672172427,0.7546172179281712,0.9640323878265917,1.2421187292784452,1.6397476475685835,2.4434017799794674,2.596375785768032,5.228398494422436,7.527361869812012
2.9852808117866516,5.152302943170071,4.8394795358181,3.0169732235372066,1.5816180147230625,1.6449248567223549,0.8963953913189471,0.6605838481336832,0.5334491119720042,0.4325928380712867,0.3655682080425322,0.30527267744764686,0.30194967170245945,0.2378503263462335,0.2389057306572795,0.23198968468932435,0.2161057538469322,0.21180871478281915,0.18839658261276782,0.18026785575784743,0.16711155662778765,0.1693838796345517,0.15727878885809332,0.16217755863908678,0.14735824428498745,0.13814039865974337,0.13356403436046094,0.1277335921768099,0.11855038307840005,0.12583944166544825,0.12234753416851163,0.11586981680011377,0.11017582629574463,0.11258223291952163,0.10725098979310133,0.10553766869998071,0.10391233729023952,0.10243393405107781,0.10109582186851185,0.09989043927635066,0.09881030095857568,0.09784984355792403,0.09700364684977103,0.09626692825986538,0.0956360417912947,0.09510774434602354,0.09467877099814359,0.09434756527480204,0.09411207784432918,0.0939712664403487,0.09392440039664507,0.0939712664403487,0.09411207784432918,0.09434756527480204,0.09467877099814359,0.09510774434602354,0.0956360417912947,0.09626692825986538,0.09700364684977103,0.09784984355792403,0.09881030095857568,0.09989043927635066,0.10109582186851185,0.10243393405107781,0.10391233729023952,0.10553766869998071,0.10725098979310133,0.11258223291952163,0.11017582629574463,0.11586981680011377,0.12234753416851163,0.12583944166544825,0.11855038307840005,0.1277335921768099,0.13356403436046094,0.13814039865974337,0.14735824428498745,0.16217755863908678,0.15727878885809332,0.1693838796345517,0.16711155662778765,0.18026785575784743,0.18839658261276782,0.21180871478281915,0.2161057538469322,0.23198968468932435,0.2389057306572795,0.2378503263462335,0.30194967170245945,0.30527267744764686,0.3655682080425322,0.4325928380712867,0.5334491119720042,0.6605838481336832,0.8963953913189471,1.6449248567223549,1.5816180147230625,3.0169732235372066,4.8394795358181,5.152302943170071
2.8998543471097946,3.8801701571792364,3.7228441275656223,1.8921676352620125,1.6033825762569904,1.018068229779601,0.7953036483377218,0.4621763110626489,0.40694536198861897,0.3473330745473504,0.30331278243102133,0.23966068378649652,0.1827765601919964,0.1712661546189338,0.16654410469345748,0.14888561237603426,0.15539968153461814,0.11426785495132208,0.12448705302085727,0.1065937090315856,0.09909726693877019,0.11515637265983969,0.09349998779362068,0.09097103617386892,0.09030564851127565,0.07930620954721235,0.0795712414837908,0.0761581274564378,0.07032147201243788,0.06733655966309016,0.06888149716542102,0.06969770873547532,0.0693835204874631,0.06596312194596976,0.061582443879160564,0.0602952548651956,0.05927285364305135,0.058377661734994035,0.05758193191286409,0.05687185624992708,0.05623977397772251,0.0556792160095938,0.05518639737783815,0.054758409645728534,0.054391974856116576,0.05408532954243128,0.053836770362977404,0.053644734354747925,0.05350827469374053,0.05342666408614605,0.05339956749230623,0.05342666408614605,0.05350827469374053,0.053644734354747925,0.053836770362977404,0.05408532954243128,0.054391974856116576,0.054758409645728534,0.05518639737783815,0.0556792160095938,0.05623977397772251,0.05687185624992708,0.05758193191286409,0.058377661734994035,0.05927285364305135,0.0602952548651956,0.061582443879160564,0.06596312194596976,0.0693835204874631,0.06969770873547532,0.06888149716542102,0.06733655966309016,0.07032147201243788,0.0761581274564378,0.0795712414837908,0.07930620954721235,0.09030564851127565,0.09097103617386892,0.09349998779362068,0.11515637265983969,0.09909726693877019,0.1065937090315856,0.12448705302085727,0.11426785495132208,0.15539968153461814,0.14888561237603426,0.16654410469345748,0.1712661546189338,0.1827765601919964,0.23966068378649652,0.30331278243102133,0.3473330745473504,0.40694536198861897,0.4621763110626489,0.7953036483377218,1.018068229779601,1.6033825762569904,1.8921676352620125,3.7228441275656223,3.8801701571792364
3.1748060062527657,4.049076661467552,5.046282052993774,1.7155392896384,0.9573048464953899,0.9561962727457285,0.6520530637353659,0.6126370783895254,0.47483043745160103,0.2847683671861887,0.25299506075680256,0.18634075176669285,0.14850161643698812,0.14452050835825503,0.13359815336298198,0.1287990240380168,0.11038167669903487,0.11164021084550768,0.11492252396419644,0.10508301970548928,0.08761032054826501,0.08251450152602047,0.08521128527354449,0.07764924160437658,0.07343483669683337,0.07313679286744446,0.07668428035685793,0.06935099133988842,0.06695019721519202,0.06475402280921116,0.061110652750357985,0.06348820688435808,0.05936224720790051,0.05862526345299557,0.055924388812854886,0.055134742200607434,0.054240890400251374,0.05341663472063374,0.052669829019578174,0.051998168128193356,0.0513972734042909,0.05086326555465348,0.05039317584305536,0.04998353785776999,0.04963260009390069,0.04933776853431482,0.04909803020564141,0.048912209131231066,0.04877957421558676,0.04870009798469255,0.04867354780435562,0.04870009798469255,0.04877957421558676,0.048912209131231066,0.04909803020564141,0.04933776853431482,0.04963260009390069,0.04998353785776999,0.05039317584305536,0.05086326555465348,0.0513972734042909,0.051998168128193356,0.052669829019578174,0.05341663472063374,0.054240890400251374,0.055134742200607434,0.055924388812854886,0.05862526345299557,0.05936224720790051,0.06348820688435808,0.061110652750357985,0.06475402280921116,0.06695019721519202,0.06935099133988842,0.07668428035685793,0.07313679286744446,0.07343483669683337,0.07764924160437658,0.08521128527354449,0.08251450152602047,0.08761032054826501,0.10508301970548928,0.11492252396419644,0.11164021084550768,0.11038167669903487,0.1287990240380168,0.13359815336298198,0.14452050835825503,0.14850161643698812,0.18634075176669285,0.25299506075680256,0.2847683671861887,0.47483043745160103,0.6126370783895254,0.6520530637353659,0.9561962727457285,0.9573048464953899,1.7155392896384,5.046282052993774,4.049076661467552
3.920454705134034,4.182519678026438,3.492977514863014,1.3748345635831356,1.0251761600375175,0.7198537639342248,0.6066715233027935,0.5759065262973309,0.3679801286198199,0.4053698335774243,0.2756274356506765,0.24388408102095127,0.22299859672784805,0.19912641681730747,0.1735332903917879,0.1709528077626601,0.16835969674866647,0.137001842726022,0.13852240634150803,0.13986713904887438,0.12437562295235693,0.10786546510644257,0.11314155324362218,0.10894150045351125,0.10260107909562066,0.09750301379244775,0.0995961680309847,0.09799218637635931,0.091584816807881,0.09023403422906995,0.08714522136142477,0.08374224373983452,0.08512857899768278,0.0819860466872342,0.07927975301572587,0.07811948841845151,0.07691722545132507,0.07581483166723046,0.07481540249136742,0.07391477614146424,0.07310832774237497,0.07239130145171657,0.07175986215588637,0.07121037508477457,0.07073989887430798,0.0703460793956765,0.07002639381971676,0.06977957156050252,0.06960405697464012,0.06949920563056367,0.06946431053802371,0.06949920563056367,0.06960405697464012,0.06977957156050252,0.07002639381971676,0.0703460793956765,0.07073989887430798,0.07121037508477457,0.07175986215588637,0.07239130145171657,0.07310832774237497,0.07391477614146424,0.07481540249136742,0.07581483166723046,0.07691722545132507,0.07811948841845151,0.07927975301572587,0.0819860466872342,0.08512857899768278,0.08374224373983452,0.08714522136142477,0.09023403422906995,0.091584816807881,0.09799218637635931,0.0995961680309847,0.09750301379244775,0.10260107909562066,0.10894150045351125,0.11314155324362218,0.10786546510644257,0.12437562295235693,0.13986713904887438,0.13852240634150803,0.137001842726022,0.16835969674866647,0.1709528077626601,0.1735332903917879,0.19912641681730747,0.22299859672784805,0.24388408102095127,0.2756274356506765,0.4053698335774243,0.3679801286198199,0.5759065262973309,0.6066715233027935,0.7198537639342248,1.0251761600375175,1.3748345635831356,3.492977514863014,4.182519678026438
2.701045686379075,4.80096410959959,3.3954298347234726,1.384465828537941,1.1863890085369349,0.8835345478728414,0.5908198729157448,0.5451450040563941,0.47939090989530087,0.4389403136447072,0.39573723170906305,0.31550106685608625,0.26737382006831467,0.25802952237427235,0.24456966412253678,0.2293411740101874,0.1949000955792144,0.20196343085262924,0.19501748587936163,0.1728757380042225,0.1705256593413651,0.1640496824402362,0.15244388330029324,0.15134162752656266,0.14658394205616787,0.14159129158360884,0.1389612558996305,0.1297661458957009,0.12737420719349757,0.12928900338010862,0.12125301444029901,0.12228982441592962,0.11496715189423412,0.11337467952398583,0.11319457486388274,0.11103544852812774,0.1093115562107414,0.10777334243175574,0.10638702209689654,0.10513908450957388,0.10402136144693941,0.10302699630847201,0.1021506808756385,0.10138732194900513,0.10073338219081052,0.10018551326356828,0.09974080944084562,0.09939724812284112,0.0991529680613894,0.09900684872991405,0.0989582808688283,0.09900684872991405,0.0991529680613894,0.09939724812284112,0.09974080944084562,0.10018551326356828,0.10073338219081052,0.10138732194900513,0.1021506808756385,0.10302699630847201,0.10402136144693941,0.10513908450957388,0.10638702209689654,0.10777334243175574,0.1093115562107414,0.11103544852812774,0.11319457486388274,0.11337467952398583,0.11496715189423412,0.12228982441592962,0.12125301444029901,0.12928900338010862,0.12737420719349757,0.1297661458957009,0.1389612558996305,0.14159129158360884,0.14658394205616787,0.15134162752656266,0.15244388330029324,0.1640496824402362,0.1705256593413651,0.1728757380042225,0.19501748587936163,0.20196343085262924,0.1949000955792144,0.2293411740101874,0.24456966412253678,0.25802952237427235,0.26737382006831467,0.31550106685608625,0.39573723170906305,0.4389403136447072,0.47939090989530087,0.5451450040563941,0.5908198729157448,0.8835345478728414,1.1863890085369349,1.384465828537941,3.3954298347234726,4.80096410959959
3.744150299113244,4.748239561915398,2.128019455820322,1.2191419135779142,0.8116122186183929,0.41385207092389464,0.5135536855086684,0.3103966291528195,0.24193774815648794,0.19664087612181902,0.2176501383073628,0.17874091980047524,0.1442522789875511,0.13574756274465472,0.11882735294057056,0.1263815195998177,0.11251784570049495,0.10089886747300625,0.08883446955587715,0.07565547246485949,0.08339751942548901,0.0757652744941879,0.07374683645321056,0.0685073109343648,0.06806990620680153,0.06501747002766933,0.0649705424439162,0.05998358820215799,0.06064280983991921,0.059526659664697945,0.05889872106490657,0.057788357546087354,0.0566126077901572,0.05523635452846065,0.05275237435125746,0.0517567316419445,0.050886879180325195,0.05011245055356994,0.04942028850200586,0.04880210949340835,0.048251681349938735,0.04776427600882016,0.04733647746616043,0.04696499588317238,0.04664751549717039,0.04638200454064645,0.046166894608177245,0.04600087259314023,0.04588296270230785,0.04581239487743005,0.04578898148611188,0.04581239487743005,0.04588296270230785,0.04600087259314023,0.046166894608177245,0.04638200454064645,0.04664751549717039,0.04696499588317238,0.04733647746616043,0.04776427600882016,0.048251681349938735,0.04880210949340835,0.04942028850200586,0.05011245055356994,0.050886879180325195,0.0517567316419445,0.05275237435125746,0.05523635452846065,0.0566126077901572,0.057788357546087354,0.05889872106490657,0.059526659664697945,0.06064280983991921,0.05998358820215799,0.0649705424439162,0.06501747002766933,0.06806990620680153,0.0685073109343648,0.07374683645321056,0.0757652744941879,0.08339751942548901,0.07565547246485949,0.08883446955587715,0.10089886747300625,0.11251784570049495,0.1263815195998177,0.11882735294057056,0.13574756274465472,0.1442522789875511,0.17874091980047524,0.2176501383073628,0.19664087612181902,0.24193774815648794,0.3103966291528195,0.5135536855086684,0.41385207092389464,0.8116122186183929,1.2191419135779142,2.128019455820322,4.748239561915398
2.756017478182912,3.5376168191432953,1.9108331017196178,0.9957557860761881,0.736976757645607,0.5960946483537555,0.4249057453125715,0.3368220613338053,0.23896432062610984,0.22577710240148008,0.22545795887708664,0.16667516250163317,0.16404984332621098,0.1439850360620767,0.13318220866494812,0.12709769047796726,0.127032833523117,0.11165756522677839,0.11370018101297319,0.10811818367801607,0.10139714046090376,0.09698182507418096,0.0924985396413831,0.08774565218482167,0.08703863879782148,0.08074604108696803,0.08104942692443728,0.07687539713515434,0.0758131115580909,0.07167165252030827,0.07205492799403146,0.0705786662583705,0.06933136831503361,0.06788660283200443,0.0669995806820225,0.06553686806000769,0.06441225326852873,0.06343313268735074,0.06256427954940591,0.061790216888766736,0.06110171817999799,0.060492343676742166,0.05995741755759809,0.05949286575196311,0.05909591316594742,0.05876385791634675,0.05849471312831156,0.0582869493518956,0.05813935733749531,0.05805118645366747,0.05802177358418703,0.05805118645366747,0.05813935733749531,0.0582869493518956,0.05849471312831156,0.05876385791634675,0.05909591316594742,0.05949286575196311,0.05995741755759809,0.060492343676742166,0.06110171817999799,0.061790216888766736,0.06256427954940591,0.06343313268735074,0.06441225326852873,0.06553686806000769,0.0669995806820225,0.06788660283200443,0.06933136831503361,0.0705786662583705,0.07205492799403146,0.07167165252030827,0.0758131115580909,0.07687539713515434,0.08104942692443728,0.08074604108696803,0.08703863879782148,0.08774565218482167,0.0924985396413831,0.09698182507418096,0.10139714046090376,0.10811818367801607,0.11370018101297319,0.11165756522677839,0.127032833523117,0.12709769047796726,0.13318220866494812,0.1439850360620767,0.16404984332621098,0.16667516250163317,0.22545795887708664,0.22577710240148008,0.23896432062610984,0.3368220613338053,0.4249057453125715,0.5960946483537555,0.736976757645607,0.9957557860761881,1.9108331017196178,3.5376168191432953
2.176896546036005,3.450885646045208,1.4931727387011051,1.205567292869091,0.6300038285553455,0.5080263749696314,0.3816123250871897,0.28464958851691335,0.24398956971708685,0.20219997339881957,0.17492251051589847,0.14168586081359535,0.12035427641239949,0.12171194853726774,0.10786656086565927,0.10497872979613021,0.09499030921142548,0.09306882997043431,0.08892887464025989,0.0830690530128777,0.07886168139521033,0.07417491185697145,0.07210516720078886,0.06866102357162163,0.0666993765917141,0.06536232921644114,0.06303248764015734,0.06200179032748565,0.05962762721173931,0.05804461782099679,0.05634335955255665,0.0549071847635787,0.054519733908819035,0.052983226007199846,0.0519704946091224,0.05095311739933095,0.05012982329208171,0.04939342012221459,0.048730717215221375,0.04813535169887473,0.047603138718841365,0.04713041546710883,0.046714127114682924,0.046351951285032555,0.0460417895919818,0.045781985219946364,0.045571261489385506,0.04540842764254194,0.04529267945326865,0.045223474808153696,0.045200394466519356,0.045223474808153696,0.04529267945326865,0.04540842764254194,0.045571261489385506,0.045781985219946364,0.0460417895919818,0.046351951285032555,0.046714127114682924,0.04713041546710883,0.047603138718841365,0.04813535169887473,0.048730717215221375,0.04939342012221459,0.05012982329208171,0.05095311739933095,0.0519704946091224,0.052983226007199846,0.054519733908819035,0.0549071847635787,0.05634335955255665,0.05804461782099679,0.05962762721173931,0.06200179032748565,0.06303248764015734,0.06536232921644114,0.0666993765917141,0.06866102357162163,0.07210516720078886,0.07417491185697145,0.07886168139521033,0.0830690530128777,0.08892887464025989,0.09306882997043431,0.09499030921142548,0.10497872979613021,0.10786656086565927,0.12171194853726774,0.12035427641239949,0.14168586081359535,0.17492251051589847,0.20219997339881957,0.24398956971708685,0.28464958851691335,0.3816123250871897,0.5080263749696314,0.6300038285553455,1.205567292869091,1.4931727387011051,3.450885646045208
1.1370630566962063,3.19624450430274,2.2082044407725334,0.5894496012479067,0.56367545761168,0.37913267593830824,0.36643285024911165,0.2247869896236807,0.18907909817062318,0.16859577712602913,0.14406049926765263,0.13980148825794458,0.12364303017966449,0.10780344437807798,0.10477787168929353,0.09499764873180538,0.08572415840171743,0.08495717420009896,0.08314730640267953,0.07537421624874696,0.07367696368601173,0.06863138427434023,0.06623236500308849,0.06497349147684872,0.060605509046581574,0.06144816867890768,0.059133749920874834,0.05702936364104971,0.0548202795907855,0.05425983254099265,0.05306954382103868,0.05123994094901718,0.0499891350773396,0.04948154298472218,0.04846542398445308,0.04770303182885982,0.04698271529923659,0.04632612210116349,0.045731015808996744,0.04519412660738453,0.0447129812091589,0.044284665942541324,0.04390723159303889,0.043578454409725964,0.04329684519325383,0.04306087341683451,0.04286938832956366,0.04272139041859191,0.042616198465111665,0.042553297098493204,0.04253234248608351,0.042553297098493204,0.042616198465111665,0.04272139041859191,0.04286938832956366,0.04306087341683451,0.04329684519325383,0.043578454409725964,0.04390723159303889,0.044284665942541324,0.0447129812091589,0.04519412660738453,0.045731015808996744,0.04632612210116349,0.04698271529923659,0.04770303182885982,0.04846542398445308,0.04948154298472218,0.0499891350773396,0.05123994094901718,0.05306954382103868,0.05425983254099265,0.0548202795907855,0.05702936364104971,0.059133749920874834,0.06144816867890768,0.060605509046581574,0.06497349147684872,0.06623236500308849,0.06863138427434023,0.07367696368601173,0.07537421624874696,0.08314730640267953,0.08495717420009896,0.08572415840171743,0.09499764873180538,0.10477787168929353,0.10780344437807798,0.12364303017966449,0.13980148825794458,0.14406049926765263,0.16859577712602913,0.18907909817062318,0.2247869896236807,0.36643285024911165,0.37913267593830824,0.56367545761168,0.5894496012479067,2.2082044407725334,3.19624450430274
1.3378148940391839,2.2647143825888634,1.366894330829382,0.6521044624969363,0.49113190453499556,0.3040743307210505,0.21220063883811235,0.16252251219702885,0.1562607859959826,0.09593360079452395,0.08465715131023899,0.07420050208747853,0.06210518901934847,0.055814892635680735,0.05335170430771541,0.051893891766667366,0.04750984624843113,0.04440546338446438,0.042039217543788254,0.039886450074845925,0.037052409374155104,0.03531525994185358,0.03486262043588795,0.03356460446957499,0.030991513369372115,0.03008383113774471,0.030995226443337742,0.028964450633793604,0.028205139940837398,0.027365702888346277,0.026526314599323086,0.02644245068222517,0.02572507729246354,0.02469626159290783,0.024264890584163368,0.02384478459316597,0.023460399570467416,0.023112596609280445,0.02279868890218495,0.02251641838302021,0.02226382888329681,0.022039294652131503,0.021841520201633102,0.021669305216164503,0.021521605660382193,0.021397966077529418,0.021297328639775515,0.021219507145360694,0.021164154411962954,0.02113101176746568,0.021119951270520687,0.02113101176746568,0.021164154411962954,0.021219507145360694,0.021297328639775515,0.021397966077529418,0.021521605660382193,0.021669305216164503,0.021841520201633102,0.022039294652131503,0.02226382888329681,0.02251641838302021,0.02279868890218495,0.023112596609280445,0.023460399570467416,0.02384478459316597,0.024264890584163368,0.02469626159290783,0.02572507729246354,0.02644245068222517,0.026526314599323086,0.027365702888346277,0.028205139940837398,0.028964450633793604,0.030995226443337742,0.03008383113774471,0.030991513369372115,0.03356460446957499,0.03486262043588795,0.03531525994185358,0.037052409374155104,0.039886450074845925,0.042039217543788254,0.04440546338446438,0.04750984624843113,0.051893891766667366,0.05335170430771541,0.055814892635680735,0.06210518901934847,0.07420050208747853,0.08465715131023899,0.09593360079452395,0.1562607859959826,0.16252251219702885,0.21220063883811235,0.3040743307210505,0.49113190453499556,0.6521044624969363,1.366894330829382,2.2647143825888634
1.1381698567420244,2.932301253080368,2.0863187685608864,1.4316165521740913,1.0493659167550504,1.018040070310235,0.5028417315334082,0.3526592464186251,0.27579422714188695,0.18783040181733668,0.16112422780133784,0.16760746762156487,0.13784894219134003,0.12002615246456116,0.10116697871126235,0.11710875853896141,0.13262347225099802,0.07256698026321828,0.10162036781548522,0.07820407894905657,0.11779084708541632,0.07103871856816113,0.06804097787244245,0.06542817509034649,0.06605605961522087,0.05656816950067878,0.05578854796476662,0.057402466773055494,0.0420166808180511,0.046524291014065966,0.045618860283866525,0.05086791003122926,0.04540997283766046,0.04135160555597395,0.038110121531644836,0.036628165558795445,0.035816733638057485,0.03515579391387291,0.03458968040649779,0.03409611833922099,0.03366339932108531,0.033283942691923585,0.03295265173801454,0.03266609187267022,0.03242172828322509,0.03221728366042953,0.03205163886741502,0.031923588750942145,0.03183242532395525,0.03177788346511079,0.03175972634926438,0.03177788346511079,0.03183242532395525,0.031923588750942145,0.03205163886741502,0.03221728366042953,0.03242172828322509,0.03266609187267022,0.03295265173801454,0.033283942691923585,0.03366339932108531,0.03409611833922099,0.03458968040649779,0.03515579391387291,0.035816733638057485,0.036628165558795445,0.038110121531644836,0.04135160555597395,0.04540997283766046,0.05086791003122926,0.045618860283866525,0.046524291014065966,0.0420166808180511,0.057402466773055494,0.05578854796476662,0.05656816950067878,0.06605605961522087,0.06542817509034649,0.06804097787244245,0.07103871856816113,0.11779084708541632,0.07820407894905657,0.10162036781548522,0.07256698026321828,0.13262347225099802,0.11710875853896141,0.10116697871126235,0.12002615246456116,0.13784894219134003,0.16760746762156487,0.16112422780133784,0.18783040181733668,0.27579422714188695,0.3526592464186251,0.5028417315334082,1.018040070310235,1.0493659167550504,1.4316165521740913,2.0863187685608864,2.932301253080368
2.62247134745121,4.649697989225388,3.2096361462026834,1.8699388206005096,1.5936316857114434,1.5651994124054909,0.9800262842327356,0.7477093106135726,0.47709821857279167,0.3264148226007819,0.3906326489523053,0.294055899605155,0.2615697020664811,0.21476338687352836,0.19636828661896288,0.1908166604116559,0.18233271082863212,0.14353060605935752,0.15322887781076133,0.1455175238661468,0.15289603220298886,0.12347554811276495,0.14074935484677553,0.1270520573016256,0.11109616770409048,0.11146671761525795,0.11446833773516119,0.10081959154922515,0.09162877919152379,0.1014721131650731,0.0906844154233113,0.0821552345296368,0.08642882644198835,0.08097815699875355,0.07723766803974286,0.07631424002465792,0.07523779643815942,0.07418734703969676,0.07321042267722078,0.0723189707932761,0.07151498665916733,0.07079739154141862,0.0701633510470856,0.0696107186813606,0.06913669854111504,0.06873945166444173,0.06841675044051954,0.06816732907464029,0.06798988548325724,0.06788377928751288,0.06784835830330849,0.06788377928751288,0.06798988548325724,0.06816732907464029,0.06841675044051954,0.06873945166444173,0.06913669854111504,0.0696107186813606,0.0701633510470856,0.07079739154141862,0.07151498665916733,0.0723189707932761,0.07321042267722078,0.07418734703969676,0.07523779643815942,0.07631424002465792,0.07723766803974286,0.08097815699875355,0.08642882644198835,0.0821552345296368,0.0906844154233113,0.1014721131650731,0.09162877919152379,0.10081959154922515,0.11446833773516119,0.11146671761525795,0.11109616770409048,0.1270520573016256,0.14074935484677553,0.12347554811276495,0.15289603220298886,0.1455175238661468,0.15322887781076133,0.14353060605935752,0.18233271082863212,0.1908166604116559,0.19636828661896288,0.21476338687352836,0.2615697020664811,0.294055899605155,0.3906326489523053,0.3264148226007819,0.47709821857279167,0.7477093106135726,0.9800262842327356,1.5651994124054909,1.5936316857114434,1.8699388206005096,3.2096361462026834,4.649697989225388
4.758139307610691,6.767306759953499,4.458966126665473,1.3947459924966097,1.2486091945320368,0.8845396656543016,1.0963200340047479,0.9033082770183682,0.3920714877313003,0.31994049926288426,0.2868996171746403,0.19232711428776383,0.14522392593789846,0.1756701748818159,0.1521297080325894,0.11961785884341225,0.14129309263080359,0.1178808473632671,0.11018246377352625,0.10246793343685567,0.11820859997533262,0.10136258928105235,0.10666990838944912,0.0959474896080792,0.09380359580973163,0.08789522992447019,0.07169945409987122,0.08601561628165655,0.07241435046307743,0.06839421518088784,0.06727545527974144,0.06787639239337295,0.06849344982765615,0.0646048046182841,0.05711659824009985,0.05762313026934862,0.0570709069725126,0.05639507609885186,0.055722155317198485,0.05508802874828689,0.05450523053877987,0.05397903377888724,0.05351039257948287,0.05309958083671518,0.05274574807845056,0.052448481670580804,0.05220661489875056,0.05201929752365686,0.05188601010013372,0.05180624208878726,0.05177970137447119,0.05180624208878726,0.05188601010013372,0.05201929752365686,0.05220661489875056,0.052448481670580804,0.05274574807845056,0.05309958083671518,0.05351039257948287,0.05397903377888724,0.05450523053877987,0.05508802874828689,0.055722155317198485,0.05639507609885186,0.0570709069725126,0.05762313026934862,0.05711659824009985,0.0646048046182841,0.06849344982765615,0.06787639239337295,0.06727545527974144,0.06839421518088784,0.07241435046307743,0.08601561628165655,0.07169945409987122,0.08789522992447019,0.09380359580973163,0.0959474896080792,0.10666990838944912,0.10136258928105235,0.11820859997533262,0.10246793343685567,0.11018246377352625,0.1178808473632671,0.14129309263080359,0.11961785884341225,0.1521297080325894,0.1756701748818159,0.14522392593789846,0.19232711428776383,0.2868996171746403,0.31994049926288426,0.3920714877313003,0.9033082770183682,1.0963200340047479,0.8845396656543016,1.2486091945320368,1.3947459924966097,4.458966126665473,6.767306759953499
4.535227332264185,8.565211661159992,4.040396749973297,1.9094307497143745,1.4889737479388714,0.7832302339375019,0.5906081981956959,0.56467927666381,0.3967603261116892,0.30952895688824356,0.24327326053753495,0.22639385727234185,0.21304010809399188,0.19190577697008848,0.15379692241549492,0.15511122439056635,0.15063595620449632,0.14623304945416749,0.1236876011826098,0.11958773044170812,0.1189739789115265,0.12020843219943345,0.11223205842543393,0.10852608176355716,0.10452513897325844,0.10058770922478288,0.09330387588124722,0.08749744200031273,0.09092084754956886,0.08848335261427565,0.08486744720721617,0.08439429040299729,0.08414217794779688,0.07926588694681413,0.0753002687706612,0.07435524347238243,0.07327739612082951,0.07224597410822753,0.07129651941068005,0.07043481747678015,0.06966011349868495,0.06897015920549165,0.0683618620823836,0.06783217091287952,0.06737831470672973,0.06699825504620094,0.0666898687632056,0.0664516580873169,0.06628221621213015,0.06618099921615794,0.06614729296416044,0.06618099921615794,0.06628221621213015,0.0664516580873169,0.0666898687632056,0.06699825504620094,0.06737831470672973,0.06783217091287952,0.0683618620823836,0.06897015920549165,0.06966011349868495,0.07043481747678015,0.07129651941068005,0.07224597410822753,0.07327739612082951,0.07435524347238243,0.0753002687706612,0.07926588694681413,0.08414217794779688,0.08439429040299729,0.08486744720721617,0.08848335261427565,0.09092084754956886,0.08749744200031273,0.09330387588124722,0.10058770922478288,0.10452513897325844,0.10852608176355716,0.11223205842543393,0.12020843219943345,0.1189739789115265,0.11958773044170812,0.1236876011826098,0.14623304945416749,0.15063595620449632,0.15511122439056635,0.15379692241549492,0.19190577697008848,0.21304010809399188,0.22639385727234185,0.24327326053753495,0.30952895688824356,0.3967603261116892,0.56467927666381,0.5906081981956959,0.7832302339375019,1.4889737479388714,1.9094307497143745,4.040396749973297,8.565211661159992
4.165486952289939,9.414659917354584,3.7995816692709923,1.8526486828923225,1.1811788827180862,1.0578040862455964,1.0025611229939386,0.7414253009483218,0.5592498420737684,0.4497178136371076,0.40664588031359017,0.3574431410524994,0.3433351367712021,0.3040742671582848,0.2679639009293169,0.2674023596337065,0.25138729182071984,0.2349960575811565,0.22645166306756437,0.21119584428379312,0.2043890476343222,0.18447583200759254,0.1838340894319117,0.17814868036657572,0.17919767915736884,0.16773100703721866,0.16392452386207879,0.16248327516950667,0.15633345930837095,0.14762135298224166,0.14775771682616323,0.14313910418422893,0.1379141027937294,0.13721482339315116,0.13357937335968018,0.13144721181015484,0.1293797451944556,0.1275077614118345,0.12581979151582345,0.1243033016944537,0.1229475232976256,0.12174374009191524,0.120684157096548,0.11976261759991758,0.11897376528941095,0.11831338360207155,0.1177777729317313,0.11736409906006884,0.11707009589008521,0.11689428336103447,0.11683584470301867,0.11689428336103447,0.11707009589008521,0.11736409906006884,0.1177777729317313,0.11831338360207155,0.11897376528941095,0.11976261759991758,0.120684157096548,0.12174374009191524,0.1229475232976256,0.1243033016944537,0.12581979151582345,0.1275077614118345,0.1293797451944556,0.13144721181015484,0.13357937335968018,0.13721482339315116,0.1379141027937294,0.14313910418422893,0.14775771682616323,0.14762135298224166,0.15633345930837095,0.16248327516950667,0.16392452386207879,0.16773100703721866,0.17919767915736884,0.17814868036657572,0.1838340894319117,0.18447583200759254,0.2043890476343222,0.21119584428379312,0.22645166306756437,0.2349960575811565,0.25138729182071984,0.2674023596337065,0.2679639009293169,0.3040742671582848,0.3433351367712021,0.3574431410524994,0.40664588031359017,0.4497178136371076,0.5592498420737684,0.7414253009483218,1.0025611229939386,1.0578040862455964,1.1811788827180862,1.8526486828923225,3.7995816692709923,9.414659917354584
5.603300757706165,6.960841588675976,3.695060182362795,1.8673706110566854,1.3820782527327538,0.8981623183935881,0.8749781614169478,0.6706800727406517,0.5836481188889593,0.5145434755831957,0.4397707134485245,0.3736966354190372,0.3479679411975667,0.325090488884598,0.3123672049259767,0.2863469645380974,0.2667178356205113,0.24310728709679097,0.25026092026382685,0.23247148597147316,0.22522238979581743,0.2111861759913154,0.21104263933375478,0.19490481482353061,0.1804699975764379,0.18151123978896067,0.173495362221729,0.17263500299304724,0.17078352550743148,0.16087273124139756,0.15917591989273205,0.15674162976210937,0.1525885064911563,0.14895194879500195,0.146321721811546,0.14329228582209907,0.14095811237348244,0.13890322254155762,0.13706688524689525,0.13542245354619808,0.13395502045750618,0.13265274160949048,0.13150718368706293,0.13051082544552628,0.12965828162850812,0.1289444549183827,0.12836528693151195,0.1279181438003434,0.1276002961967606,0.12741023623675574,0.1273469775915146,0.12741023623675574,0.1276002961967606,0.1279181438003434,0.12836528693151195,0.1289444549183827,0.12965828162850812,0.13051082544552628,0.13150718368706293,0.13265274160949048,0.13395502045750618,0.13542245354619808,0.13706688524689525,0.13890322254155762,0.14095811237348244,0.14329228582209907,0.146321721811546,0.14895194879500195,0.1525885064911563,0.15674162976210937,0.15917591989273205,0.16087273124139756,0.17078352550743148,0.17263500299304724,0.173495362221729,0.18151123978896067,0.1804699975764379,0.19490481482353061,0.21104263933375478,0.2111861759913154,0.22522238979581743,0.23247148597147316,0.25026092026382685,0.24310728709679097,0.2667178356205113,0.2863469645380974,0.3123672049259767,0.325090488884598,0.3479679411975667,0.3736966354190372,0.4397707134485245,0.5145434755831957,0.5836481188889593,0.6706800727406517,0.8749781614169478,0.8981623183935881,1.3820782527327538,1.8673706110566854,3.695060182362795,6.960841588675976
3.15355003811419,6.926028799265623,3.3161864285357296,1.8224523114040494,0.944113802164793,0.9011328741908073,0.6891983030363917,0.5456169028766453,0.4564051504712552,0.38295000814832747,0.3566911288071424,0.3229692995082587,0.30843440257012844,0.2712169261649251,0.2511315984884277,0.23278371873311698,0.2182718280237168,0.21541248622816056,0.1940177197684534,0.18784037639852613,0.17833621648605913,0.1759796964470297,0.16345779376570135,0.15779328939970583,0.15309369534952566,0.15310890815453604,0.14549788483418524,0.13825718988664448,0.13580760842887685,0.13469200301915407,0.1296216805203585,0.1254319658037275,0.12470390793168917,0.12128808558918536,0.1187884837272577,0.11676217371132225,0.11493796817376278,0.11328852860606275,0.11180042789783329,0.11046231543878093,0.10926517195184715,0.10820167331257835,0.10726508928928524,0.10645039071096107,0.10575298377079889,0.10516886954428628,0.10469513374846429,0.10432916664285585,0.10406902871909551,0.1039135454047937,0.10386175848543644,0.1039135454047937,0.10406902871909551,0.10432916664285585,0.10469513374846429,0.10516886954428628,0.10575298377079889,0.10645039071096107,0.10726508928928524,0.10820167331257835,0.10926517195184715,0.11046231543878093,0.11180042789783329,0.11328852860606275,0.11493796817376278,0.11676217371132225,0.1187884837272577,0.12128808558918536,0.12470390793168917,0.1254319658037275,0.1296216805203585,0.13469200301915407,0.13580760842887685,0.13825718988664448,0.14549788483418524,0.15310890815453604,0.15309369534952566,0.15779328939970583,0.16345779376570135,0.1759796964470297,0.17833621648605913,0.18784037639852613,0.1940177197684534,0.21541248622816056,0.2182718280237168,0.23278371873311698,0.2511315984884277,0.2712169261649251,0.30843440257012844,0.3229692995082587,0.3566911288071424,0.38295000814832747,0.4564051504712552,0.5456169028766453,0.6891983030363917,0.9011328741908073,0.944113802164793,1.8224523114040494,3.3161864285357296,6.926028799265623
4.48625105433166,6.214453853666782,2.732967257499695,0.9701730988454074,0.8319224044680595,0.6915571857243776,0.467410143930465,0.3321658014319837,0.2877878211438656,0.2340252606663853,0.20016451086848974,0.18229947017971426,0.15823442355031148,0.13930790987797081,0.13810630922671407,0.13636887224856764,0.11346593766938895,0.11516122811008245,0.10184870654484257,0.10850345261860639,0.09640645695617422,0.09450579254189506,0.09217711648670956,0.08780346455750987,0.08377968837157823,0.08320637856377289,0.07663864843198098,0.07488640495284926,0.07719452463788912,0.06964278405939694,0.06879048014525324,0.06475664087338373,0.06643988365976838,0.0649295244802488,0.06163678392476868,0.060820455008069985,0.0599685618217336,0.05915467032173183,0.058400624271598645,0.05771201477909926,0.057089380992692895,0.056531697628088295,0.05603743768733693,0.05560473129298771,0.055232257836905774,0.05491793526744004,0.054661070091242436,0.05446064524949179,0.0543164005066501,0.054228961940680165,0.054199494421482086,0.054228961940680165,0.0543164005066501,0.05446064524949179,0.054661070091242436,0.05491793526744004,0.055232257836905774,0.05560473129298771,0.05603743768733693,0.056531697628088295,0.057089380992692895,0.05771201477909926,0.058400624271598645,0.05915467032173183,0.0599685618217336,0.060820455008069985,0.06163678392476868,0.0649295244802488,0.06643988365976838,0.06475664087338373,0.06879048014525324,0.06964278405939694,0.07719452463788912,0.07488640495284926,0.07663864843198098,0.08320637856377289,0.08377968837157823,0.08780346455750987,0.09217711648670956,0.09450579254189506,0.09640645695617422,0.10850345261860639,0.10184870654484257,0.11516122811008245,0.11346593766938895,0.13636887224856764,0.13810630922671407,0.13930790987797081,0.15823442355031148,0.18229947017971426,0.20016451086848974,0.2340252606663853,0.2877878211438656,0.3321658014319837,0.467410143930465,0.6915571857243776,0.8319224044680595,0.9701730988454074,2.732967257499695,6.214453853666782
3.8474582033231854,6.538808509707451,2.712006162852049,1.2286523301154375,0.7257123850286007,0.6915113721042871,0.5678692678920925,0.384152895770967,0.33190158591605723,0.277854272746481,0.23057695012539625,0.21621873835101724,0.21146636945195496,0.19074891420314088,0.1698687884490937,0.16164288361323997,0.15486782311927527,0.1453217751113698,0.14336799329612404,0.1306747398339212,0.12891834805486724,0.12790858384687454,0.11191384925041348,0.11053935582458507,0.10886045428924263,0.09973371907835826,0.09883706117398106,0.09970981266815215,0.09686933434568346,0.09294439555378631,0.09193708194652572,0.09000588301569223,0.08714033395517617,0.08790934644639492,0.08327259338693693,0.08215388050302863,0.08092934737214819,0.07979251240612939,0.07875767903169617,0.07782350608613342,0.07698617887217551,0.07624139141989872,0.07558513019466773,0.07501389097888023,0.07452470634598285,0.0741149578243494,0.07378241047263145,0.07352556177647784,0.07334301114315167,0.07323386147618294,0.07319753989577293,0.07323386147618294,0.07334301114315167,0.07352556177647784,0.07378241047263145,0.0741149578243494,0.07452470634598285,0.07501389097888023,0.07558513019466773,0.07624139141989872,0.07698617887217551,0.07782350608613342,0.07875767903169617,0.07979251240612939,0.08092934737214819,0.08215388050302863,0.08327259338693693,0.08790934644639492,0.08714033395517617,0.09000588301569223,0.09193708194652572,0.09294439555378631,0.09686933434568346,0.09970981266815215,0.09883706117398106,0.09973371907835826,0.10886045428924263,0.11053935582458507,0.11191384925041348,0.12790858384687454,0.12891834805486724,0.1306747398339212,0.14336799329612404,0.1453217751113698,0.15486782311927527,0.16164288361323997,0.1698687884490937,0.19074891420314088,0.21146636945195496,0.21621873835101724,0.23057695012539625,0.277854272746481,0.33190158591605723,0.384152895770967,0.5678692678920925,0.6915113721042871,0.7257123850286007,1.2286523301154375,2.712006162852049,6.538808509707451
3.846417192486115,5.684066887944937,2.082411289215088,1.1243507468607277,0.5971532631665468,0.5365540003404021,0.4526507779955864,0.3990264181047678,0.28973868407774717,0.2337529162177816,0.22255078656598926,0.19679995183832943,0.18064231192693114,0.16961880098097026,0.16031529300380498,0.137915697414428,0.13648927747271955,0.12832774210255593,0.12281442631501704,0.11517474829452112,0.11147024598903954,0.1067663406720385,0.10295784001937136,0.10001538839424029,0.0984343008021824,0.0906081049470231,0.08905880601378158,0.08606640523066744,0.08717162389075384,0.08115497190738097,0.08026885049184784,0.07825284304271918,0.07648265728494152,0.07518409637850709,0.07462751204730012,0.0731446866702754,0.07195915481133852,0.07091101534024347,0.06997252846485935,0.06913167501625139,0.06838080275338143,0.06771430233493447,0.06712796392093878,0.06661789075587876,0.06618134677410126,0.0658160658495035,0.06551955491886474,0.06529066921211779,0.0651280163001502,0.06503070781764109,0.06499837897717953,0.06503070781764109,0.0651280163001502,0.06529066921211779,0.06551955491886474,0.0658160658495035,0.06618134677410126,0.06661789075587876,0.06712796392093878,0.06771430233493447,0.06838080275338143,0.06913167501625139,0.06997252846485935,0.07091101534024347,0.07195915481133852,0.0731446866702754,0.07462751204730012,0.07518409637850709,0.07648265728494152,0.07825284304271918,0.08026885049184784,0.08115497190738097,0.08717162389075384,0.08606640523066744,0.08905880601378158,0.0906081049470231,0.0984343008021824,0.10001538839424029,0.10295784001937136,0.1067663406720385,0.11147024598903954,0.11517474829452112,0.12281442631501704,0.12832774210255593,0.13648927747271955,0.137915697414428,0.16031529300380498,0.16961880098097026,0.18064231192693114,0.19679995183832943,0.22255078656598926,0.2337529162177816,0.28973868407774717,0.3990264181047678,0.4526507779955864,0.5365540003404021,0.5971532631665468,1.1243507468607277,2.082411289215088,5.684066887944937
3.616349656600505,5.566872648894787,1.7429162114858627,0.8111515287309885,0.5420012604445219,0.4490432869642973,0.42910023406147957,0.29033271595835686,0.2437832299619913,0.2236859491094947,0.19340039615053684,0.1818659792188555,0.1685428572818637,0.1518518386874348,0.13463577826041728,0.12920332071371377,0.12379759480245411,0.11765022331383079,0.111875060480088,0.10698569566011429,0.10268128546886146,0.09696968703065068,0.09225186903495342,0.09035729325842112,0.08762173424474895,0.08367755252402276,0.08224276069086045,0.07918804482324049,0.07803922449238598,0.07376511226175353,0.0736213861964643,0.0709850481362082,0.07059694931376725,0.06966974708484486,0.06827724393224344,0.06702983833383769,0.06596924277255312,0.06501951423706487,0.06416535523021594,0.06339842488523573,0.0627127016778104,0.0621038973913528,0.061567938420921564,0.061101555242203176,0.06070253433426842,0.06036833464168012,0.06009720586007461,0.0598877904121764,0.059738944633863866,0.05965001176809892,0.05962041160091758,0.05965001176809892,0.059738944633863866,0.0598877904121764,0.06009720586007461,0.06036833464168012,0.06070253433426842,0.061101555242203176,0.061567938420921564,0.0621038973913528,0.0627127016778104,0.06339842488523573,0.06416535523021594,0.06501951423706487,0.06596924277255312,0.06702983833383769,0.06827724393224344,0.06966974708484486,0.07059694931376725,0.0709850481362082,0.0736213861964643,0.07376511226175353,0.07803922449238598,0.07918804482324049,0.08224276069086045,0.08367755252402276,0.08762173424474895,0.09035729325842112,0.09225186903495342,0.09696968703065068,0.10268128546886146,0.10698569566011429,0.111875060480088,0.11765022331383079,0.12379759480245411,0.12920332071371377,0.13463577826041728,0.1518518386874348,0.1685428572818637,0.1818659792188555,0.19340039615053684,0.2236859491094947,0.2437832299619913,0.29033271595835686,0.42910023406147957,0.4490432869642973,0.5420012604445219,0.8111515287309885,1.7429162114858627,5.566872648894787
2.7485925354994833,4.765331894159317,1.6288128942251205,0.8320763921365142,0.5943974517285824,0.4602207960560918,0.34385930839926004,0.274208496324718,0.28021478513255715,0.22942185262218118,0.21901869401335716,0.19025362143293023,0.16881397925317287,0.1599136432632804,0.14825771353207529,0.14116055192425847,0.13429627008736134,0.12729994021356106,0.11953475489281118,0.1142979257274419,0.11044159741140902,0.10211828793399036,0.09986886603292078,0.09731977921910584,0.09514918108470738,0.09117638599127531,0.08766758372075856,0.08601476217154413,0.08340432541444898,0.08027957542799413,0.07928555912803859,0.07706944644451141,0.07489607983734459,0.07439586007967591,0.0731427010614425,0.07187638652976602,0.07076738739851862,0.06976441945880651,0.06885867717210203,0.06804307294078171,0.06731275527272373,0.06666352215688676,0.06609152059536427,0.06559366313740611,0.06516725942492485,0.06481012876611203,0.0645203716121614,0.06429649924393743,0.06413737509865314,0.0640422492288053,0.06401054235175252,0.0640422492288053,0.06413737509865314,0.06429649924393743,0.0645203716121614,0.06481012876611203,0.06516725942492485,0.06559366313740611,0.06609152059536427,0.06666352215688676,0.06731275527272373,0.06804307294078171,0.06885867717210203,0.06976441945880651,0.07076738739851862,0.07187638652976602,0.0731427010614425,0.07439586007967591,0.07489607983734459,0.07706944644451141,0.07928555912803859,0.08027957542799413,0.08340432541444898,0.08601476217154413,0.08766758372075856,0.09117638599127531,0.09514918108470738,0.09731977921910584,0.09986886603292078,0.10211828793399036,0.11044159741140902,0.1142979257274419,0.11953475489281118,0.12729994021356106,0.13429627008736134,0.14116055192425847,0.14825771353207529,0.1599136432632804,0.16881397925317287,0.19025362143293023,0.21901869401335716,0.22942185262218118,0.28021478513255715,0.274208496324718,0.34385930839926004,0.4602207960560918,0.5943974517285824,0.8320763921365142,1.6288128942251205,4.765331894159317
2.011047904379666,3.7255511060357094,1.5101057402789593,0.7124758800491691,0.5458659017458558,0.3406680691987276,0.3420548029243946,0.2744238441810012,0.2499326355755329,0.19154794997302815,0.17145341564901173,0.15907043940387666,0.14194859098643064,0.13769964687526226,0.11425320117268711,0.11375511111691594,0.10868290043435991,0.10165483935270458,0.09539887367282063,0.09048177185468376,0.08736626070458442,0.08582464710343629,0.08054720456129871,0.07767536106985062,0.07231895800214261,0.07273348845774308,0.068203300004825,0.06597172236070037,0.06678434170316905,0.062426459742709994,0.06046285369666293,0.06165790342492983,0.0597513112006709,0.05800407749484293,0.05705634922196623,0.05608283169567585,0.05520437587983906,0.05441319092642516,0.05370017059613019,0.05305958358803764,0.05248646336258389,0.051977330178488046,0.05152920723776333,0.051139303512172773,0.05080551028368063,0.050525836646556854,0.05029911224846728,0.050123952474677935,0.04999945702729747,0.04992504636174999,0.04990025702863932,0.04992504636174999,0.04999945702729747,0.050123952474677935,0.05029911224846728,0.050525836646556854,0.05080551028368063,0.051139303512172773,0.05152920723776333,0.051977330178488046,0.05248646336258389,0.05305958358803764,0.05370017059613019,0.05441319092642516,0.05520437587983906,0.05608283169567585,0.05705634922196623,0.05800407749484293,0.0597513112006709,0.06165790342492983,0.06046285369666293,0.062426459742709994,0.06678434170316905,0.06597172236070037,0.068203300004825,0.07273348845774308,0.07231895800214261,0.07767536106985062,0.08054720456129871,0.08582464710343629,0.08736626070458442,0.09048177185468376,0.09539887367282063,0.10165483935270458,0.10868290043435991,0.11375511111691594,0.11425320117268711,0.13769964687526226,0.14194859098643064,0.15907043940387666,0.17145341564901173,0.19154794997302815,0.2499326355755329,0.2744238441810012,0.3420548029243946,0.3406680691987276,0.5458659017458558,0.7124758800491691,1.5101057402789593,3.7255511060357094
2.1995201595127583,4.354814857244492,2.5019434988498688,1.4091060794889927,1.0231947945430875,1.0348858451470733,0.7977528823539615,0.5453848261386156,0.34507589519489557,0.32532287389039993,0.22153481910936534,0.16555193928070366,0.16088116460014135,0.1250692579196766,0.11389339412562549,0.13049058557953686,0.13693689135834575,0.10636148508638144,0.1048890583915636,0.09886561753228307,0.1237744166282937,0.07799365927348845,0.06947813738952391,0.06748650534427725,0.0706700113369152,0.06045404891483486,0.0553077282384038,0.056922743387985975,0.05781498027499765,0.05715137021616101,0.052488098066532984,0.05691550386836752,0.05100311938440427,0.052174054872011766,0.04544618318323046,0.044311409088550135,0.04349447655840777,0.042763748118886724,0.04211663390742615,0.041544260224327445,0.04103894563741051,0.040594941630843095,0.0402074223238742,0.03987251376383938,0.03958741429960355,0.0393497280892916,0.039157460516435094,0.0390094019821845,0.038904337692656554,0.03884162605390884,0.03882071189582348,0.03884162605390884,0.038904337692656554,0.0390094019821845,0.039157460516435094,0.0393497280892916,0.03958741429960355,0.03987251376383938,0.0402074223238742,0.040594941630843095,0.04103894563741051,0.041544260224327445,0.04211663390742615,0.042763748118886724,0.04349447655840777,0.044311409088550135,0.04544618318323046,0.052174054872011766,0.05100311938440427,0.05691550386836752,0.052488098066532984,0.05715137021616101,0.05781498027499765,0.056922743387985975,0.0553077282384038,0.06045404891483486,0.0706700113369152,0.06748650534427725,0.06947813738952391,0.07799365927348845,0.1237744166282937,0.09886561753228307,0.1048890583915636,0.10636148508638144,0.13693689135834575,0.13049058557953686,0.11389339412562549,0.1250692579196766,0.16088116460014135,0.16555193928070366,0.22153481910936534,0.32532287389039993,0.34507589519489557,0.5453848261386156,0.7977528823539615,1.0348858451470733,1.0231947945430875,1.4091060794889927,2.5019434988498688,4.354814857244492
3.254232693463564,4.473827304318547,3.804377041757107,1.9498538561165333,1.669400273822248,1.5160167887806892,0.9456950686872005,0.6573335169814527,0.5271760011091828,0.4268436096608639,0.341229232493788,0.23666814793250524,0.2756439493969083,0.2099029440432787,0.20008064014837146,0.17882334836758673,0.172945691854693,0.17465409263968468,0.1363652481813915,0.14420668059028685,0.13705584523268044,0.12639690074138343,0.10191697091795504,0.11696662922622636,0.09434764867182821,0.11467259866185486,0.09123012563213706,0.09209081303561106,0.10030247597023845,0.07883167790714651,0.08147343236487359,0.0757039846648695,0.07838390785036609,0.0784388919128105,0.07125645159976557,0.06975923737627454,0.068706701771589,0.06774946363293566,0.06687526422319934,0.06608216269523837,0.06536815239815041,0.06473081797594205,0.06416781214647926,0.06367634114576504,0.06325480071245693,0.06290142840589397,0.0626144083798863,0.062392466119490564,0.062234625744167715,0.06214029071270488,0.06210878863930702,0.06214029071270488,0.062234625744167715,0.062392466119490564,0.0626144083798863,0.06290142840589397,0.06325480071245693,0.06367634114576504,0.06416781214647926,0.06473081797594205,0.06536815239815041,0.06608216269523837,0.06687526422319934,0.06774946363293566,0.068706701771589,0.06975923737627454,0.07125645159976557,0.0784388919128105,0.07838390785036609,0.0757039846648695,0.08147343236487359,0.07883167790714651,0.10030247597023845,0.09209081303561106,0.09123012563213706,0.11467259866185486,0.09434764867182821,0.11696662922622636,0.10191697091795504,0.12639690074138343,0.13705584523268044,0.14420668059028685,0.1363652481813915,0.17465409263968468,0.172945691854693,0.17882334836758673,0.20008064014837146,0.2099029440432787,0.2756439493969083,0.23666814793250524,0.341229232493788,0.4268436096608639,0.5271760011091828,0.6573335169814527,0.9456950686872005,1.5160167887806892,1.669400273822248,1.9498538561165333,3.804377041757107,4.473827304318547
3.310631121508777,6.3478566482663155,4.118024162948132,1.8551387302577496,1.1662365272641182,1.0533226542174816,0.705736038275063,0.8332798853516579,0.4625360129866749,0.3786510278005153,0.2973343967460096,0.27210535341873765,0.24696978693827987,0.21554685616865754,0.19612724892795086,0.20154887344688177,0.18487230222672224,0.1602873773081228,0.15184326394228265,0.15147744747810066,0.13670731149613857,0.12761094071902335,0.13188838632777333,0.11756431800313294,0.12159989879000932,0.10097086217137985,0.10787095944397151,0.11172414780594409,0.09489081907668151,0.09356101840967312,0.0948868838022463,0.08736933369073085,0.08818441655603237,0.08760358314611949,0.08124883763957769,0.08014586448553018,0.07906327850650996,0.07803015474928543,0.07707378175109625,0.07620093252626248,0.07541271016816609,0.07470760625437833,0.07408363046124578,0.07353916083229706,0.07307149018743075,0.0726792864734307,0.07236041509895585,0.07211392972385511,0.07193853551871143,0.07183350241393782,0.07179869804531336,0.07183350241393782,0.07193853551871143,0.07211392972385511,0.07236041509895585,0.0726792864734307,0.07307149018743075,0.07353916083229706,0.07408363046124578,0.07470760625437833,0.07541271016816609,0.07620093252626248,0.07707378175109625,0.07803015474928543,0.07906327850650996,0.08014586448553018,0.08124883763957769,0.08760358314611949,0.08818441655603237,0.08736933369073085,0.0948868838022463,0.09356101840967312,0.09489081907668151,0.11172414780594409,0.10787095944397151,0.10097086217137985,0.12159989879000932,0.11756431800313294,0.13188838632777333,0.12761094071902335,0.13670731149613857,0.15147744747810066,0.15184326394228265,0.1602873773081228,0.18487230222672224,0.20154887344688177,0.19612724892795086,0.21554685616865754,0.24696978693827987,0.27210535341873765,0.2973343967460096,0.3786510278005153,0.4625360129866749,0.8332798853516579,0.705736038275063,1.0533226542174816,1.1662365272641182,1.8551387302577496,4.118024162948132,6.3478566482663155
4.219757411628962,6.399842321872711,2.7064638901501894,1.6276950798928738,1.1318066788371652,0.8049652799963951,0.6964553240686655,0.6412892062216997,0.37541458080522716,0.3756510424427688,0.2795908064581454,0.2727536268066615,0.2582076102262363,0.23992044641636312,0.20598723914008588,0.18901383923366666,0.18333191750571132,0.17093216755893081,0.15353621362010017,0.15516810247208923,0.14621323833125643,0.153472711564973,0.13398685422725976,0.12443864077795297,0.12341635490884073,0.11379551311256364,0.11375560605665669,0.11660036270041019,0.10697833716403693,0.11159438994945958,0.10528726468328387,0.10373431444168091,0.10225112835178152,0.09494752861792222,0.09321804682258517,0.091810649872059,0.09041772078489885,0.08912392698402982,0.08794220100389794,0.08687273114628624,0.08591215575870592,0.08505639857321512,0.08430085974396206,0.08364175738824997,0.08307577294181101,0.08259973127860576,0.08221147356744041,0.08190888011813513,0.08169060418731533,0.08155657831957797,0.08151006605476141,0.08155657831957797,0.08169060418731533,0.08190888011813513,0.08221147356744041,0.08259973127860576,0.08307577294181101,0.08364175738824997,0.08430085974396206,0.08505639857321512,0.08591215575870592,0.08687273114628624,0.08794220100389794,0.08912392698402982,0.09041772078489885,0.091810649872059,0.09321804682258517,0.09494752861792222,0.10225112835178152,0.10373431444168091,0.10528726468328387,0.11159438994945958,0.10697833716403693,0.11660036270041019,0.11375560605665669,0.11379551311256364,0.12341635490884073,0.12443864077795297,0.13398685422725976,0.153472711564973,0.14621323833125643,0.15516810247208923,0.15353621362010017,0.17093216755893081,0.18333191750571132,0.18901383923366666,0.20598723914008588,0.23992044641636312,0.2582076102262363,0.2727536268066615,0.2795908064581454,0.3756510424427688,0.37541458080522716,0.6412892062216997,0.6964553240686655,0.8049652799963951,1.1318066788371652,1.6276950798928738,2.7064638901501894,6.399842321872711
6.736862801015377,6.767230182886124,3.1284990087151527,1.4392010308802128,1.2649450581520796,1.0378251746296883,0.9307136200368404,0.6290546851232648,0.4375810760539025,0.36846818565391004,0.32116325991228223,0.3157637360272929,0.2798637596424669,0.26142524502938613,0.2513817243743688,0.22089767595753074,0.21087392047047615,0.19469933677464724,0.18507385440170765,0.19349778280593455,0.16851729952031747,0.1638180488953367,0.15580390096874908,0.15441139426548034,0.14249032636871561,0.13812468922697008,0.13657223561313003,0.13817443454172462,0.12352761125657707,0.1229020442115143,0.11859790608286858,0.12103749753441662,0.1126587301841937,0.11176237947074696,0.10914559266529977,0.1075989079545252,0.10606515337713063,0.10463149979477748,0.103316152933985,0.10212180612143129,0.1010461903642863,0.10008646611822769,0.09923863236326724,0.0984994102618657,0.09786538779735565,0.09733361232792959,0.09690194518771023,0.09656820591771975,0.09633085830137134,0.09618889703415334,0.0961416456848383,0.09618889703415334,0.09633085830137134,0.09656820591771975,0.09690194518771023,0.09733361232792959,0.09786538779735565,0.0984994102618657,0.09923863236326724,0.10008646611822769,0.1010461903642863,0.10212180612143129,0.103316152933985,0.10463149979477748,0.10606515337713063,0.1075989079545252,0.10914559266529977,0.11176237947074696,0.1126587301841937,0.12103749753441662,0.11859790608286858,0.1229020442115143,0.12352761125657707,0.13817443454172462,0.13657223561313003,0.13812468922697008,0.14249032636871561,0.15441139426548034,0.15580390096874908,0.1638180488953367,0.16851729952031747,0.19349778280593455,0.18507385440170765,0.19469933677464724,0.21087392047047615,0.22089767595753074,0.2513817243743688,0.26142524502938613,0.2798637596424669,0.3157637360272929,0.32116325991228223,0.36846818565391004,0.4375810760539025,0.6290546851232648,0.9307136200368404,1.0378251746296883,1.2649450581520796,1.4392010308802128,3.1284990087151527,6.767230182886124
5.601727820932865,6.725361086428165,2.655449291691184,1.34046034142375,0.9325570049695671,0.7353686410933733,0.6467157625593245,0.5128984450129792,0.359529651759658,0.32088212529197335,0.30161822657100856,0.2465971913188696,0.24081851169466972,0.20882326527498662,0.19841023068875074,0.1885183430276811,0.170003229402937,0.16886553331278265,0.15972726786276326,0.15255199454259127,0.13352839485742152,0.14253210520837456,0.13801392284221947,0.1305854741949588,0.12363191752228886,0.12135937419952825,0.11525722895748913,0.11005644395481795,0.1083405518438667,0.10689050747896545,0.10337319917744026,0.09955611958866939,0.09554684552131221,0.09550541467615403,0.09220977441873401,0.09130133362486959,0.09006634872639552,0.08887414302444085,0.08776805823436007,0.08675793051952496,0.08584613195853308,0.08503070398001,0.08430960291298106,0.08368027827236801,0.08314049086766317,0.08268740144558251,0.082319590379484,0.08203513087937608,0.08183281228411943,0.0817118373233825,0.08167151361703873,0.0817118373233825,0.08183281228411943,0.08203513087937608,0.082319590379484,0.08268740144558251,0.08314049086766317,0.08368027827236801,0.08430960291298106,0.08503070398001,0.08584613195853308,0.08675793051952496,0.08776805823436007,0.08887414302444085,0.09006634872639552,0.09130133362486959,0.09220977441873401,0.09550541467615403,0.09554684552131221,0.09955611958866939,0.10337319917744026,0.10689050747896545,0.1083405518438667,0.11005644395481795,0.11525722895748913,0.12135937419952825,0.12363191752228886,0.1305854741949588,0.13801392284221947,0.14253210520837456,0.13352839485742152,0.15255199454259127,0.15972726786276326,0.16886553331278265,0.170003229402937,0.1885183430276811,0.19841023068875074,0.20882326527498662,0.24081851169466972,0.2465971913188696,0.30161822657100856,0.32088212529197335,0.359529651759658,0.5128984450129792,0.6467157625593245,0.7353686410933733,0.9325570049695671,1.34046034142375,2.655449291691184,6.725361086428165
4.994684115052223,5.995265506207943,2.2244413690641522,1.2802273500710726,0.7294650413095951,0.7035215720534325,0.49679747875779867,0.37351404246874154,0.3467776835896075,0.3435633019544184,0.24832055438309908,0.22594715049490333,0.22034375160001218,0.19013890146743506,0.17087324854219332,0.16625246306648478,0.16071643395116553,0.15219272440299392,0.14759715122636408,0.13596911577042192,0.12467959662899375,0.12585796788334846,0.12658307945821434,0.11833239300176501,0.1128614227345679,0.10355986576178111,0.10182768560480326,0.09655864839442074,0.09936177160125226,0.09367953821492847,0.08843591852928512,0.08614878996741027,0.08495020409463905,0.08340619539376348,0.0825094390893355,0.08114071690943092,0.07992235926212743,0.07881764526246116,0.07781556557165459,0.07691041799262166,0.07609775272430852,0.07537373463856056,0.07473468038369901,0.07417779255774803,0.0737002809473779,0.07329999376088381,0.07297498604748398,0.07272377767367288,0.0725451570469886,0.07243837002897635,0.0724027450196445,0.07243837002897635,0.0725451570469886,0.07272377767367288,0.07297498604748398,0.07329999376088381,0.0737002809473779,0.07417779255774803,0.07473468038369901,0.07537373463856056,0.07609775272430852,0.07691041799262166,0.07781556557165459,0.07881764526246116,0.07992235926212743,0.08114071690943092,0.0825094390893355,0.08340619539376348,0.08495020409463905,0.08614878996741027,0.08843591852928512,0.09367953821492847,0.09936177160125226,0.09655864839442074,0.10182768560480326,0.10355986576178111,0.1128614227345679,0.11833239300176501,0.12658307945821434,0.12585796788334846,0.12467959662899375,0.13596911577042192,0.14759715122636408,0.15219272440299392,0.16071643395116553,0.16625246306648478,0.17087324854219332,0.19013890146743506,0.22034375160001218,0.22594715049490333,0.24832055438309908,0.3435633019544184,0.3467776835896075,0.37351404246874154,0.49679747875779867,0.7035215720534325,0.7294650413095951,1.2802273500710726,2.2244413690641522,5.995265506207943
4.531124018132687,5.564317010343075,3.426915667951107,1.7510145977139473,1.0697843870148063,0.8446672279387712,0.9074905719608068,0.5653495690785348,0.5491402447223663,0.4057703446596861,0.37011098774382845,0.3563652690500021,0.32148596178740263,0.2872328110970557,0.26671203318983316,0.2574302405118942,0.24849903862923384,0.22866979846730828,0.2134280272293836,0.19500948884524405,0.1908065639436245,0.18769648880697787,0.18897700775414705,0.17558568622916937,0.16732484591193497,0.161205786280334,0.1567646125331521,0.1564280481543392,0.14823213394265622,0.1449478839058429,0.14075379399582744,0.1390405127312988,0.13776871818117797,0.131890483899042,0.13183634052984416,0.12916986923664808,0.12706033210270107,0.12519862968474627,0.123533621779643,0.12204312486574054,0.12071274418849498,0.11953273077961057,0.11849482322577387,0.11759269540198147,0.11682063096668571,0.11617433477658778,0.11565017024986446,0.11524543655104935,0.11495777452364564,0.11478579696267843,0.11472857464104891,0.11478579696267843,0.11495777452364564,0.11524543655104935,0.11565017024986446,0.11617433477658778,0.11682063096668571,0.11759269540198147,0.11849482322577387,0.11953273077961057,0.12071274418849498,0.12204312486574054,0.123533621779643,0.12519862968474627,0.12706033210270107,0.12916986923664808,0.13183634052984416,0.131890483899042,0.13776871818117797,0.1390405127312988,0.14075379399582744,0.1449478839058429,0.14823213394265622,0.1564280481543392,0.1567646125331521,0.161205786280334,0.16732484591193497,0.17558568622916937,0.18897700775414705,0.18769648880697787,0.1908065639436245,0.19500948884524405,0.2134280272293836,0.22866979846730828,0.24849903862923384,0.2574302405118942,0.26671203318983316,0.2872328110970557,0.32148596178740263,0.3563652690500021,0.37011098774382845,0.4057703446596861,0.5491402447223663,0.5653495690785348,0.9074905719608068,0.8446672279387712,1.0697843870148063,1.7510145977139473,3.426915667951107,5.564317010343075
3.860429134685546,6.207694448530674,2.2113719694316387,1.2165208421647549,0.6891985987313092,0.7388686770573258,0.47368920140434057,0.37953864492010325,0.361097177490592,0.28424479137174785,0.26288106734864414,0.23279615334467962,0.20828977797646075,0.2023797812871635,0.1840575611422537,0.16842408548109233,0.15868658636463806,0.1546634758124128,0.14615919324569404,0.1361931074061431,0.1342395770479925,0.12356706766877323,0.12036069453461096,0.11843965435400605,0.11279736820142716,0.109485116583528,0.10606345083215274,0.10277543295524083,0.10111378249712288,0.09610059144324623,0.09537728838040493,0.0943809139134828,0.09095299639739096,0.0892403195030056,0.08689833694370463,0.08534633668023162,0.08398774942907039,0.08276828571251826,0.08167156933632214,0.08068700565490872,0.07980725698871538,0.07902589272634941,0.07833815265621524,0.07773954882577527,0.07722679920152586,0.07679688886128133,0.07644774185791903,0.07617731216214452,0.07598427489756432,0.07586804656011736,0.07582902209833264,0.07586804656011736,0.07598427489756432,0.07617731216214452,0.07644774185791903,0.07679688886128133,0.07722679920152586,0.07773954882577527,0.07833815265621524,0.07902589272634941,0.07980725698871538,0.08068700565490872,0.08167156933632214,0.08276828571251826,0.08398774942907039,0.08534633668023162,0.08689833694370463,0.0892403195030056,0.09095299639739096,0.0943809139134828,0.09537728838040493,0.09610059144324623,0.10111378249712288,0.10277543295524083,0.10606345083215274,0.109485116583528,0.11279736820142716,0.11843965435400605,0.12036069453461096,0.12356706766877323,0.1342395770479925,0.1361931074061431,0.14615919324569404,0.1546634758124128,0.15868658636463806,0.16842408548109233,0.1840575611422537,0.2023797812871635,0.20828977797646075,0.23279615334467962,0.26288106734864414,0.28424479137174785,0.361097177490592,0.37953864492010325,0.47368920140434057,0.7388686770573258,0.6891985987313092,1.2165208421647549,2.2113719694316387,6.207694448530674
3.7465102528221905,6.2180046662688255,2.1788430511951447,1.088982205837965,0.6433698479086161,0.5040251044556499,0.38253182359039783,0.369936689035967,0.2533736664336175,0.22773186629638076,0.20805212191771716,0.19161852804245427,0.1778821258340031,0.16722098126774654,0.1543847008724697,0.14462274036486633,0.13334209013555665,0.12490482477005571,0.1255754764424637,0.11993199620337691,0.10959625884424895,0.10589323902968317,0.10009412033832632,0.09715675805637147,0.09381265036063269,0.09141871370957233,0.08723559160716832,0.08566692302701995,0.08391946562915109,0.08280157059198245,0.08094005577731878,0.07783913142338861,0.07747096256935038,0.0752575428923592,0.0736932041181717,0.07251412677578628,0.07138921349542215,0.07036782475188375,0.06944427109556273,0.06861304186168127,0.06786910045775585,0.06720754128764383,0.0666253574017901,0.06611850674380548,0.06568472689832561,0.06532123551005498,0.06502649289905094,0.06479875242803246,0.06463688824442215,0.0645401403598953,0.06450793566182256,0.0645401403598953,0.06463688824442215,0.06479875242803246,0.06502649289905094,0.06532123551005498,0.06568472689832561,0.06611850674380548,0.0666253574017901,0.06720754128764383,0.06786910045775585,0.06861304186168127,0.06944427109556273,0.07036782475188375,0.07138921349542215,0.07251412677578628,0.0736932041181717,0.0752575428923592,0.07747096256935038,0.07783913142338861,0.08094005577731878,0.08280157059198245,0.08391946562915109,0.08566692302701995,0.08723559160716832,0.09141871370957233,0.09381265036063269,0.09715675805637147,0.10009412033832632,0.10589323902968317,0.10959625884424895,0.11993199620337691,0.1255754764424637,0.12490482477005571,0.13334209013555665,0.14462274036486633,0.1543847008724697,0.16722098126774654,0.1778821258340031,0.19161852804245427,0.20805212191771716,0.22773186629638076,0.2533736664336175,0.369936689035967,0.38253182359039783,0.5040251044556499,0.6433698479086161,1.088982205837965,2.1788430511951447,6.2180046662688255
3.5053856149315834,4.8153874315321445,1.9414759743958712,0.952239990234375,0.6455304296687245,0.5627497984096408,0.4464269354939461,0.3697418663650751,0.32283620489761233,0.2640869375318289,0.24017786362674087,0.2196591024985537,0.19816389109473675,0.18044097220990807,0.16957910847850144,0.15908913034945726,0.15092065662611276,0.1393893823842518,0.13569841079879552,0.12769104586914182,0.12132039084099233,0.11815631773788482,0.11171341210138053,0.10664918890688568,0.10635205236030743,0.10153033788083121,0.10006722388789058,0.09573645307682455,0.0928457336849533,0.08983129780972376,0.08902049282914959,0.08822370565030724,0.08535094518447295,0.0833274251781404,0.08192936750128865,0.08057017315877602,0.07931703655049205,0.07818099251016974,0.07715461519546807,0.07623140537180007,0.07540523447096348,0.07467116578482091,0.07402475798153318,0.07346248341491446,0.07298117488971911,0.0725780091015622,0.07225096484762616,0.07199835297069512,0.07181883961311541,0.07171154840034433,0.07167577929794788,0.07171154840034433,0.07181883961311541,0.07199835297069512,0.07225096484762616,0.0725780091015622,0.07298117488971911,0.07346248341491446,0.07402475798153318,0.07467116578482091,0.07540523447096348,0.07623140537180007,0.07715461519546807,0.07818099251016974,0.07931703655049205,0.08057017315877602,0.08192936750128865,0.0833274251781404,0.08535094518447295,0.08822370565030724,0.08902049282914959,0.08983129780972376,0.0928457336849533,0.09573645307682455,0.10006722388789058,0.10153033788083121,0.10635205236030743,0.10664918890688568,0.11171341210138053,0.11815631773788482,0.12132039084099233,0.12769104586914182,0.13569841079879552,0.1393893823842518,0.15092065662611276,0.15908913034945726,0.16957910847850144,0.18044097220990807,0.19816389109473675,0.2196591024985537,0.24017786362674087,0.2640869375318289,0.32283620489761233,0.3697418663650751,0.4464269354939461,0.5627497984096408,0.6455304296687245,0.952239990234375,1.9414759743958712,4.8153874315321445
3.306670820340514,4.132442735135555,0.9149278067052364,0.5620217304676771,0.3368441890925169,0.3743193633854389,0.25420918222516775,0.2099812866654247,0.18591607245616615,0.14834229019470513,0.11953200539574027,0.12056233320618048,0.09891117049846798,0.09637520904652774,0.08993173702037893,0.08297077374299988,0.07980578934075311,0.07356213676393963,0.070293176555424,0.06574514065869153,0.06136511616932694,0.059224706288659945,0.06023693681345321,0.05532295966986567,0.05427873651206028,0.05280771960678976,0.05067626680829562,0.04976993930176832,0.047830128751229495,0.04728717854595743,0.04579104647564236,0.04462048177811084,0.04384133892017417,0.04296611048630439,0.04183740325970575,0.04124255254282616,0.04064412048319355,0.04008855373831466,0.039581119548529387,0.039121522451750934,0.038708818741724826,0.038340855739079416,0.03801626444328576,0.03773338961764239,0.03749086306197569,0.03728763207618613,0.03712259833991993,0.03699504541873466,0.036904354303260334,0.036850140531896614,0.03683212632313371,0.036850140531896614,0.036904354303260334,0.03699504541873466,0.03712259833991993,0.03728763207618613,0.03749086306197569,0.03773338961764239,0.03801626444328576,0.038340855739079416,0.038708818741724826,0.039121522451750934,0.039581119548529387,0.04008855373831466,0.04064412048319355,0.04124255254282616,0.04183740325970575,0.04296611048630439,0.04384133892017417,0.04462048177811084,0.04579104647564236,0.04728717854595743,0.047830128751229495,0.04976993930176832,0.05067626680829562,0.05280771960678976,0.05427873651206028,0.05532295966986567,0.06023693681345321,0.059224706288659945,0.06136511616932694,0.06574514065869153,0.070293176555424,0.07356213676393963,0.07980578934075311,0.08297077374299988,0.08993173702037893,0.09637520904652774,0.09891117049846798,0.12056233320618048,0.11953200539574027,0.14834229019470513,0.18591607245616615,0.2099812866654247,0.25420918222516775,0.3743193633854389,0.3368441890925169,0.5620217304676771,0.9149278067052364,4.132442735135555
2.2665976900607347,3.199909571558237,1.758677612990141,0.7595747755840421,0.6692741345614195,0.47942778980359435,0.372465243563056,0.2888065098086372,0.2512870724312961,0.2242782386019826,0.18747603031806648,0.16510087298229337,0.13822155876550823,0.12702496314886957,0.1156496342155151,0.1154371370212175,0.11798758956138045,0.09315955691272393,0.10052102105692029,0.09678718820214272,0.10174083185847849,0.08556918438989669,0.07617345126345754,0.0758216330432333,0.07273952662944794,0.07237279179389589,0.07092758594080806,0.07091625689645298,0.06219956633867696,0.0638053206494078,0.0639051902689971,0.0634292445029132,0.06023012869991362,0.05736922926735133,0.056288082618266344,0.055459838011302054,0.054649633180815727,0.05389492155518383,0.0532045760191977,0.05257884567254223,0.05201649802620523,0.051515608705813065,0.05107319841044955,0.05068810310331173,0.05035792797571048,0.05008131868089549,0.04985673908959143,0.04968322446802631,0.04955986436107196,0.04948611240251921,0.049461567774415016,0.04948611240251921,0.04955986436107196,0.04968322446802631,0.04985673908959143,0.05008131868089549,0.05035792797571048,0.05068810310331173,0.05107319841044955,0.051515608705813065,0.05201649802620523,0.05257884567254223,0.0532045760191977,0.05389492155518383,0.054649633180815727,0.055459838011302054,0.056288082618266344,0.05736922926735133,0.06023012869991362,0.0634292445029132,0.0639051902689971,0.0638053206494078,0.06219956633867696,0.07091625689645298,0.07092758594080806,0.07237279179389589,0.07273952662944794,0.0758216330432333,0.07617345126345754,0.08556918438989669,0.10174083185847849,0.09678718820214272,0.10052102105692029,0.09315955691272393,0.11798758956138045,0.1154371370212175,0.1156496342155151,0.12702496314886957,0.13822155876550823,0.16510087298229337,0.18747603031806648,0.2242782386019826,0.2512870724312961,0.2888065098086372,0.372465243563056,0.47942778980359435,0.6692741345614195,0.7595747755840421,1.758677612990141,3.199909571558237
2.410959843546152,3.5695691853761673,3.347338058054447,1.4355714730918407,1.4206272847950459,1.5490565486252308,0.8215774840209633,0.6025003134272993,0.41389787988737226,0.32123473240062594,0.3005012986250222,0.2310645468533039,0.22492339240852743,0.19862047396600246,0.22119621001183987,0.18367112787382212,0.1750574791803956,0.15894524822942913,0.14397191535681486,0.1704713961808011,0.13224837416782975,0.12017069652210921,0.11803956446237862,0.10508378117810935,0.10173649480566382,0.09924440062604845,0.0954502242966555,0.10178433731198311,0.10773283740854822,0.10181691945763305,0.09052173723466694,0.08497305936180055,0.09354728501057252,0.08913985546678305,0.08346457977313548,0.0818029687507078,0.08042776200454682,0.07920310751069337,0.07810935284942389,0.07713335822336376,0.0762650053948164,0.07549682375974953,0.07482239149976522,0.0742373209213838,0.07373744994401932,0.07331962848547846,0.07298086280934513,0.0727195234503597,0.07253389118704945,0.07242299197241664,0.07238600589334965,0.07242299197241664,0.07253389118704945,0.0727195234503597,0.07298086280934513,0.07331962848547846,0.07373744994401932,0.0742373209213838,0.07482239149976522,0.07549682375974953,0.0762650053948164,0.07713335822336376,0.07810935284942389,0.07920310751069337,0.08042776200454682,0.0818029687507078,0.08346457977313548,0.08913985546678305,0.09354728501057252,0.08497305936180055,0.09052173723466694,0.10181691945763305,0.10773283740854822,0.10178433731198311,0.0954502242966555,0.09924440062604845,0.10173649480566382,0.10508378117810935,0.11803956446237862,0.12017069652210921,0.13224837416782975,0.1704713961808011,0.14397191535681486,0.15894524822942913,0.1750574791803956,0.18367112787382212,0.22119621001183987,0.19862047396600246,0.22492339240852743,0.2310645468533039,0.3005012986250222,0.32123473240062594,0.41389787988737226,0.6025003134272993,0.8215774840209633,1.5490565486252308,1.4206272847950459,1.4355714730918407,3.347338058054447,3.5695691853761673
3.1400713082402945,4.519807055592537,3.281691260635853,2.181757740676403,1.5240264683961868,1.3468369655311108,0.9164914432913065,0.6095425700768828,0.530787612311542,0.4117048801854253,0.31549097364768386,0.3020620022434741,0.23119737207889557,0.22204945981502533,0.19238498690538108,0.2199015247169882,0.20223291032016277,0.17508908919990063,0.15490530070383102,0.1776026131119579,0.1636019644793123,0.12618614034727216,0.13417353367549367,0.14220562553964555,0.12975399778224528,0.12271315371617675,0.11145138693973422,0.11865096574183553,0.10329826432280242,0.09737071301788092,0.09927970881108195,0.09674092603381723,0.09375401900615543,0.08978914562612772,0.08948964060982689,0.08755386498523876,0.08621593896532431,0.08502800785936415,0.08395194000331685,0.08297916495939717,0.08210471161874011,0.08132470271084458,0.08063585602212697,0.08003503794316202,0.07951963716186583,0.07908757613040507,0.07873659208416939,0.07846527284709737,0.07827230240218341,0.07815688871778548,0.07811845745891333,0.07815688871778548,0.07827230240218341,0.07846527284709737,0.07873659208416939,0.07908757613040507,0.07951963716186583,0.08003503794316202,0.08063585602212697,0.08132470271084458,0.08210471161874011,0.08297916495939717,0.08395194000331685,0.08502800785936415,0.08621593896532431,0.08755386498523876,0.08948964060982689,0.08978914562612772,0.09375401900615543,0.09674092603381723,0.09927970881108195,0.09737071301788092,0.10329826432280242,0.11865096574183553,0.11145138693973422,0.12271315371617675,0.12975399778224528,0.14220562553964555,0.13417353367549367,0.12618614034727216,0.1636019644793123,0.1776026131119579,0.15490530070383102,0.17508908919990063,0.20223291032016277,0.2199015247169882,0.19238498690538108,0.22204945981502533,0.23119737207889557,0.3020620022434741,0.31549097364768386,0.4117048801854253,0.530787612311542,0.6095425700768828,0.9164914432913065,1.3468369655311108,1.5240264683961868,2.181757740676403,3.281691260635853,4.519807055592537
3.548823949880898,7.08310729265213,3.4584606140851974,1.755305651575327,1.173488536849618,1.10246049053967,0.5755365826189518,0.7458634059876204,0.4587359670549631,0.3578509306535125,0.30429495917633176,0.24754623952321708,0.244877346791327,0.19640848238486797,0.21254231152124703,0.19688148377463222,0.16336877178400755,0.16226962278597057,0.14382582309190184,0.15765782952075824,0.1226872744737193,0.1420925867278129,0.1233633955125697,0.12720330606680363,0.10911677574040368,0.1045073134591803,0.10589405114296824,0.10464835257153027,0.09490737441228703,0.09379594307392836,0.08813147037290037,0.0899085295968689,0.09211932774633169,0.08801134082023054,0.08505668392172083,0.08294776390539482,0.08152468275511637,0.08029707308742218,0.07920920985634439,0.07824013664503582,0.07737779992748983,0.07661415808252059,0.07594356042682193,0.07536106745828874,0.07486317219445482,0.074446284561418,0.0741084769833833,0.07384764970629476,0.07366234259097837,0.07355155094410293,0.07351469155400991,0.07355155094410293,0.07366234259097837,0.07384764970629476,0.0741084769833833,0.074446284561418,0.07486317219445482,0.07536106745828874,0.07594356042682193,0.07661415808252059,0.07737779992748983,0.07824013664503582,0.07920920985634439,0.08029707308742218,0.08152468275511637,0.08294776390539482,0.08505668392172083,0.08801134082023054,0.09211932774633169,0.0899085295968689,0.08813147037290037,0.09379594307392836,0.09490737441228703,0.10464835257153027,0.10589405114296824,0.1045073134591803,0.10911677574040368,0.12720330606680363,0.1233633955125697,0.1420925867278129,0.1226872744737193,0.15765782952075824,0.14382582309190184,0.16226962278597057,0.16336877178400755,0.19688148377463222,0.21254231152124703,0.19640848238486797,0.244877346791327,0.24754623952321708,0.30429495917633176,0.3578509306535125,0.4587359670549631,0.7458634059876204,0.5755365826189518,1.10246049053967,1.173488536849618,1.755305651575327,3.4584606140851974,7.08310729265213
5.192440865561366,6.639273650944233,3.1367361806333065,1.4198317099362612,1.1932373978197575,0.640866035129875,0.6720398059114814,0.5798799665644765,0.33988653449341655,0.29725109599530697,0.24629984982311726,0.2209617510670796,0.21160767087712884,0.19206124753691256,0.17191341682337224,0.16231734910979867,0.16468113957671449,0.1553127634106204,0.133098284015432,0.12505631882231683,0.12983473186613992,0.13398074894212186,0.10541041992837563,0.11579663376323879,0.09948604280361906,0.10499711183365434,0.09707989724120125,0.09076443605590612,0.0883709717891179,0.08638507989235222,0.08332657784922048,0.08380220941035077,0.07579825162247289,0.07863800204358995,0.07594120054272935,0.07462661535828374,0.07345563461421989,0.07241366422385909,0.07147643464850262,0.07063366207876243,0.06987909474992193,0.06920798739884049,0.06861651441431604,0.06810138231958263,0.06765992662985809,0.06729024433298036,0.06699000191292726,0.06675803693360649,0.06659317307639867,0.06649447890231386,0.066461649723351,0.06649447890231386,0.06659317307639867,0.06675803693360649,0.06699000191292726,0.06729024433298036,0.06765992662985809,0.06810138231958263,0.06861651441431604,0.06920798739884049,0.06987909474992193,0.07063366207876243,0.07147643464850262,0.07241366422385909,0.07345563461421989,0.07462661535828374,0.07594120054272935,0.07863800204358995,0.07579825162247289,0.08380220941035077,0.08332657784922048,0.08638507989235222,0.0883709717891179,0.09076443605590612,0.09707989724120125,0.10499711183365434,0.09948604280361906,0.11579663376323879,0.10541041992837563,0.13398074894212186,0.12983473186613992,0.12505631882231683,0.133098284015432,0.1553127634106204,0.16468113957671449,0.16231734910979867,0.17191341682337224,0.19206124753691256,0.21160767087712884,0.2209617510670796,0.24629984982311726,0.29725109599530697,0.33988653449341655,0.5798799665644765,0.6720398059114814,0.640866035129875,1.1932373978197575,1.4198317099362612,3.1367361806333065,6.639273650944233
6.413550166413188,6.405036397278309,2.641964763402939,1.3605818096548319,1.0130066238343716,0.8549319142475724,0.758357648504898,0.5973570267669857,0.4218795520719141,0.3385045202448964,0.28635359182953835,0.25737255229614675,0.2351688714697957,0.2189343748614192,0.2064315197058022,0.18318162788636982,0.17941907863132656,0.1729344050399959,0.15696914168074727,0.1515998118557036,0.14967886346857995,0.14762262045405805,0.13390858015918639,0.13029409456066787,0.12754492470412515,0.12734795914730057,0.11694288376020268,0.115592284622835,0.11044160195160657,0.10423609719146043,0.10886006616055965,0.10494903370272368,0.0949416643125005,0.09934020467335358,0.09429415047634393,0.09319085732568055,0.0918603633181192,0.09061109216418117,0.08946629712590948,0.0884274517884478,0.08749299921328202,0.08665904647205025,0.0859232114162296,0.08528143930016086,0.08473119320115075,0.08426987499115057,0.083895366784418,0.08360580046428367,0.08339994627749547,0.08327677499619313,0.08323593623936176,0.08327677499619313,0.08339994627749547,0.08360580046428367,0.083895366784418,0.08426987499115057,0.08473119320115075,0.08528143930016086,0.0859232114162296,0.08665904647205025,0.08749299921328202,0.0884274517884478,0.08946629712590948,0.09061109216418117,0.0918603633181192,0.09319085732568055,0.09429415047634393,0.09934020467335358,0.0949416643125005,0.10494903370272368,0.10886006616055965,0.10423609719146043,0.11044160195160657,0.115592284622835,0.11694288376020268,0.12734795914730057,0.12754492470412515,0.13029409456066787,0.13390858015918639,0.14762262045405805,0.14967886346857995,0.1515998118557036,0.15696914168074727,0.1729344050399959,0.17941907863132656,0.18318162788636982,0.2064315197058022,0.2189343748614192,0.2351688714697957,0.25737255229614675,0.28635359182953835,0.3385045202448964,0.4218795520719141,0.5973570267669857,0.758357648504898,0.8549319142475724,1.0130066238343716,1.3605818096548319,2.641964763402939,6.405036397278309
4.732641398906708,5.883383519947529,2.703912653028965,1.2527713691815734,0.9087765607982874,0.7844436522573233,0.5264939060434699,0.4725434916326776,0.4539553979411721,0.29180839215405285,0.28568258066661656,0.25652263150550425,0.23219229839742184,0.21466808998957276,0.19521051389165223,0.1887307845754549,0.17392949596978724,0.16646413644775748,0.159543288173154,0.15024025947786868,0.14530992094660178,0.14192198967793956,0.13602801284287125,0.12075932865263894,0.11899017728865147,0.12406819977331907,0.11583679795148782,0.11077929078601301,0.10850341123295948,0.10726895433617756,0.10490886849584058,0.09875525371171534,0.09943242196459323,0.09562902466859668,0.09490038274088874,0.09295418762485497,0.09145064707263373,0.09011744076269679,0.08892062108498067,0.08784607879351825,0.08688546686607879,0.08603180330828764,0.08528009915607981,0.08462557202437893,0.08406485930026975,0.08359497945639305,0.083213601319585,0.08291869914683048,0.08270904842356686,0.0825836013245862,0.08254174329340458,0.0825836013245862,0.08270904842356686,0.08291869914683048,0.083213601319585,0.08359497945639305,0.08406485930026975,0.08462557202437893,0.08528009915607981,0.08603180330828764,0.08688546686607879,0.08784607879351825,0.08892062108498067,0.09011744076269679,0.09145064707263373,0.09295418762485497,0.09490038274088874,0.09562902466859668,0.09943242196459323,0.09875525371171534,0.10490886849584058,0.10726895433617756,0.10850341123295948,0.11077929078601301,0.11583679795148782,0.12406819977331907,0.11899017728865147,0.12075932865263894,0.13602801284287125,0.14192198967793956,0.14530992094660178,0.15024025947786868,0.159543288173154,0.16646413644775748,0.17392949596978724,0.1887307845754549,0.19521051389165223,0.21466808998957276,0.23219229839742184,0.25652263150550425,0.28568258066661656,0.29180839215405285,0.4539553979411721,0.4725434916326776,0.5264939060434699,0.7844436522573233,0.9087765607982874,1.2527713691815734,2.703912653028965,5.883383519947529
4.030824977904558,6.174812152981758,2.89917116984725,1.3679297231137753,0.9723699996247888,0.7126058386638761,0.5462382137775421,0.49885366205126047,0.39758829213678837,0.33795785484835505,0.33039750438183546,0.2780255798716098,0.24633440375328064,0.2410597330890596,0.22939563263207674,0.2128723105415702,0.20278592791873962,0.19535595551133156,0.17255228757858276,0.16210799105465412,0.158614098909311,0.14698153943754733,0.14337635890115052,0.14279256970621645,0.13853316055610776,0.13152112468378618,0.12496731989085674,0.12673025787808,0.11819275945890695,0.11808191332966089,0.11631909152492881,0.11234296497423202,0.11160160903818905,0.10841682355385274,0.10646917368285358,0.10447902150917798,0.10283185227308422,0.10136375564616174,0.10004469892010093,0.09886048140469939,0.09780154679901898,0.09686090308241546,0.09603282925672829,0.09531210490968078,0.09469507227186114,0.09417809243313968,0.09375879331491888,0.09343482612166554,0.09320455370470881,0.09306689898949116,0.09302114695310593,0.09306689898949116,0.09320455370470881,0.09343482612166554,0.09375879331491888,0.09417809243313968,0.09469507227186114,0.09531210490968078,0.09603282925672829,0.09686090308241546,0.09780154679901898,0.09886048140469939,0.10004469892010093,0.10136375564616174,0.10283185227308422,0.10447902150917798,0.10646917368285358,0.10841682355385274,0.11160160903818905,0.11234296497423202,0.11631909152492881,0.11808191332966089,0.11819275945890695,0.12673025787808,0.12496731989085674,0.13152112468378618,0.13853316055610776,0.14279256970621645,0.14337635890115052,0.14698153943754733,0.158614098909311,0.16210799105465412,0.17255228757858276,0.19535595551133156,0.20278592791873962,0.2128723105415702,0.22939563263207674,0.2410597330890596,0.24633440375328064,0.2780255798716098,0.33039750438183546,0.33795785484835505,0.39758829213678837,0.49885366205126047,0.5462382137775421,0.7126058386638761,0.9723699996247888,1.3679297231137753,2.89917116984725,6.174812152981758
5.4412230253219604,5.500225782394409,3.0253245942294598,1.3223296329379082,0.7653431920334697,0.7143212109804153,0.5132712423801422,0.41860260209068656,0.36731132096610963,0.30275291856378317,0.27759605646133423,0.23447215743362904,0.22562961746007204,0.18804447096772492,0.18988010950852185,0.16284185741096735,0.15735841391142458,0.15307755977846682,0.153654046356678,0.13020909356418997,0.13339791691396385,0.12379183387383819,0.11362849141005427,0.11374557137605734,0.10422482073772699,0.10291461402084678,0.10418928053695709,0.0959924086346291,0.09725670039188117,0.09483856870792806,0.09124122327193618,0.08991237013833597,0.08778635319322348,0.08541273552691564,0.08485507592558861,0.08325623575365171,0.08195893000811338,0.08080046897521242,0.07975735195213929,0.07881920080399141,0.07797954342095181,0.07723278074990958,0.076574839244131,0.07600222813198343,0.07551137846894562,0.07510038855252787,0.07476680789841339,0.0745090558193624,0.07432580192107707,0.07421622256515548,0.07417984679341316,0.07421622256515548,0.07432580192107707,0.0745090558193624,0.07476680789841339,0.07510038855252787,0.07551137846894562,0.07600222813198343,0.076574839244131,0.07723278074990958,0.07797954342095181,0.07881920080399141,0.07975735195213929,0.08080046897521242,0.08195893000811338,0.08325623575365171,0.08485507592558861,0.08541273552691564,0.08778635319322348,0.08991237013833597,0.09124122327193618,0.09483856870792806,0.09725670039188117,0.0959924086346291,0.10418928053695709,0.10291461402084678,0.10422482073772699,0.11374557137605734,0.11362849141005427,0.12379183387383819,0.13339791691396385,0.13020909356418997,0.153654046356678,0.15307755977846682,0.15735841391142458,0.16284185741096735,0.18988010950852185,0.18804447096772492,0.22562961746007204,0.23447215743362904,0.27759605646133423,0.30275291856378317,0.36731132096610963,0.41860260209068656,0.5132712423801422,0.7143212109804153,0.7653431920334697,1.3223296329379082,3.0253245942294598,5.500225782394409
3.6029276587069035,5.851546436548233,1.598784890025854,0.9611349031329155,0.6972112879157066,0.5419434676878154,0.43876366782933474,0.33369946014136076,0.27897009858861566,0.22342065325938165,0.20175926922820508,0.18563237832859159,0.16595924692228436,0.15114703262224793,0.1456743540475145,0.12732559657888487,0.12458419142058119,0.11945945606566966,0.11617654899600893,0.112296708219219,0.10443363816011697,0.0962882450548932,0.09317586512770504,0.08618814370129257,0.08731048824847676,0.0834151670569554,0.08254622656386346,0.0790809525642544,0.07476226973813027,0.07531820115400478,0.07172213221201673,0.07086348865414038,0.07112197950482368,0.06931305467151105,0.06815955007914454,0.06681086134631187,0.065713289543055,0.06474791106302291,0.06388638581847772,0.06311642966466025,0.06242982600815594,0.06182096229167655,0.0612857403466478,0.060820507060270756,0.060422389244195074,0.060089243575930595,0.059818984125740826,0.05961032095365226,0.05946204636711627,0.059373395110014826,0.05934393312782049,0.059373395110014826,0.05946204636711627,0.05961032095365226,0.059818984125740826,0.060089243575930595,0.060422389244195074,0.060820507060270756,0.0612857403466478,0.06182096229167655,0.06242982600815594,0.06311642966466025,0.06388638581847772,0.06474791106302291,0.065713289543055,0.06681086134631187,0.06815955007914454,0.06931305467151105,0.07112197950482368,0.07086348865414038,0.07172213221201673,0.07531820115400478,0.07476226973813027,0.0790809525642544,0.08254622656386346,0.0834151670569554,0.08731048824847676,0.08618814370129257,0.09317586512770504,0.0962882450548932,0.10443363816011697,0.112296708219219,0.11617654899600893,0.11945945606566966,0.12458419142058119,0.12732559657888487,0.1456743540475145,0.15114703262224793,0.16595924692228436,0.18563237832859159,0.20175926922820508,0.22342065325938165,0.27897009858861566,0.33369946014136076,0.43876366782933474,0.5419434676878154,0.6972112879157066,0.9611349031329155,1.598784890025854,5.851546436548233
3.673379236133769,5.008595209568739,2.399738498032093,1.1117355860769749,0.898480131290853,0.6044157668948174,0.4745123852044344,0.39419407094828784,0.3432446885854006,0.2996745910641039,0.2709387824870646,0.23306720104301348,0.22516725986497477,0.20342406316194683,0.1937326608458534,0.182315411278978,0.172933469817508,0.1606450043618679,0.15067904198076576,0.14456663659075275,0.13726556056644768,0.1320433173677884,0.12409245304297656,0.12020235689124092,0.11561809020349756,0.1133357398211956,0.1099118834536057,0.104944875522051,0.1032311067392584,0.1008269083686173,0.10010893712751567,0.09641635784646496,0.0958166295895353,0.0936293471022509,0.09032774783554487,0.0892286007583607,0.08796029954100959,0.08675973195931874,0.08565644375630654,0.08465528977103531,0.08375456772046164,0.0829514806100633,0.08224271642393433,0.08162497860030271,0.08109546333434992,0.08065176449599676,0.08029139877180569,0.08001294452697039,0.07981499616289511,0.07969663574476726,0.07965727127157152,0.07969663574476726,0.07981499616289511,0.08001294452697039,0.08029139877180569,0.08065176449599676,0.08109546333434992,0.08162497860030271,0.08224271642393433,0.0829514806100633,0.08375456772046164,0.08465528977103531,0.08565644375630654,0.08675973195931874,0.08796029954100959,0.0892286007583607,0.09032774783554487,0.0936293471022509,0.0958166295895353,0.09641635784646496,0.10010893712751567,0.1008269083686173,0.1032311067392584,0.104944875522051,0.1099118834536057,0.1133357398211956,0.11561809020349756,0.12020235689124092,0.12409245304297656,0.1320433173677884,0.13726556056644768,0.14456663659075275,0.15067904198076576,0.1606450043618679,0.172933469817508,0.182315411278978,0.1937326608458534,0.20342406316194683,0.22516725986497477,0.23306720104301348,0.2709387824870646,0.2996745910641039,0.3432446885854006,0.39419407094828784,0.4745123852044344,0.6044157668948174,0.898480131290853,1.1117355860769749,2.399738498032093,5.008595209568739
4.190878866240382,5.0468555595725775,1.251733684912324,0.6023136451840401,0.5298850713297725,0.42821807763539255,0.3170476648956537,0.26896142796613276,0.24233911419287324,0.18857482733437791,0.18219997838605195,0.15551170124672353,0.15275516363908537,0.13620772631838918,0.13026284845545888,0.12259506608825177,0.11128560136421584,0.10673636046703905,0.10224665142595768,0.09836874424945563,0.09283259336370975,0.08957955229561776,0.0874997503706254,0.08296856447122991,0.08090035413624719,0.07639543717959896,0.0741306736599654,0.07238492101896554,0.07104403676930815,0.06942326572607271,0.06771696623764001,0.06553518094005994,0.06434790274943225,0.06323500300641172,0.06183290109038353,0.06089580347179435,0.059975939511787146,0.059132130787475035,0.05836579130846076,0.057674033974763006,0.05705411444068886,0.05650260756374337,0.05601635476341471,0.05559320078464225,0.055230777157703415,0.05492698139278218,0.05468062832369469,0.05449023260734975,0.05435490811942145,0.05427402298664674,0.0542470458894968,0.05427402298664674,0.05435490811942145,0.05449023260734975,0.05468062832369469,0.05492698139278218,0.055230777157703415,0.05559320078464225,0.05601635476341471,0.05650260756374337,0.05705411444068886,0.057674033974763006,0.05836579130846076,0.059132130787475035,0.059975939511787146,0.06089580347179435,0.06183290109038353,0.06323500300641172,0.06434790274943225,0.06553518094005994,0.06771696623764001,0.06942326572607271,0.07104403676930815,0.07238492101896554,0.0741306736599654,0.07639543717959896,0.08090035413624719,0.08296856447122991,0.0874997503706254,0.08957955229561776,0.09283259336370975,0.09836874424945563,0.10224665142595768,0.10673636046703905,0.11128560136421584,0.12259506608825177,0.13026284845545888,0.13620772631838918,0.15275516363908537,0.15551170124672353,0.18219997838605195,0.18857482733437791,0.24233911419287324,0.26896142796613276,0.3170476648956537,0.42821807763539255,0.5298850713297725,0.6023136451840401,1.251733684912324,5.0468555595725775
2.0074293725192547,4.15112317353487,1.6754206754267216,0.7950085047632456,0.5273855426348746,0.48127291537821293,0.35665071301627904,0.30536412820219994,0.2891714437864721,0.23455942422151566,0.2153859417885542,0.19406084180809557,0.1784655312076211,0.16150010307319462,0.15049913828261197,0.14514979720115662,0.1335654053837061,0.12744758953340352,0.11955605773255229,0.1136085744947195,0.11151051975321025,0.10786036786157638,0.09868413116782904,0.09771243785507977,0.09407268860377371,0.09029453038237989,0.0889823455363512,0.08560350711923093,0.0830097288126126,0.08090544608421624,0.07973628654144704,0.07840042829047889,0.07570684363599867,0.07497052510734648,0.07388224627356976,0.07248981192242354,0.07133408694062382,0.07030369690619409,0.06937837670557201,0.06854809320066124,0.06780613504815847,0.06714718590956181,0.06656739069148898,0.06606309022754431,0.06563139276113361,0.06526987231336534,0.06497667531948537,0.06475020898506045,0.06458925257902592,0.06449304276611656,0.06446102075278759,0.06449304276611656,0.06458925257902592,0.06475020898506045,0.06497667531948537,0.06526987231336534,0.06563139276113361,0.06606309022754431,0.06656739069148898,0.06714718590956181,0.06780613504815847,0.06854809320066124,0.06937837670557201,0.07030369690619409,0.07133408694062382,0.07248981192242354,0.07388224627356976,0.07497052510734648,0.07570684363599867,0.07840042829047889,0.07973628654144704,0.08090544608421624,0.0830097288126126,0.08560350711923093,0.0889823455363512,0.09029453038237989,0.09407268860377371,0.09771243785507977,0.09868413116782904,0.10786036786157638,0.11151051975321025,0.1136085744947195,0.11955605773255229,0.12744758953340352,0.1335654053837061,0.14514979720115662,0.15049913828261197,0.16150010307319462,0.1784655312076211,0.19406084180809557,0.2153859417885542,0.23455942422151566,0.2891714437864721,0.30536412820219994,0.35665071301627904,0.48127291537821293,0.5273855426348746,0.7950085047632456,1.6754206754267216,4.15112317353487
2.738260719459504,2.8711111061275005,1.893338356167078,0.7356380075216293,0.7059877971187234,0.5740481819957495,0.4057541242800653,0.33501474652439356,0.26754435896873474,0.2102862203028053,0.1761053951922804,0.15634187473915517,0.13005536748096347,0.13243085704743862,0.1304102105787024,0.11896066961344332,0.1224867079872638,0.10209579207003117,0.0994563625426963,0.08970708877313882,0.10622598591726273,0.08646408177446574,0.07614920928608626,0.07836239703465253,0.07508551428327337,0.07732585608027875,0.07159082827274688,0.06369214761070907,0.06728833809029311,0.062206049100495875,0.0636664146441035,0.061825334501918405,0.061232879816088825,0.057807270903140306,0.05630766291869804,0.05500005814246833,0.054015326662920415,0.0531631761114113,0.05241052055498585,0.051742689800448716,0.05115044495323673,0.050627548655029386,0.05016922182403505,0.049772127938922495,0.049433084146585315,0.04914967407239601,0.04892019589897245,0.04874317377107218,0.04861746064852923,0.04854230652563274,0.048517347779124975,0.04854230652563274,0.04861746064852923,0.04874317377107218,0.04892019589897245,0.04914967407239601,0.049433084146585315,0.049772127938922495,0.05016922182403505,0.050627548655029386,0.05115044495323673,0.051742689800448716,0.05241052055498585,0.0531631761114113,0.054015326662920415,0.05500005814246833,0.05630766291869804,0.057807270903140306,0.061232879816088825,0.061825334501918405,0.0636664146441035,0.062206049100495875,0.06728833809029311,0.06369214761070907,0.07159082827274688,0.07732585608027875,0.07508551428327337,0.07836239703465253,0.07614920928608626,0.08646408177446574,0.10622598591726273,0.08970708877313882,0.0994563625426963,0.10209579207003117,0.1224867079872638,0.11896066961344332,0.1304102105787024,0.13243085704743862,0.13005536748096347,0.15634187473915517,0.1761053951922804,0.2102862203028053,0.26754435896873474,0.33501474652439356,0.4057541242800653,0.5740481819957495,0.7059877971187234,0.7356380075216293,1.893338356167078,2.8711111061275005
3.4712918885052204,4.779872477054596,2.6704316325485706,1.7335438504815102,1.484725808724761,1.5377012379467487,0.8232859941199422,0.5884832320734859,0.442278039874509,0.22243000159505755,0.2584100626409054,0.24302031262777746,0.17634263256331906,0.22291281539946795,0.14385663298889995,0.1536726059857756,0.17964382376521826,0.1525576210115105,0.1602141292532906,0.10297752206679434,0.13335169450147077,0.10996097547467798,0.09705751057481393,0.10048595628177281,0.09167713508941233,0.08415621588937938,0.08626748766982928,0.07904400920961052,0.07553041644860059,0.07478371367324144,0.07661990582710132,0.06067400175379589,0.05984033370623365,0.05688654936966486,0.058214537682943046,0.05584015327622183,0.05481520903413184,0.05400698231824208,0.05330377770587802,0.05267764686141163,0.05211827109451406,0.051620450904010795,0.05118091541226022,0.05079709210258443,0.05046753336500842,0.05019057456229348,0.04996516693063313,0.04979060421464965,0.049666191538563,0.04959169773792382,0.0495668426156044,0.04959169773792382,0.049666191538563,0.04979060421464965,0.04996516693063313,0.05019057456229348,0.05046753336500842,0.05079709210258443,0.05118091541226022,0.051620450904010795,0.05211827109451406,0.05267764686141163,0.05330377770587802,0.05400698231824208,0.05481520903413184,0.05584015327622183,0.058214537682943046,0.05688654936966486,0.05984033370623365,0.06067400175379589,0.07661990582710132,0.07478371367324144,0.07553041644860059,0.07904400920961052,0.08626748766982928,0.08415621588937938,0.09167713508941233,0.10048595628177281,0.09705751057481393,0.10996097547467798,0.13335169450147077,0.10297752206679434,0.1602141292532906,0.1525576210115105,0.17964382376521826,0.1536726059857756,0.14385663298889995,0.22291281539946795,0.17634263256331906,0.24302031262777746,0.2584100626409054,0.22243000159505755,0.442278039874509,0.5884832320734859,0.8232859941199422,1.5377012379467487,1.484725808724761,1.7335438504815102,2.6704316325485706,4.779872477054596
2.5696487887762487,6.524173557758331,4.481386736035347,1.9744962453842163,1.6102059669792652,1.3942587412893772,1.0498860627412796,0.7029798263683915,0.4502064175903797,0.5313180550001562,0.3190180459059775,0.25852796831168234,0.2419707130175084,0.22942069312557578,0.19330283254384995,0.1796779476571828,0.15340705239214003,0.1651522465981543,0.16914383851690218,0.1456054386217147,0.1651599191245623,0.1408054477069527,0.14514739369042218,0.15141383185982704,0.11923721595667303,0.11763588711619377,0.11390040989499539,0.106524758040905,0.09865681466180831,0.10124944138806313,0.09801965212682262,0.09838870749808848,0.09703710267785937,0.08924303168896586,0.0921822750242427,0.08875734196044505,0.0869810504373163,0.0855517687741667,0.08431994705460966,0.08323800622019917,0.08228331478312612,0.0814429473830387,0.08070746751036495,0.08007046149577945,0.07952662731986493,0.07907264295499772,0.0787050265353173,0.0784214218147099,0.07822003564797342,0.07809963112231344,0.0780596686527133,0.07809963112231344,0.07822003564797342,0.0784214218147099,0.0787050265353173,0.07907264295499772,0.07952662731986493,0.08007046149577945,0.08070746751036495,0.0814429473830387,0.08228331478312612,0.08323800622019917,0.08431994705460966,0.0855517687741667,0.0869810504373163,0.08875734196044505,0.0921822750242427,0.08924303168896586,0.09703710267785937,0.09838870749808848,0.09801965212682262,0.10124944138806313,0.09865681466180831,0.106524758040905,0.11390040989499539,0.11763588711619377,0.11923721595667303,0.15141383185982704,0.14514739369042218,0.1408054477069527,0.1651599191245623,0.1456054386217147,0.16914383851690218,0.1651522465981543,0.15340705239214003,0.1796779476571828,0.19330283254384995,0.22942069312557578,0.2419707130175084,0.25852796831168234,0.3190180459059775,0.5313180550001562,0.4502064175903797,0.7029798263683915,1.0498860627412796,1.3942587412893772,1.6102059669792652,1.9744962453842163,4.481386736035347,6.524173557758331
4.379127464257181,7.981309354305267,4.524569422006607,1.7927772924304008,1.1981717813760042,0.9419850800186396,0.6707532769069076,0.8806116692721844,0.5503137120977044,0.3748859452898614,0.28614066634327173,0.28691659681499004,0.2550398539751768,0.2394330119714141,0.24123928393237293,0.2054958314402029,0.20732806529849768,0.1932652114192024,0.17113397642970085,0.1689600032987073,0.1696383283706382,0.16031723748892546,0.14911179477348924,0.14770376798696816,0.13423326483462006,0.12462709983810782,0.13017793907783926,0.11665905034169555,0.12042445153929293,0.11613497498910874,0.11027450719848275,0.10789711005054414,0.10711985151283443,0.10666788322851062,0.10132384666940197,0.10027470218483359,0.09889203816419467,0.09757553559029475,0.09636218869127333,0.09525813587242737,0.09426304703811184,0.09337428997969255,0.09258887293981388,0.09190374502213672,0.0913159511401318,0.09082287596538663,0.09042247204342857,0.09011283586733043,0.08989269391167909,0.08976103697204962,0.08971723448485136,0.08976103697204962,0.08989269391167909,0.09011283586733043,0.09042247204342857,0.09082287596538663,0.0913159511401318,0.09190374502213672,0.09258887293981388,0.09337428997969255,0.09426304703811184,0.09525813587242737,0.09636218869127333,0.09757553559029475,0.09889203816419467,0.10027470218483359,0.10132384666940197,0.10666788322851062,0.10711985151283443,0.10789711005054414,0.11027450719848275,0.11613497498910874,0.12042445153929293,0.11665905034169555,0.13017793907783926,0.12462709983810782,0.13423326483462006,0.14770376798696816,0.14911179477348924,0.16031723748892546,0.1696383283706382,0.1689600032987073,0.17113397642970085,0.1932652114192024,0.20732806529849768,0.2054958314402029,0.24123928393237293,0.2394330119714141,0.2550398539751768,0.28691659681499004,0.28614066634327173,0.3748859452898614,0.5503137120977044,0.8806116692721844,0.6707532769069076,0.9419850800186396,1.1981717813760042,1.7927772924304008,4.524569422006607,7.981309354305267
5.086352348327637,8.41949911788106,3.4485553205013275,2.2850113213062286,1.5532646616920829,0.9103609379380941,0.8074969751760364,0.7210423424839973,0.5312369337771088,0.440292427316308,0.39051800849847496,0.3854631334543228,0.3299658019095659,0.2976125148124993,0.2857143562287092,0.2726863350253552,0.23806949506979436,0.22440743155311793,0.23533006373327225,0.22947160131298006,0.20936307113151997,0.21441540401428938,0.19700991758145392,0.1769694007234648,0.16826672095339745,0.17286193592008203,0.1640827062074095,0.15915598318679258,0.15837936877505854,0.15128845581784844,0.14712305553257465,0.14015840832144022,0.13890204933704808,0.14021024550311267,0.13352533499710262,0.13190077515901066,0.1300159207021352,0.12824323037057184,0.12661778408801183,0.12514391468721442,0.1238183492096141,0.12263638386502862,0.12159338078345172,0.12068411381915212,0.11990468733711168,0.11925142613472417,0.11872099421452731,0.11831105555756949,0.11801955220289528,0.1178452402818948,0.11778727918863297,0.1178452402818948,0.11801955220289528,0.11831105555756949,0.11872099421452731,0.11925142613472417,0.11990468733711168,0.12068411381915212,0.12159338078345172,0.12263638386502862,0.1238183492096141,0.12514391468721442,0.12661778408801183,0.12824323037057184,0.1300159207021352,0.13190077515901066,0.13352533499710262,0.14021024550311267,0.13890204933704808,0.14015840832144022,0.14712305553257465,0.15128845581784844,0.15837936877505854,0.15915598318679258,0.1640827062074095,0.17286193592008203,0.16826672095339745,0.1769694007234648,0.19700991758145392,0.21441540401428938,0.20936307113151997,0.22947160131298006,0.23533006373327225,0.22440743155311793,0.23806949506979436,0.2726863350253552,0.2857143562287092,0.2976125148124993,0.3299658019095659,0.3854631334543228,0.39051800849847496,0.440292427316308,0.5312369337771088,0.7210423424839973,0.8074969751760364,0.9103609379380941,1.5532646616920829,2.2850113213062286,3.4485553205013275,8.41949911788106
3.8905554451048374,8.31961053609848,3.1345441788434982,1.5083049181848764,1.2392833530902863,0.681656863540411,0.8416673745959997,0.6444207075983286,0.4516294412314892,0.3560796584933996,0.3248052450362593,0.28635497053619474,0.26200620480813086,0.22759698488516733,0.21682814182713628,0.19927465775981545,0.19633680675178766,0.18869677861221135,0.16699897102080286,0.1658700421685353,0.14977087057195604,0.15182645252207294,0.1528481038985774,0.14111256576143205,0.12807948369299993,0.12634762679226696,0.1230971768964082,0.12567324133124202,0.1169179407224874,0.11412630596896634,0.10882454889360815,0.10569139942526817,0.10423455416457728,0.1028513545752503,0.10168298680218868,0.0992388497106731,0.09759491062141024,0.09618008727557026,0.09492194943595678,0.09379673330113292,0.09279245644574985,0.0919005730538629,0.09111514466349036,0.0904319992987439,0.08984685689210892,0.0893568493775092,0.0889591453014873,0.08865194756072015,0.08843356085708365,0.08830310689518228,0.0882594995200634,0.08830310689518228,0.08843356085708365,0.08865194756072015,0.0889591453014873,0.0893568493775092,0.08984685689210892,0.0904319992987439,0.09111514466349036,0.0919005730538629,0.09279245644574985,0.09379673330113292,0.09492194943595678,0.09618008727557026,0.09759491062141024,0.0992388497106731,0.10168298680218868,0.1028513545752503,0.10423455416457728,0.10569139942526817,0.10882454889360815,0.11412630596896634,0.1169179407224874,0.12567324133124202,0.1230971768964082,0.12634762679226696,0.12807948369299993,0.14111256576143205,0.1528481038985774,0.15182645252207294,0.14977087057195604,0.1658700421685353,0.16699897102080286,0.18869677861221135,0.19633680675178766,0.19927465775981545,0.21682814182713628,0.22759698488516733,0.26200620480813086,0.28635497053619474,0.3248052450362593,0.3560796584933996,0.4516294412314892,0.6444207075983286,0.8416673745959997,0.681656863540411,1.2392833530902863,1.5083049181848764,3.1345441788434982,8.31961053609848
5.593561135232449,5.924393996596336,2.459144853055477,1.2466935431584716,1.0014136768877506,0.6975303837098181,0.5633639846928418,0.5126505484804511,0.3604037564000464,0.3209279034053907,0.27020070975413546,0.2545871714828536,0.2182190156308934,0.2010312598431483,0.1888211940531619,0.17557084455620497,0.16721421538386494,0.16265796788502485,0.1506439329823479,0.1452648335834965,0.13950179825769737,0.13433250755770132,0.12824136402923614,0.12690983770880848,0.11254928255220875,0.11065309913828969,0.10789780411869287,0.10362655203789473,0.10387584462296218,0.10196901892777532,0.09693635202711448,0.09512725024251267,0.09457639866741374,0.09053960687015206,0.08956335706170648,0.08786815305938944,0.08646573504665866,0.08521581994136795,0.0840928521938622,0.08308527246117592,0.08218480960931629,0.08138478390173987,0.08068056841148064,0.08006825891789049,0.07954395515844226,0.07910507783526555,0.07874887494836003,0.07847383740590885,0.07827833615010604,0.07816146116238087,0.07812253385782242,0.07816146116238087,0.07827833615010604,0.07847383740590885,0.07874887494836003,0.07910507783526555,0.07954395515844226,0.08006825891789049,0.08068056841148064,0.08138478390173987,0.08218480960931629,0.08308527246117592,0.0840928521938622,0.08521581994136795,0.08646573504665866,0.08786815305938944,0.08956335706170648,0.09053960687015206,0.09457639866741374,0.09512725024251267,0.09693635202711448,0.10196901892777532,0.10387584462296218,0.10362655203789473,0.10789780411869287,0.11065309913828969,0.11254928255220875,0.12690983770880848,0.12824136402923614,0.13433250755770132,0.13950179825769737,0.1452648335834965,0.1506439329823479,0.16265796788502485,0.16721421538386494,0.17557084455620497,0.1888211940531619,0.2010312598431483,0.2182190156308934,0.2545871714828536,0.27020070975413546,0.3209279034053907,0.3604037564000464,0.5126505484804511,0.5633639846928418,0.6975303837098181,1.0014136768877506,1.2466935431584716,2.459144853055477,5.924393996596336
6.393977336585522,6.096680395305157,3.087914861738682,1.2793762143701315,1.2220916086807847,1.109111269004643,0.6845471281558275,0.5097803776152432,0.41944033838808537,0.2931825793348253,0.277642663102597,0.23958718101494014,0.2131215250119567,0.20228415983729064,0.16876288619823754,0.15567579912021756,0.17262660851702094,0.13429709896445274,0.12825262016849592,0.13010948966257274,0.12976786610670388,0.11114820081274956,0.11582256847759709,0.1015324501786381,0.08711498894263059,0.10312708688434213,0.08511266388813965,0.08669537701644003,0.08854577410966158,0.08557931310497224,0.08660009724553674,0.08486214373260736,0.07906887074932456,0.08203508041333407,0.07735618329024874,0.07526494178455323,0.07386445888550952,0.072696429095231,0.07168048049788922,0.07078557478962466,0.06999486329732463,0.06929801107617095,0.06868780968943611,0.06815915420884266,0.0677078613662161,0.06733060075202957,0.06702515948563814,0.06678947166074067,0.06662206031614915,0.06652207911247388,0.06648889183998108,0.06652207911247388,0.06662206031614915,0.06678947166074067,0.06702515948563814,0.06733060075202957,0.0677078613662161,0.06815915420884266,0.06868780968943611,0.06929801107617095,0.06999486329732463,0.07078557478962466,0.07168048049788922,0.072696429095231,0.07386445888550952,0.07526494178455323,0.07735618329024874,0.08203508041333407,0.07906887074932456,0.08486214373260736,0.08660009724553674,0.08557931310497224,0.08854577410966158,0.08669537701644003,0.08511266388813965,0.10312708688434213,0.08711498894263059,0.1015324501786381,0.11582256847759709,0.11114820081274956,0.12976786610670388,0.13010948966257274,0.12825262016849592,0.13429709896445274,0.17262660851702094,0.15567579912021756,0.16876288619823754,0.20228415983729064,0.2131215250119567,0.23958718101494014,0.277642663102597,0.2931825793348253,0.41944033838808537,0.5097803776152432,0.6845471281558275,1.109111269004643,1.2220916086807847,1.2793762143701315,3.087914861738682,6.096680395305157
3.6631855703890324,5.939401060342789,3.6347717489115894,1.639643925242126,1.6738270781934261,1.7335844933986664,0.8633723109960556,0.7595526063814759,0.558104258030653,0.4508093139156699,0.30776311783120036,0.2667236980050802,0.27931722719222307,0.2411882751621306,0.20070473931264132,0.23381069698370993,0.21125084860250354,0.1806203742744401,0.16637614753562957,0.15180332562886178,0.13181154686026275,0.1359722794732079,0.1217445625225082,0.11951786023564637,0.11963574308902025,0.10977753926999867,0.1097735371440649,0.11146639985963702,0.0970598409185186,0.09756202367134392,0.0956430216319859,0.09802534955088049,0.08424231974640861,0.09123388002626598,0.08188413386233151,0.08028872119029984,0.07904175136354752,0.07791346599697135,0.07689150425721891,0.07597028306918219,0.07514435466146097,0.0744097308779601,0.07376234533148818,0.07319896947592497,0.07271630762261339,0.07231203839182854,0.07198393403086811,0.07173054182203487,0.07155034327297471,0.07144272647565231,0.07140677142888308,0.07144272647565231,0.07155034327297471,0.07173054182203487,0.07198393403086811,0.07231203839182854,0.07271630762261339,0.07319896947592497,0.07376234533148818,0.0744097308779601,0.07514435466146097,0.07597028306918219,0.07689150425721891,0.07791346599697135,0.07904175136354752,0.08028872119029984,0.08188413386233151,0.09123388002626598,0.08424231974640861,0.09802534955088049,0.0956430216319859,0.09756202367134392,0.0970598409185186,0.11146639985963702,0.1097735371440649,0.10977753926999867,0.11963574308902025,0.11951786023564637,0.1217445625225082,0.1359722794732079,0.13181154686026275,0.15180332562886178,0.16637614753562957,0.1806203742744401,0.21125084860250354,0.23381069698370993,0.20070473931264132,0.2411882751621306,0.27931722719222307,0.2667236980050802,0.30776311783120036,0.4508093139156699,0.558104258030653,0.7595526063814759,0.8633723109960556,1.7335844933986664,1.6738270781934261,1.639643925242126,3.6347717489115894,5.939401060342789
6.167056426405907,7.8753188624978065,3.749112669378519,2.740121439099312,1.5899073332548141,1.610938161611557,1.0784917883574963,0.8247995330020785,0.5950309331528842,0.5712707410566509,0.4700042284093797,0.40303098363801837,0.38178538996726274,0.3348219096660614,0.3241701405495405,0.29238274006638676,0.25674301525577903,0.25691955583170056,0.24381399643607438,0.21709021739661694,0.22173186484724283,0.21339369320776314,0.19651877682190388,0.1913746283389628,0.17843994131544605,0.17154292459599674,0.16928731265943497,0.16892247227951884,0.17112547834403813,0.16104778775479645,0.1505653852946125,0.15557242394424975,0.14513149438425899,0.14395642108866014,0.14108951657544822,0.13818173098843545,0.13590719626517966,0.13388307875720784,0.13206558697856963,0.1304350200225599,0.12897762667853385,0.1276829615526367,0.12654339254368097,0.12555153082939796,0.12470226714503951,0.12399034484406002,0.12341273916536011,0.12296628742478788,0.12264873360982165,0.1224587713368237,0.1223956635221839,0.1224587713368237,0.12264873360982165,0.12296628742478788,0.12341273916536011,0.12399034484406002,0.12470226714503951,0.12555153082939796,0.12654339254368097,0.1276829615526367,0.12897762667853385,0.1304350200225599,0.13206558697856963,0.13388307875720784,0.13590719626517966,0.13818173098843545,0.14108951657544822,0.14395642108866014,0.14513149438425899,0.15557242394424975,0.1505653852946125,0.16104778775479645,0.17112547834403813,0.16892247227951884,0.16928731265943497,0.17154292459599674,0.17843994131544605,0.1913746283389628,0.19651877682190388,0.21339369320776314,0.22173186484724283,0.21709021739661694,0.24381399643607438,0.25691955583170056,0.25674301525577903,0.29238274006638676,0.3241701405495405,0.3348219096660614,0.38178538996726274,0.40303098363801837,0.4700042284093797,0.5712707410566509,0.5950309331528842,0.8247995330020785,1.0784917883574963,1.610938161611557,1.5899073332548141,2.740121439099312,3.749112669378519,7.8753188624978065
7.539665296673775,7.607238911092281,4.155804365873337,1.3905608095228672,0.9484223732724786,0.9216960072517395,0.8936369260773063,0.37035823524638545,0.37065334152430296,0.31807251065038145,0.2594860594253987,0.2296257367124781,0.2236895333044231,0.19909089920111,0.18884937348775566,0.16983638238161802,0.15842793742194772,0.1523487331578508,0.14700697944499552,0.14036597358062863,0.12260364950634539,0.12935466412454844,0.12463115178979933,0.11927417217520997,0.11702574428636581,0.10558764636516571,0.11115972406696528,0.09911307541187853,0.10347324167378247,0.09628221928142011,0.0914560001110658,0.09042459379998036,0.08977336704265326,0.08966711940593086,0.08792059036204591,0.08549263287568465,0.08383710571797565,0.08246475883061066,0.08127578831044957,0.08023074531229213,0.07930899382336065,0.0784979944000952,0.07778867095476016,0.07717465161113068,0.07665079110302031,0.07621314853895456,0.07585891854250804,0.07558581681223586,0.07539184961933643,0.07527599856257439,0.07523742690682411,0.07527599856257439,0.07539184961933643,0.07558581681223586,0.07585891854250804,0.07621314853895456,0.07665079110302031,0.07717465161113068,0.07778867095476016,0.0784979944000952,0.07930899382336065,0.08023074531229213,0.08127578831044957,0.08246475883061066,0.08383710571797565,0.08549263287568465,0.08792059036204591,0.08966711940593086,0.08977336704265326,0.09042459379998036,0.0914560001110658,0.09628221928142011,0.10347324167378247,0.09911307541187853,0.11115972406696528,0.10558764636516571,0.11702574428636581,0.11927417217520997,0.12463115178979933,0.12935466412454844,0.12260364950634539,0.14036597358062863,0.14700697944499552,0.1523487331578508,0.15842793742194772,0.16983638238161802,0.18884937348775566,0.19909089920111,0.2236895333044231,0.2296257367124781,0.2594860594253987,0.31807251065038145,0.37065334152430296,0.37035823524638545,0.8936369260773063,0.9216960072517395,0.9484223732724786,1.3905608095228672,4.155804365873337,7.607238911092281
5.528670081868768,7.256986618041992,5.0095198303461075,2.5443523935973644,1.331900428980589,1.2042252998799086,1.1068355236202478,0.7335782656446099,0.5951087204739451,0.5162756582722068,0.48419946851208806,0.40852295921649784,0.3976356477942318,0.3534526288276538,0.33738361368887126,0.32175051886588335,0.27965584088815376,0.2762291603721678,0.26130946609191597,0.2471079066162929,0.2333414094755426,0.2273294288897887,0.2241566480952315,0.2121037829783745,0.20810136618092656,0.196670534031,0.19099065236514434,0.1852614104282111,0.17956179956672713,0.17600865659187548,0.17167508671991527,0.16200926509918645,0.16761667601531371,0.15899737452855334,0.15823375969193876,0.15500091208377853,0.15243184746941552,0.15017607907066122,0.14816379162948579,0.146364426065702,0.14476000348804519,0.14333747525233775,0.14208665332989767,0.14099952904507518,0.14006971719209105,0.13929120358079672,0.13865991571219638,0.13817247818224132,0.13782610889757052,0.13761905583669432,0.13755016215145588,0.13761905583669432,0.13782610889757052,0.13817247818224132,0.13865991571219638,0.13929120358079672,0.14006971719209105,0.14099952904507518,0.14208665332989767,0.14333747525233775,0.14476000348804519,0.146364426065702,0.14816379162948579,0.15017607907066122,0.15243184746941552,0.15500091208377853,0.15823375969193876,0.15899737452855334,0.16761667601531371,0.16200926509918645,0.17167508671991527,0.17600865659187548,0.17956179956672713,0.1852614104282111,0.19099065236514434,0.196670534031,0.20810136618092656,0.2121037829783745,0.2241566480952315,0.2273294288897887,0.2333414094755426,0.2471079066162929,0.26130946609191597,0.2762291603721678,0.27965584088815376,0.32175051886588335,0.33738361368887126,0.3534526288276538,0.3976356477942318,0.40852295921649784,0.48419946851208806,0.5162756582722068,0.5951087204739451,0.7335782656446099,1.1068355236202478,1.2042252998799086,1.331900428980589,2.5443523935973644,5.0095198303461075,7.256986618041992
5.692611321806908,7.652572833001614,3.4670692533254623,1.5185907576233149,1.0302676614373922,1.0378066282719374,0.9226936660706997,0.4852414224296808,0.4324115440249443,0.3379729948937893,0.317508514970541,0.2898431606590748,0.25009910043445416,0.24229031999129802,0.21504032640950754,0.1988506664056331,0.19613739324267954,0.1830513352761045,0.167940620216541,0.16649410902755335,0.1547292055329308,0.14846535807009786,0.14052436617203057,0.13614654657430947,0.12958761100890115,0.12882150884252042,0.11973992671119049,0.11961874971166253,0.11861155647784472,0.11112717492505908,0.10668787360191345,0.10895723348949105,0.10433644498698413,0.1047521106665954,0.10041033574088942,0.09908673356403597,0.09758904328919016,0.09620212277513929,0.09494251813157462,0.0938073763391003,0.09279104656889103,0.09188739996170625,0.09109171139425598,0.09039924119133502,0.08980639674700797,0.08930972806410864,0.08890698396135122,0.0885959074657876,0.0883747280749958,0.08824242668924853,0.08819863945245743,0.08824242668924853,0.0883747280749958,0.0885959074657876,0.08890698396135122,0.08930972806410864,0.08980639674700797,0.09039924119133502,0.09109171139425598,0.09188739996170625,0.09279104656889103,0.0938073763391003,0.09494251813157462,0.09620212277513929,0.09758904328919016,0.09908673356403597,0.10041033574088942,0.1047521106665954,0.10433644498698413,0.10895723348949105,0.10668787360191345,0.11112717492505908,0.11861155647784472,0.11961874971166253,0.11973992671119049,0.12882150884252042,0.12958761100890115,0.13614654657430947,0.14052436617203057,0.14846535807009786,0.1547292055329308,0.16649410902755335,0.167940620216541,0.1830513352761045,0.19613739324267954,0.1988506664056331,0.21504032640950754,0.24229031999129802,0.25009910043445416,0.2898431606590748,0.317508514970541,0.3379729948937893,0.4324115440249443,0.4852414224296808,0.9226936660706997,1.0378066282719374,1.0302676614373922,1.5185907576233149,3.4670692533254623,7.652572833001614
5.279993127565831,6.796731159090996,3.2089014127850533,1.9304943727329373,0.9246544009074569,0.9646156392991543,0.6557090780697763,0.5756466179154813,0.42192280013114214,0.4008240986149758,0.3524961154907942,0.3324975585564971,0.2971713850274682,0.2630544351413846,0.24169360660016537,0.2298707626760006,0.22230077488347888,0.20480878558009863,0.19774206867441535,0.18296487163752317,0.1796926506794989,0.17436343361623585,0.1670414071995765,0.15282034478150308,0.15433950955048203,0.14900070242583752,0.14577728509902954,0.13973215711303055,0.13674686290323734,0.13203175156377256,0.12556133652105927,0.12675632466562092,0.1286257824394852,0.12250780733302236,0.11909907939843833,0.11741084046661854,0.11563635058701038,0.11400471325032413,0.11252420139499009,0.11118919216096401,0.10999291040934622,0.10892954119481146,0.10799213941209018,0.10717654530890286,0.10647776466794312,0.10589272365905344,0.10541784320957959,0.10505104600451887,0.1047903245780617,0.10463447822257876,0.1045825551263988,0.10463447822257876,0.1047903245780617,0.10505104600451887,0.10541784320957959,0.10589272365905344,0.10647776466794312,0.10717654530890286,0.10799213941209018,0.10892954119481146,0.10999291040934622,0.11118919216096401,0.11252420139499009,0.11400471325032413,0.11563635058701038,0.11741084046661854,0.11909907939843833,0.12250780733302236,0.1286257824394852,0.12675632466562092,0.12556133652105927,0.13203175156377256,0.13674686290323734,0.13973215711303055,0.14577728509902954,0.14900070242583752,0.15433950955048203,0.15282034478150308,0.1670414071995765,0.17436343361623585,0.1796926506794989,0.18296487163752317,0.19774206867441535,0.20480878558009863,0.22230077488347888,0.2298707626760006,0.24169360660016537,0.2630544351413846,0.2971713850274682,0.3324975585564971,0.3524961154907942,0.4008240986149758,0.42192280013114214,0.5756466179154813,0.6557090780697763,0.9646156392991543,0.9246544009074569,1.9304943727329373,3.2089014127850533,6.796731159090996
4.112565087154508,7.041173532605171,3.0302790887653828,1.4758166512474418,0.9021342387422919,0.6378558950964361,0.5701570929959416,0.5047222513239831,0.3746121125295758,0.3499603148084134,0.27587728039361537,0.24767263233661652,0.23237972881179303,0.2173274860251695,0.205209024483338,0.1929307950194925,0.18697923491708934,0.16711950208991766,0.16595467017032206,0.1491543248994276,0.14712957479059696,0.14250583155080676,0.13188046938739717,0.133167794207111,0.12686085456516594,0.12137070368044078,0.11462874105200171,0.11368464981205761,0.1115956612629816,0.10607841628370807,0.10392714140471071,0.10117052518762648,0.10088880686089396,0.09646851883735508,0.09635122970212251,0.09455353592056781,0.09306754637509584,0.09173490514513105,0.09053370263427496,0.08945346064865589,0.08848661126103252,0.08762737014330924,0.0868706238688901,0.08621197333559394,0.08564803353510797,0.08517564635258168,0.0847924571717158,0.08449644548818469,0.08428599964827299,0.08416017412673682,0.08411835506558418,0.08416017412673682,0.08428599964827299,0.08449644548818469,0.0847924571717158,0.08517564635258168,0.08564803353510797,0.08621197333559394,0.0868706238688901,0.08762737014330924,0.08848661126103252,0.08945346064865589,0.09053370263427496,0.09173490514513105,0.09306754637509584,0.09455353592056781,0.09635122970212251,0.09646851883735508,0.10088880686089396,0.10117052518762648,0.10392714140471071,0.10607841628370807,0.1115956612629816,0.11368464981205761,0.11462874105200171,0.12137070368044078,0.12686085456516594,0.133167794207111,0.13188046938739717,0.14250583155080676,0.14712957479059696,0.1491543248994276,0.16595467017032206,0.16711950208991766,0.18697923491708934,0.1929307950194925,0.205209024483338,0.2173274860251695,0.23237972881179303,0.24767263233661652,0.27587728039361537,0.3499603148084134,0.3746121125295758,0.5047222513239831,0.5701570929959416,0.6378558950964361,0.9021342387422919,1.4758166512474418,3.0302790887653828,7.041173532605171
6.344113723374903,6.956052124500275,3.333783769980073,1.3515252824872732,0.9670249661430717,0.9545067362487316,0.6278655054047704,0.494327234569937,0.4294925555586815,0.37562107550911605,0.3285115066100843,0.3033378296531737,0.26598798570921645,0.2501451052958146,0.22657749254722148,0.21605028683552518,0.2040948582580313,0.19354638759978116,0.18079811439383775,0.17700215801596642,0.16412091138772666,0.1579318834701553,0.15624549885978922,0.14514802664052695,0.14050638271146454,0.1383212512009777,0.13343749803607352,0.1271996353752911,0.12613331072498113,0.12372183284605853,0.11994285846594721,0.11674525370472111,0.11389929777942598,0.112398432334885,0.1109417644329369,0.10872249258682132,0.10696483755600639,0.10541042184922844,0.1040181074931752,0.10277015043538995,0.10165535408305004,0.10066591005306691,0.09979511995334178,0.09903781264438294,0.09838968067197129,0.09784686751663685,0.09740671509644017,0.09706662685493939,0.0968249459983781,0.0966805191419553,0.09663239028304815,0.0966805191419553,0.0968249459983781,0.09706662685493939,0.09740671509644017,0.09784686751663685,0.09838968067197129,0.09903781264438294,0.09979511995334178,0.10066591005306691,0.10165535408305004,0.10277015043538995,0.1040181074931752,0.10541042184922844,0.10696483755600639,0.10872249258682132,0.1109417644329369,0.112398432334885,0.11389929777942598,0.11674525370472111,0.11994285846594721,0.12372183284605853,0.12613331072498113,0.1271996353752911,0.13343749803607352,0.1383212512009777,0.14050638271146454,0.14514802664052695,0.15624549885978922,0.1579318834701553,0.16412091138772666,0.17700215801596642,0.18079811439383775,0.19354638759978116,0.2040948582580313,0.21605028683552518,0.22657749254722148,0.2501451052958146,0.26598798570921645,0.3033378296531737,0.3285115066100843,0.37562107550911605,0.4294925555586815,0.494327234569937,0.6278655054047704,0.9545067362487316,0.9670249661430717,1.3515252824872732,3.333783769980073,6.956052124500275
3.261570807546377,6.78355585411191,2.116225576028228,0.9261302729137242,0.5793465715833008,0.39327296894043684,0.3422727598808706,0.3229106483049691,0.26452936232089996,0.20548852998763323,0.19086132012307644,0.16793739050626755,0.16566320462152362,0.1441680243005976,0.13392751186620444,0.12523405137471855,0.12044544919626787,0.10985380673082545,0.10840818530414253,0.10112930263858289,0.09468989097513258,0.09426405280828476,0.08734195365104824,0.0842390313046053,0.07848755439044908,0.07743626338196918,0.07828123844228685,0.07563900999957696,0.07334709807400941,0.07132232151343487,0.07033810719440226,0.0677466803608695,0.06551396343274973,0.06500198639696464,0.06374047744611744,0.06275855425337795,0.06177356054831762,0.060876676623593085,0.06006567420263309,0.05933563855069224,0.05868200765689835,0.05810068150458392,0.05758836343738949,0.05714212103339378,0.056759690123726614,0.05643887737824116,0.05617821003397694,0.05597652427240973,0.05583296249824343,0.055747031703504035,0.05571834370493889,0.055747031703504035,0.05583296249824343,0.05597652427240973,0.05617821003397694,0.05643887737824116,0.056759690123726614,0.05714212103339378,0.05758836343738949,0.05810068150458392,0.05868200765689835,0.05933563855069224,0.06006567420263309,0.060876676623593085,0.06177356054831762,0.06275855425337795,0.06374047744611744,0.06500198639696464,0.06551396343274973,0.0677466803608695,0.07033810719440226,0.07132232151343487,0.07334709807400941,0.07563900999957696,0.07828123844228685,0.07743626338196918,0.07848755439044908,0.0842390313046053,0.08734195365104824,0.09426405280828476,0.09468989097513258,0.10112930263858289,0.10840818530414253,0.10985380673082545,0.12044544919626787,0.12523405137471855,0.13392751186620444,0.1441680243005976,0.16566320462152362,0.16793739050626755,0.19086132012307644,0.20548852998763323,0.26452936232089996,0.3229106483049691,0.3422727598808706,0.39327296894043684,0.5793465715833008,0.9261302729137242,2.116225576028228,6.78355585411191
4.939159110188484,4.7655197866261005,1.8222224228084087,0.7976797893643379,0.5791695623192936,0.5139565556310117,0.3476559042464942,0.27248507004696876,0.24222378805279732,0.2060657786205411,0.18488619686104357,0.16642021818552166,0.15191321552265435,0.14100938336923718,0.1293796899917652,0.125148213643115,0.1132781850756146,0.10941312613431364,0.10224803473101929,0.10221203695982695,0.09080189041560516,0.08809300122084096,0.0857690941193141,0.08218257169937715,0.08201848305179738,0.07796483743004501,0.07572263153269887,0.07365560503967572,0.07091120474797208,0.06912810272478964,0.06833600163372466,0.06605130784737412,0.06432142060657497,0.06317587540252134,0.061889043732662685,0.06088336023094598,0.05994433475279948,0.059089965048769955,0.05831652732740622,0.05762003090057988,0.056996303479536436,0.05644188186124666,0.05595371050731046,0.05552856168651488,0.055164596531540155,0.054859834533999674,0.05461254721012665,0.05442159322410589,0.05428583533648634,0.05420465885254089,0.054177653044462204,0.05420465885254089,0.05428583533648634,0.05442159322410589,0.05461254721012665,0.054859834533999674,0.055164596531540155,0.05552856168651488,0.05595371050731046,0.05644188186124666,0.056996303479536436,0.05762003090057988,0.05831652732740622,0.059089965048769955,0.05994433475279948,0.06088336023094598,0.061889043732662685,0.06317587540252134,0.06432142060657497,0.06605130784737412,0.06833600163372466,0.06912810272478964,0.07091120474797208,0.07365560503967572,0.07572263153269887,0.07796483743004501,0.08201848305179738,0.08218257169937715,0.0857690941193141,0.08809300122084096,0.09080189041560516,0.10221203695982695,0.10224803473101929,0.10941312613431364,0.1132781850756146,0.125148213643115,0.1293796899917652,0.14100938336923718,0.15191321552265435,0.16642021818552166,0.18488619686104357,0.2060657786205411,0.24222378805279732,0.27248507004696876,0.3476559042464942,0.5139565556310117,0.5791695623192936,0.7976797893643379,1.8222224228084087,4.7655197866261005
3.0280728302896023,4.321754902601242,1.4227368012070656,0.7996939732693136,0.5970379551872611,0.4701858563348651,0.3487020106986165,0.2744357041083276,0.257429426535964,0.19715483742766082,0.18899805890396237,0.1689922225777991,0.1613112649647519,0.143181579769589,0.1324092965805903,0.12309186451602727,0.1159548774594441,0.11181941936956719,0.10411765455501154,0.10149456595536321,0.09517639497062191,0.09191676169575658,0.08946426620241255,0.08880921924719587,0.08301429671701044,0.07995882740942761,0.07731723977485672,0.07482301813433878,0.07296561710245442,0.0697417777555529,0.06951501668663695,0.06797105226723943,0.06606728586484678,0.06454387516714633,0.0635956037149299,0.06259006468462758,0.061649359471630305,0.06078958103898913,0.06000837768078782,0.05930315321893431,0.058670287384302355,0.0581068448809674,0.057610102026956156,0.05717729164462071,0.0568064244434936,0.05649574188282713,0.0562435474130325,0.05604868674708996,0.05591011553769931,0.05582731855974998,0.0557996891438961,0.05582731855974998,0.05591011553769931,0.05604868674708996,0.0562435474130325,0.05649574188282713,0.0568064244434936,0.05717729164462071,0.057610102026956156,0.0581068448809674,0.058670287384302355,0.05930315321893431,0.06000837768078782,0.06078958103898913,0.061649359471630305,0.06259006468462758,0.0635956037149299,0.06454387516714633,0.06606728586484678,0.06797105226723943,0.06951501668663695,0.0697417777555529,0.07296561710245442,0.07482301813433878,0.07731723977485672,0.07995882740942761,0.08301429671701044,0.08880921924719587,0.08946426620241255,0.09191676169575658,0.09517639497062191,0.10149456595536321,0.10411765455501154,0.11181941936956719,0.1159548774594441,0.12309186451602727,0.1324092965805903,0.143181579769589,0.1613112649647519,0.1689922225777991,0.18899805890396237,0.19715483742766082,0.257429426535964,0.2744357041083276,0.3487020106986165,0.4701858563348651,0.5970379551872611,0.7996939732693136,1.4227368012070656,4.321754902601242
2.4997007437050343,3.452068969607353,1.1989158540964127,0.5917526250705123,0.4267641892656684,0.2748526777140796,0.20719551830552518,0.17910422920249403,0.15299479942768812,0.11429191794013605,0.10379170742817223,0.08989905513590202,0.09754453308414668,0.08155282179359347,0.06741419160971418,0.06478376383893192,0.06679267477011308,0.06007433700142428,0.05311584076844156,0.054667343516484834,0.053321122119086795,0.05205653765005991,0.049144746881211177,0.04755545384250581,0.043836265947902575,0.04090250775334425,0.03801794100581901,0.03689893885166384,0.03644851980789099,0.034133183551603,0.03416065596684348,0.03458749315177556,0.03364439093274996,0.032546477632422466,0.03173136511759367,0.031224561869748868,0.030748925186344422,0.030312480521388352,0.029915427054220345,0.029556531873822678,0.029233916953671724,0.028946263664693106,0.028692057785519864,0.028470050157920923,0.028278947491344297,0.0281180711081106,0.027986464367131703,0.027883524098797352,0.027808699071101728,0.027761658782310406,0.027742246398702264,0.027761658782310406,0.027808699071101728,0.027883524098797352,0.027986464367131703,0.0281180711081106,0.028278947491344297,0.028470050157920923,0.028692057785519864,0.028946263664693106,0.029233916953671724,0.029556531873822678,0.029915427054220345,0.030312480521388352,0.030748925186344422,0.031224561869748868,0.03173136511759367,0.032546477632422466,0.03364439093274996,0.03458749315177556,0.03416065596684348,0.034133183551603,0.03644851980789099,0.03689893885166384,0.03801794100581901,0.04090250775334425,0.043836265947902575,0.04755545384250581,0.049144746881211177,0.05205653765005991,0.053321122119086795,0.054667343516484834,0.05311584076844156,0.06007433700142428,0.06679267477011308,0.06478376383893192,0.06741419160971418,0.08155282179359347,0.09754453308414668,0.08989905513590202,0.10379170742817223,0.11429191794013605,0.15299479942768812,0.17910422920249403,0.20719551830552518,0.2748526777140796,0.4267641892656684,0.5917526250705123,1.1989158540964127,3.452068969607353
2.7310173362493515,4.204034245572984,2.2317278012633324,1.5801920145750046,1.2663727039471269,1.0765498764812946,0.6343128802254796,0.4263604960869998,0.4231018905993551,0.3058832851238549,0.27844223799183965,0.20551553659606725,0.22965424694120884,0.187294265255332,0.17821562942117453,0.20832832623273134,0.1749986377544701,0.1618486099760048,0.11719341529533267,0.10404083534376696,0.11929643707117066,0.09510431255330332,0.11439327005064115,0.09659886278677732,0.09886101001757197,0.09638836234807968,0.09135209216037765,0.09412271209293976,0.09263813926372677,0.07972678693477064,0.08288233098573983,0.07817727999645285,0.06998110396671109,0.07229675655253232,0.0752034955075942,0.07205913256620988,0.07046986895147711,0.06923047982854769,0.0681791168753989,0.06726386060472578,0.06646132527384907,0.06575732334749773,0.06514326378237456,0.06461246538674459,0.06416035006986931,0.06378318736096844,0.06347806824487634,0.06324290804332122,0.06307598151033744,0.06297631884808652,0.06294313096441329,0.06297631884808652,0.06307598151033744,0.06324290804332122,0.06347806824487634,0.06378318736096844,0.06416035006986931,0.06461246538674459,0.06514326378237456,0.06575732334749773,0.06646132527384907,0.06726386060472578,0.0681791168753989,0.06923047982854769,0.07046986895147711,0.07205913256620988,0.0752034955075942,0.07229675655253232,0.06998110396671109,0.07817727999645285,0.08288233098573983,0.07972678693477064,0.09263813926372677,0.09412271209293976,0.09135209216037765,0.09638836234807968,0.09886101001757197,0.09659886278677732,0.11439327005064115,0.09510431255330332,0.11929643707117066,0.10404083534376696,0.11719341529533267,0.1618486099760048,0.1749986377544701,0.20832832623273134,0.17821562942117453,0.187294265255332,0.22965424694120884,0.20551553659606725,0.27844223799183965,0.3058832851238549,0.4231018905993551,0.4263604960869998,0.6343128802254796,1.0765498764812946,1.2663727039471269,1.5801920145750046,2.2317278012633324,4.204034245572984
5.093893256038427,6.504267022013664,3.577566437423229,1.7740851268172264,1.1754650031216443,1.6476720925420523,1.01389473490417,0.7529286546632648,0.5256550582125783,0.43063153978437185,0.3231451832689345,0.27272438490763307,0.25047325156629086,0.21518401056528091,0.18972922209650278,0.14881733478978276,0.17964777175802737,0.16068646998610348,0.14482492134266067,0.14409565855748951,0.12915240367874503,0.1384419942041859,0.12067118496634066,0.10958127537742257,0.09863559703808278,0.10388443293049932,0.10785765305627137,0.08681477623758838,0.08166608889587224,0.09121320222038776,0.08770460356026888,0.08117509123985656,0.08849165483843535,0.08237301942426711,0.07722266251221299,0.0750572407268919,0.07354476384352893,0.07228229125030339,0.07119110540952533,0.07023546323762275,0.06939572733244859,0.06865898994146846,0.06801621295744553,0.06746074362308718,0.06698773070820607,0.06659313238924369,0.06627413924434222,0.06602817223756574,0.06585364555940032,0.06574942136649042,0.06571480724960566,0.06574942136649042,0.06585364555940032,0.06602817223756574,0.06627413924434222,0.06659313238924369,0.06698773070820607,0.06746074362308718,0.06801621295744553,0.06865898994146846,0.06939572733244859,0.07023546323762275,0.07119110540952533,0.07228229125030339,0.07354476384352893,0.0750572407268919,0.07722266251221299,0.08237301942426711,0.08849165483843535,0.08117509123985656,0.08770460356026888,0.09121320222038776,0.08166608889587224,0.08681477623758838,0.10785765305627137,0.10388443293049932,0.09863559703808278,0.10958127537742257,0.12067118496634066,0.1384419942041859,0.12915240367874503,0.14409565855748951,0.14482492134266067,0.16068646998610348,0.17964777175802737,0.14881733478978276,0.18972922209650278,0.21518401056528091,0.25047325156629086,0.27272438490763307,0.3231451832689345,0.43063153978437185,0.5256550582125783,0.7529286546632648,1.01389473490417,1.6476720925420523,1.1754650031216443,1.7740851268172264,3.577566437423229,6.504267022013664
6.8099671974778175,5.553159512579441,5.080395184457302,2.2117853425443172,1.6156482584774494,1.3338456247001886,1.0721682123839855,0.837496685795486,0.687921560369432,0.5879216575995088,0.48177684284746647,0.4507858781144023,0.40099670831114054,0.3746134461835027,0.3538517851848155,0.3229854698292911,0.3035227614454925,0.2710411627776921,0.2501433308934793,0.24826764408499002,0.24175923701841384,0.24665763974189758,0.22258870652876794,0.2050892631523311,0.2002409947453998,0.1862779058283195,0.19515294884331524,0.18976251664571464,0.18219267501262948,0.1836840300820768,0.17114054271951318,0.17128039698582143,0.16105618176516145,0.160945103620179,0.16077805554959923,0.15706953301560134,0.1544227785198018,0.1521235186373815,0.15007735195104033,0.14824864140246063,0.14661879104096442,0.14517366036307067,0.1439033601200208,0.14279918267857283,0.14185470616212115,0.1410642606788315,0.1404233127250336,0.13992851274088025,0.13957678811857477,0.139366612827871,0.13929670304059982,0.139366612827871,0.13957678811857477,0.13992851274088025,0.1404233127250336,0.1410642606788315,0.14185470616212115,0.14279918267857283,0.1439033601200208,0.14517366036307067,0.14661879104096442,0.14824864140246063,0.15007735195104033,0.1521235186373815,0.1544227785198018,0.15706953301560134,0.16077805554959923,0.160945103620179,0.16105618176516145,0.17128039698582143,0.17114054271951318,0.1836840300820768,0.18219267501262948,0.18976251664571464,0.19515294884331524,0.1862779058283195,0.2002409947453998,0.2050892631523311,0.22258870652876794,0.24665763974189758,0.24175923701841384,0.24826764408499002,0.2501433308934793,0.2710411627776921,0.3035227614454925,0.3229854698292911,0.3538517851848155,0.3746134461835027,0.40099670831114054,0.4507858781144023,0.48177684284746647,0.5879216575995088,0.687921560369432,0.837496685795486,1.0721682123839855,1.3338456247001886,1.6156482584774494,2.2117853425443172,5.080395184457302,5.553159512579441
4.813189722597599,6.65459905564785,3.268184944987297,2.0604257695376873,1.2426658468320966,1.0901089441031218,0.9926047958433628,0.5916155074955896,0.5635955901816487,0.47111536376178265,0.4061084801796824,0.3737330574076623,0.35539409844204783,0.3024637901689857,0.27664729580283165,0.2784730338025838,0.23731996538117528,0.23297688880120404,0.20983033342054114,0.20800261362455785,0.20225227414630353,0.19930302584543824,0.203057034406811,0.18000352090166416,0.18420252320356667,0.16499509176355787,0.16311630909331143,0.16174188046716154,0.1589519334374927,0.1494600731821265,0.14413067535497248,0.14604232041165233,0.14001257333438843,0.13961071844096296,0.13459229056024924,0.13262048969045281,0.13061722047859803,0.1287745980080217,0.1271010190830566,0.1255914193461649,0.12423834094079211,0.12303440342657268,0.12197367555927485,0.12105036969296634,0.12025942374020815,0.11959674372337759,0.11905922036385164,0.11864390940172598,0.11834866035496816,0.11817218433134258,0.11811340041458607,0.11817218433134258,0.11834866035496816,0.11864390940172598,0.11905922036385164,0.11959674372337759,0.12025942374020815,0.12105036969296634,0.12197367555927485,0.12303440342657268,0.12423834094079211,0.1255914193461649,0.1271010190830566,0.1287745980080217,0.13061722047859803,0.13262048969045281,0.13459229056024924,0.13961071844096296,0.14001257333438843,0.14604232041165233,0.14413067535497248,0.1494600731821265,0.1589519334374927,0.16174188046716154,0.16311630909331143,0.16499509176355787,0.18420252320356667,0.18000352090166416,0.203057034406811,0.19930302584543824,0.20225227414630353,0.20800261362455785,0.20983033342054114,0.23297688880120404,0.23731996538117528,0.2784730338025838,0.27664729580283165,0.3024637901689857,0.35539409844204783,0.3737330574076623,0.4061084801796824,0.47111536376178265,0.5635955901816487,0.5916155074955896,0.9926047958433628,1.0901089441031218,1.2426658468320966,2.0604257695376873,3.268184944987297,6.65459905564785
6.829265860375017,6.078567169606686,5.075440600514412,2.0863465685397387,1.4062751680612564,1.2117015095427632,1.006297118961811,0.7189633077941835,0.6033178982324898,0.49985548574477434,0.45340401818975806,0.39100064733065665,0.3694062763825059,0.3363328240811825,0.3072232767008245,0.2889931849204004,0.2685585794970393,0.26868071872740984,0.2540733474306762,0.2239130936213769,0.22238990350160748,0.20871910080313683,0.20191487297415733,0.1888892223360017,0.18375338095938787,0.182560236309655,0.17472847376484424,0.1677439670311287,0.1648307082359679,0.1609308798215352,0.1593685925763566,0.15660913719329983,0.15400494541972876,0.1422488372772932,0.14580004860181361,0.1426714222470764,0.14046011643949896,0.13849938608473167,0.1367313792288769,0.1351385166926775,0.13371061088400893,0.1324393851973582,0.13131857832195237,0.13034210589830764,0.12950528869987465,0.12880412949016318,0.12823478289647028,0.12779488059459254,0.1274820946273394,0.12729495522216894,0.12723268941044807,0.12729495522216894,0.1274820946273394,0.12779488059459254,0.12823478289647028,0.12880412949016318,0.12950528869987465,0.13034210589830764,0.13131857832195237,0.1324393851973582,0.13371061088400893,0.1351385166926775,0.1367313792288769,0.13849938608473167,0.14046011643949896,0.1426714222470764,0.14580004860181361,0.1422488372772932,0.15400494541972876,0.15660913719329983,0.1593685925763566,0.1609308798215352,0.1648307082359679,0.1677439670311287,0.17472847376484424,0.182560236309655,0.18375338095938787,0.1888892223360017,0.20191487297415733,0.20871910080313683,0.22238990350160748,0.2239130936213769,0.2540733474306762,0.26868071872740984,0.2685585794970393,0.2889931849204004,0.3072232767008245,0.3363328240811825,0.3694062763825059,0.39100064733065665,0.45340401818975806,0.49985548574477434,0.6033178982324898,0.7189633077941835,1.006297118961811,1.2117015095427632,1.4062751680612564,2.0863465685397387,5.075440600514412,6.078567169606686
3.2532782051712275,7.534389212727547,2.8309961892664433,1.5374200586229563,1.065449862740934,0.8669624552130699,0.7322198878973722,0.3401412349194288,0.34020574833266437,0.25581206078641117,0.2368172078859061,0.23705886711832136,0.19226224441081285,0.1722959244507365,0.16226728446781635,0.15440335462335497,0.13826979498844594,0.1349896170431748,0.12422205851180479,0.12317016476299614,0.12361808237619698,0.11557466175872833,0.11774153786245733,0.10401733651815448,0.10170463140821084,0.10033392056357116,0.09302501752972603,0.09076453058514744,0.08902569155907258,0.08808718604268506,0.0875891245668754,0.08265371609013528,0.0823779963538982,0.07653997847955907,0.07671644305810332,0.07527297671185806,0.07412802701583132,0.07308094372274354,0.07212692046596203,0.07126386070740409,0.07048851452418603,0.06979759900423232,0.06918842447339557,0.06865740589273628,0.06820239998342004,0.06782097388349939,0.06751138264371548,0.0672721830487717,0.0671020809240872,0.06700029061175883,0.06696648243814707,0.06700029061175883,0.0671020809240872,0.0672721830487717,0.06751138264371548,0.06782097388349939,0.06820239998342004,0.06865740589273628,0.06918842447339557,0.06979759900423232,0.07048851452418603,0.07126386070740409,0.07212692046596203,0.07308094372274354,0.07412802701583132,0.07527297671185806,0.07671644305810332,0.07653997847955907,0.0823779963538982,0.08265371609013528,0.0875891245668754,0.08808718604268506,0.08902569155907258,0.09076453058514744,0.09302501752972603,0.10033392056357116,0.10170463140821084,0.10401733651815448,0.11774153786245733,0.11557466175872833,0.12361808237619698,0.12317016476299614,0.12422205851180479,0.1349896170431748,0.13826979498844594,0.15440335462335497,0.16226728446781635,0.1722959244507365,0.19226224441081285,0.23705886711832136,0.2368172078859061,0.25581206078641117,0.34020574833266437,0.3401412349194288,0.7322198878973722,0.8669624552130699,1.065449862740934,1.5374200586229563,2.8309961892664433,7.534389212727547
6.158550575375557,6.690338343381882,3.509810984134674,2.1291900239884853,1.3918503187596798,0.9433119520545006,0.8061652001924813,0.6415603375062346,0.48432934703305364,0.47106810472905636,0.4111867411993444,0.3523338644299656,0.3276672011706978,0.31581451557576656,0.29049886390566826,0.28287432435899973,0.2532171471975744,0.2334640317130834,0.2307290983153507,0.22442729107569903,0.21241985470987856,0.19653705274686217,0.1934804066841025,0.18339722347445786,0.17262015005690046,0.16874634963460267,0.16533934898325242,0.15937014302471653,0.15683137311134487,0.1521300970343873,0.1467343620606698,0.1434881330060307,0.139156950841425,0.13855258567491546,0.13628999088541605,0.1338645259384066,0.13181760677252896,0.1299772514757933,0.12831428924982902,0.12681591822911287,0.12547264126624214,0.12427720471168868,0.12322296080674278,0.12230454172822647,0.12151767626346555,0.12085808533447562,0.12032264438312268,0.11990892892936245,0.11961472136317752,0.11943885077926097,0.1193802785128355,0.11943885077926097,0.11961472136317752,0.11990892892936245,0.12032264438312268,0.12085808533447562,0.12151767626346555,0.12230454172822647,0.12322296080674278,0.12427720471168868,0.12547264126624214,0.12681591822911287,0.12831428924982902,0.1299772514757933,0.13181760677252896,0.1338645259384066,0.13628999088541605,0.13855258567491546,0.139156950841425,0.1434881330060307,0.1467343620606698,0.1521300970343873,0.15683137311134487,0.15937014302471653,0.16533934898325242,0.16874634963460267,0.17262015005690046,0.18339722347445786,0.1934804066841025,0.19653705274686217,0.21241985470987856,0.22442729107569903,0.2307290983153507,0.2334640317130834,0.2532171471975744,0.28287432435899973,0.29049886390566826,0.31581451557576656,0.3276672011706978,0.3523338644299656,0.4111867411993444,0.47106810472905636,0.48432934703305364,0.6415603375062346,0.8061652001924813,0.9433119520545006,1.3918503187596798,2.1291900239884853,3.509810984134674,6.690338343381882
4.237946481443942,6.911879900842905,2.736360527575016,1.1619074777700007,0.592892802786082,0.7670973031781614,0.45462413533823565,0.36003981437534094,0.2685572886839509,0.2605591625906527,0.2084193122573197,0.19739835511427373,0.17300811491440982,0.1479163623880595,0.1470182946359273,0.12859085854142904,0.12496205896604806,0.1195101555204019,0.1038435121299699,0.10913475579582155,0.10162485542241484,0.09649325395002961,0.08962135424371809,0.08381205226760358,0.08267896837787703,0.08134807489113882,0.0781227815314196,0.07458342918107519,0.07302801276091486,0.07082901996909641,0.07139535062015057,0.07115984853589907,0.0655377150978893,0.06545161065878347,0.06456035253359005,0.06335040053818375,0.06236753042321652,0.0614804660435766,0.06067892588907853,0.05995726631954312,0.059310889162588865,0.05873640184290707,0.05823014606721699,0.057789460697676986,0.05741208611289039,0.05709597346140072,0.056839592347387224,0.05664145201444626,0.056500663922633976,0.05641642463160679,0.056388380005955696,0.05641642463160679,0.056500663922633976,0.05664145201444626,0.056839592347387224,0.05709597346140072,0.05741208611289039,0.057789460697676986,0.05823014606721699,0.05873640184290707,0.059310889162588865,0.05995726631954312,0.06067892588907853,0.0614804660435766,0.06236753042321652,0.06335040053818375,0.06456035253359005,0.06545161065878347,0.0655377150978893,0.07115984853589907,0.07139535062015057,0.07082901996909641,0.07302801276091486,0.07458342918107519,0.0781227815314196,0.08134807489113882,0.08267896837787703,0.08381205226760358,0.08962135424371809,0.09649325395002961,0.10162485542241484,0.10913475579582155,0.1038435121299699,0.1195101555204019,0.12496205896604806,0.12859085854142904,0.1470182946359273,0.1479163623880595,0.17300811491440982,0.19739835511427373,0.2084193122573197,0.2605591625906527,0.2685572886839509,0.36003981437534094,0.45462413533823565,0.7670973031781614,0.592892802786082,1.1619074777700007,2.736360527575016,6.911879900842905
4.59926999732852,7.453755423426628,3.7935731671750546,1.526507556438446,1.0720619825879112,0.8225664524361491,0.7309915497899055,0.6395974131301045,0.5457768104970455,0.4161172329913825,0.4068920062854886,0.341154569061473,0.35003186110407114,0.3046826836653054,0.2884643482975662,0.26039354456588626,0.2555865035392344,0.23092192690819502,0.2276758812367916,0.20796086196787655,0.2062066374346614,0.195176551816985,0.19483354687690735,0.18122705444693565,0.17508319951593876,0.16625057929195464,0.16343011078424752,0.15875106560997665,0.15594183839857578,0.1520561631768942,0.14682960719801486,0.14282499835826457,0.14147381158545613,0.13966980669647455,0.13719031866639853,0.13443866674788296,0.1322533085476607,0.13032545312307775,0.12860170449130237,0.12705809879116714,0.12568042858038098,0.12445794115774333,0.12338264170102775,0.12244730454403907,0.12164700089488178,0.12097683420870453,0.12043326359707862,0.1200135430553928,0.11971518525388092,0.11953681916929781,0.11947752721607685,0.11953681916929781,0.11971518525388092,0.1200135430553928,0.12043326359707862,0.12097683420870453,0.12164700089488178,0.12244730454403907,0.12338264170102775,0.12445794115774333,0.12568042858038098,0.12705809879116714,0.12860170449130237,0.13032545312307775,0.1322533085476607,0.13443866674788296,0.13719031866639853,0.13966980669647455,0.14147381158545613,0.14282499835826457,0.14682960719801486,0.1520561631768942,0.15594183839857578,0.15875106560997665,0.16343011078424752,0.16625057929195464,0.17508319951593876,0.18122705444693565,0.19483354687690735,0.195176551816985,0.2062066374346614,0.20796086196787655,0.2276758812367916,0.23092192690819502,0.2555865035392344,0.26039354456588626,0.2884643482975662,0.3046826836653054,0.35003186110407114,0.341154569061473,0.4068920062854886,0.4161172329913825,0.5457768104970455,0.6395974131301045,0.7309915497899055,0.8225664524361491,1.0720619825879112,1.526507556438446,3.7935731671750546,7.453755423426628
4.323808066546917,7.331710115075111,2.3748065941035748,0.99229696393013,0.7973822923377156,0.5916360411792994,0.4397886358201504,0.35546042723581195,0.300080340821296,0.26045125909149647,0.23132987739518285,0.22090335888788104,0.20911818032618612,0.18336447421461344,0.17395246773958206,0.15768209600355476,0.14617326552979648,0.14253942582581658,0.13091751490719616,0.13122937688603997,0.12791261775419116,0.11729981633834541,0.11048223311081529,0.11599973647389561,0.10616518041933887,0.10159525729250163,0.09821818256750703,0.0962073548726039,0.0946055389358662,0.09019467889447697,0.08812548872083426,0.08661249306169339,0.08468259405344725,0.08268104714807123,0.08095792270614766,0.07982634488143958,0.07865766494069248,0.07757262027007528,0.07658208944485523,0.07568554347380996,0.07488038062001579,0.07416328371618874,0.07353044077171944,0.07297915779054165,0.07250696135452017,0.07211097693652846,0.07178967571235262,0.07154134206939489,0.07136481886846013,0.07125932292547077,0.0712241530418396,0.07125932292547077,0.07136481886846013,0.07154134206939489,0.07178967571235262,0.07211097693652846,0.07250696135452017,0.07297915779054165,0.07353044077171944,0.07416328371618874,0.07488038062001579,0.07568554347380996,0.07658208944485523,0.07757262027007528,0.07865766494069248,0.07982634488143958,0.08095792270614766,0.08268104714807123,0.08468259405344725,0.08661249306169339,0.08812548872083426,0.09019467889447697,0.0946055389358662,0.0962073548726039,0.09821818256750703,0.10159525729250163,0.10616518041933887,0.11599973647389561,0.11048223311081529,0.11729981633834541,0.12791261775419116,0.13122937688603997,0.13091751490719616,0.14253942582581658,0.14617326552979648,0.15768209600355476,0.17395246773958206,0.18336447421461344,0.20911818032618612,0.22090335888788104,0.23132987739518285,0.26045125909149647,0.300080340821296,0.35546042723581195,0.4397886358201504,0.5916360411792994,0.7973822923377156,0.99229696393013,2.3748065941035748,7.331710115075111
3.690591536462307,5.448731191456318,1.3963077571243048,0.8753922199830413,0.5361853931099176,0.5101279709488153,0.2986690974794328,0.3198871500790119,0.2535924350377172,0.21922880224883556,0.19819771801121533,0.17364453861955553,0.1690627762582153,0.15357028879225254,0.13820788369048387,0.13095058675389737,0.1205021379282698,0.11700995406135917,0.10810279700672254,0.10903956182301044,0.0995159714948386,0.11287968244869262,0.10161834571044892,0.09097910561831668,0.08610096725169569,0.08138929831329733,0.08223521313630044,0.07572594899102114,0.07528887045918964,0.07389020011760294,0.07241851731669158,0.07106320024468005,0.06934516929322854,0.06743793678469956,0.06654496665578336,0.06541283655678853,0.06440972088603303,0.06350197899155319,0.06268061674199998,0.06194034992950037,0.06127718626521528,0.06068716911249794,0.06016726649249904,0.059714428876759484,0.05932664725696668,0.05900179105810821,0.058738098334288225,0.05853436313918792,0.058389538957271725,0.05830288474680856,0.05827412288635969,0.05830288474680856,0.058389538957271725,0.05853436313918792,0.058738098334288225,0.05900179105810821,0.05932664725696668,0.059714428876759484,0.06016726649249904,0.06068716911249794,0.06127718626521528,0.06194034992950037,0.06268061674199998,0.06350197899155319,0.06440972088603303,0.06541283655678853,0.06654496665578336,0.06743793678469956,0.06934516929322854,0.07106320024468005,0.07241851731669158,0.07389020011760294,0.07528887045918964,0.07572594899102114,0.08223521313630044,0.08138929831329733,0.08610096725169569,0.09097910561831668,0.10161834571044892,0.11287968244869262,0.0995159714948386,0.10903956182301044,0.10810279700672254,0.11700995406135917,0.1205021379282698,0.13095058675389737,0.13820788369048387,0.15357028879225254,0.1690627762582153,0.17364453861955553,0.19819771801121533,0.21922880224883556,0.2535924350377172,0.3198871500790119,0.2986690974794328,0.5101279709488153,0.5361853931099176,0.8753922199830413,1.3963077571243048,5.448731191456318
3.305417239665985,4.039649963378906,1.499067297205329,0.6700955471023917,0.5546994395554066,0.467170980758965,0.380602250341326,0.26508242217823863,0.227045270614326,0.22637382452376187,0.18126533197937533,0.1835929526714608,0.1565869057085365,0.1358309374190867,0.12978988589020446,0.12207899801433086,0.11905396956717595,0.11430622613988817,0.09907960338750854,0.10193074477137998,0.0952902733697556,0.09643155476078391,0.09924099070485681,0.08224950055591762,0.08321280323434621,0.07857489413800067,0.07545781921362504,0.07500857757986523,0.07321227714419365,0.06942220884957351,0.06909286422887817,0.06749864367884584,0.06584411923540756,0.06404947375995107,0.06309459614567459,0.06209170076181181,0.061151720030466095,0.06029098079307005,0.05950895746354945,0.05880307295592502,0.0581701111223083,0.05760659198858775,0.05710996550624259,0.0566776305786334,0.056307398685021326,0.05599697551224381,0.0557451507775113,0.05555060206097551,0.05541232417454012,0.055329638911644,0.05530207697302103,0.055329638911644,0.05541232417454012,0.05555060206097551,0.0557451507775113,0.05599697551224381,0.056307398685021326,0.0566776305786334,0.05710996550624259,0.05760659198858775,0.0581701111223083,0.05880307295592502,0.05950895746354945,0.06029098079307005,0.061151720030466095,0.06209170076181181,0.06309459614567459,0.06404947375995107,0.06584411923540756,0.06749864367884584,0.06909286422887817,0.06942220884957351,0.07321227714419365,0.07500857757986523,0.07545781921362504,0.07857489413800067,0.08321280323434621,0.08224950055591762,0.09924099070485681,0.09643155476078391,0.0952902733697556,0.10193074477137998,0.09907960338750854,0.11430622613988817,0.11905396956717595,0.12207899801433086,0.12978988589020446,0.1358309374190867,0.1565869057085365,0.1835929526714608,0.18126533197937533,0.22637382452376187,0.227045270614326,0.26508242217823863,0.380602250341326,0.467170980758965,0.5546994395554066,0.6700955471023917,1.499067297205329,4.039649963378906
2.0030387211591005,3.3827058617025614,0.9745768569409847,0.5602884599938989,0.39086676901206374,0.3316196531523019,0.2785379836568609,0.16167890722863376,0.19013742404058576,0.15836766944266856,0.119807141891215,0.12270680605433881,0.11060842126607895,0.08668978582136333,0.07925537892151624,0.09262465022038668,0.0868189842440188,0.0747929906938225,0.06366388546302915,0.06391531915869564,0.06482021266128868,0.05875829269643873,0.05483576888218522,0.04972647747490555,0.050845362107793335,0.042231869156239554,0.04636232554912567,0.041591177781810984,0.040753053152002394,0.040605589252663776,0.041522415704093874,0.036265317583456635,0.03732860938180238,0.0359164857363794,0.03527138178469613,0.034672513691475615,0.0341637417441234,0.0336981421278324,0.03327401721617207,0.03289004397811368,0.03254484015633352,0.03223719465313479,0.03196525954990648,0.03172859284677543,0.03152537552523427,0.03135527091217227,0.03121692396234721,0.031110061652725562,0.03103406264563091,0.03098859582678415,0.03097345633432269,0.03098859582678415,0.03103406264563091,0.031110061652725562,0.03121692396234721,0.03135527091217227,0.03152537552523427,0.03172859284677543,0.03196525954990648,0.03223719465313479,0.03254484015633352,0.03289004397811368,0.03327401721617207,0.0336981421278324,0.0341637417441234,0.034672513691475615,0.03527138178469613,0.0359164857363794,0.03732860938180238,0.036265317583456635,0.041522415704093874,0.040605589252663776,0.040753053152002394,0.041591177781810984,0.04636232554912567,0.042231869156239554,0.050845362107793335,0.04972647747490555,0.05483576888218522,0.05875829269643873,0.06482021266128868,0.06391531915869564,0.06366388546302915,0.0747929906938225,0.0868189842440188,0.09262465022038668,0.07925537892151624,0.08668978582136333,0.11060842126607895,0.12270680605433881,0.119807141891215,0.15836766944266856,0.19013742404058576,0.16167890722863376,0.2785379836568609,0.3316196531523019,0.39086676901206374,0.5602884599938989,0.9745768569409847,3.3827058617025614
3.4220744036138058,3.15963177382946,3.1618170365691185,1.7090918398462236,1.0375121412798762,1.258239665068686,0.9428018187172711,0.545617485884577,0.45586984883993864,0.31695635011419654,0.2236292427405715,0.22026715520769358,0.2170743583701551,0.17434160341508687,0.1745221260935068,0.1766274613328278,0.1753641029354185,0.13565599836874753,0.12397050089202821,0.12048697983846068,0.11235720769036561,0.09338090580422431,0.10891655646264553,0.10274191776989028,0.0937778516090475,0.08965572610031813,0.08035173700773157,0.07882181159220636,0.07403206347953528,0.06891669140895829,0.07230396350496449,0.06439170122030191,0.06539945135591552,0.06990597993717529,0.06437063275370747,0.06272618437651545,0.06148559170833323,0.06045809868373908,0.05957286879129242,0.058797964520636015,0.05811661692132475,0.0575179770385148,0.05699505413940642,0.05654278412112035,0.056157112172513735,0.05583497017505579,0.05557429193140706,0.05537336527049774,0.055230677528015804,0.05514532725646859,0.055117023177444935,0.05514532725646859,0.055230677528015804,0.05537336527049774,0.05557429193140706,0.05583497017505579,0.056157112172513735,0.05654278412112035,0.05699505413940642,0.0575179770385148,0.05811661692132475,0.058797964520636015,0.05957286879129242,0.06045809868373908,0.06148559170833323,0.06272618437651545,0.06437063275370747,0.06990597993717529,0.06539945135591552,0.06439170122030191,0.07230396350496449,0.06891669140895829,0.07403206347953528,0.07882181159220636,0.08035173700773157,0.08965572610031813,0.0937778516090475,0.10274191776989028,0.10891655646264553,0.09338090580422431,0.11235720769036561,0.12048697983846068,0.12397050089202821,0.13565599836874753,0.1753641029354185,0.1766274613328278,0.1745221260935068,0.17434160341508687,0.2170743583701551,0.22026715520769358,0.2236292427405715,0.31695635011419654,0.45586984883993864,0.545617485884577,0.9428018187172711,1.258239665068686,1.0375121412798762,1.7090918398462236,3.1618170365691185,3.15963177382946
4.666065074503422,5.604716062545776,3.9046546444296837,2.0979126803576946,1.3226226009428501,1.6884874608367682,1.1113281901925802,0.7998271500691772,0.6372576421126723,0.5217096395790577,0.41453305818140507,0.34446316584944725,0.3496689288876951,0.268365987110883,0.2787026045843959,0.24526791262906045,0.2360112185124308,0.22328714758623391,0.21681346092373133,0.19981326768174767,0.21286297671031207,0.17254374956246465,0.1801338184159249,0.17089224373921752,0.15727557998616248,0.16481001407373697,0.14843519229907542,0.15381602034904063,0.14073891355656087,0.15080398449208587,0.13837824191432446,0.1317265599500388,0.13802070310339332,0.13211696420330554,0.12585179921006784,0.12262847206147853,0.12056630675215274,0.11875499185407534,0.11713411362143233,0.11568384527345188,0.11439117800910026,0.11324584265821613,0.11223970892024226,0.11136594982235692,0.11061899093328975,0.10999413777608424,0.1094878253643401,0.10909696770249866,0.10881928043090738,0.10865333501715213,0.1085981484502554,0.10865333501715213,0.10881928043090738,0.10909696770249866,0.1094878253643401,0.10999413777608424,0.11061899093328975,0.11136594982235692,0.11223970892024226,0.11324584265821613,0.11439117800910026,0.11568384527345188,0.11713411362143233,0.11875499185407534,0.12056630675215274,0.12262847206147853,0.12585179921006784,0.13211696420330554,0.13802070310339332,0.1317265599500388,0.13837824191432446,0.15080398449208587,0.14073891355656087,0.15381602034904063,0.14843519229907542,0.16481001407373697,0.15727557998616248,0.17089224373921752,0.1801338184159249,0.17254374956246465,0.21286297671031207,0.19981326768174767,0.21681346092373133,0.22328714758623391,0.2360112185124308,0.24526791262906045,0.2787026045843959,0.268365987110883,0.3496689288876951,0.34446316584944725,0.41453305818140507,0.5217096395790577,0.6372576421126723,0.7998271500691772,1.1113281901925802,1.6884874608367682,1.3226226009428501,2.0979126803576946,3.9046546444296837,5.604716062545776
6.627600707113743,6.414366185665131,4.162551589310169,1.2742898426949978,1.2240165453404188,1.1264087706804276,0.8812457686290145,0.5606560511514544,0.42432417813688517,0.36581408651545644,0.3025420126505196,0.2654171333415434,0.2484082137234509,0.20511845988221467,0.19439243513625115,0.19900127314031124,0.1685656927875243,0.1743311018217355,0.16114109987393022,0.1543017023941502,0.13196141953812912,0.1241373021621257,0.1474132266594097,0.12134925974532962,0.12002364650834352,0.11482607398647815,0.12608511850703508,0.1088292277418077,0.1057921830797568,0.10447596985613927,0.10443739942274988,0.10000151977874339,0.09909200109541416,0.09327625599689782,0.09567741956561804,0.09234805288724601,0.09045252110809088,0.0889174131443724,0.08759711438324302,0.08644098823424429,0.08542390743969008,0.08453041175380349,0.08375027304282412,0.08307542424881831,0.08250054426025599,0.08202066761441529,0.08163263299502432,0.0813333413680084,0.08112097543198615,0.08099406288238242,0.08095194026827812,0.08099406288238242,0.08112097543198615,0.0813333413680084,0.08163263299502432,0.08202066761441529,0.08250054426025599,0.08307542424881831,0.08375027304282412,0.08453041175380349,0.08542390743969008,0.08644098823424429,0.08759711438324302,0.0889174131443724,0.09045252110809088,0.09234805288724601,0.09567741956561804,0.09327625599689782,0.09909200109541416,0.10000151977874339,0.10443739942274988,0.10447596985613927,0.1057921830797568,0.1088292277418077,0.12608511850703508,0.11482607398647815,0.12002364650834352,0.12134925974532962,0.1474132266594097,0.1241373021621257,0.13196141953812912,0.1543017023941502,0.16114109987393022,0.1743311018217355,0.1685656927875243,0.19900127314031124,0.19439243513625115,0.20511845988221467,0.2484082137234509,0.2654171333415434,0.3025420126505196,0.36581408651545644,0.42432417813688517,0.5606560511514544,0.8812457686290145,1.1264087706804276,1.2240165453404188,1.2742898426949978,4.162551589310169,6.414366185665131
4.810602820944041,5.9427689909935,4.525213800370693,2.622849155217409,1.7011518348008394,1.2488991729915142,1.1370559800416231,0.9909021221101284,0.6795336743816733,0.639245068654418,0.5446383845992386,0.4928158060647547,0.4621383985504508,0.4403915200382471,0.39008774887770414,0.36934618605300784,0.33762266114354134,0.3210240304470062,0.3104451533872634,0.29829149530269206,0.2836133223026991,0.26115904259495437,0.2588282232172787,0.24736077548004687,0.23849378596059978,0.23343290807679296,0.2275529095204547,0.2211911203339696,0.21253699669614434,0.2025475021218881,0.20161023829132318,0.1910522737307474,0.1942972072865814,0.18594423908507451,0.18353571614716202,0.1801163755590096,0.17737549869343638,0.17489387013483793,0.17264278035145253,0.17061016790103167,0.16878653538879007,0.16716249869205058,0.16573003900703043,0.16448236745782197,0.16341323719825596,0.1625172682106495,0.16179003939032555,0.16122820740565658,0.1608286207774654,0.16058984969276935,0.16051027411594987,0.16058984969276935,0.1608286207774654,0.16122820740565658,0.16179003939032555,0.1625172682106495,0.16341323719825596,0.16448236745782197,0.16573003900703043,0.16716249869205058,0.16878653538879007,0.17061016790103167,0.17264278035145253,0.17489387013483793,0.17737549869343638,0.1801163755590096,0.18353571614716202,0.18594423908507451,0.1942972072865814,0.1910522737307474,0.20161023829132318,0.2025475021218881,0.21253699669614434,0.2211911203339696,0.2275529095204547,0.23343290807679296,0.23849378596059978,0.24736077548004687,0.2588282232172787,0.26115904259495437,0.2836133223026991,0.29829149530269206,0.3104451533872634,0.3210240304470062,0.33762266114354134,0.36934618605300784,0.39008774887770414,0.4403915200382471,0.4621383985504508,0.4928158060647547,0.5446383845992386,0.639245068654418,0.6795336743816733,0.9909021221101284,1.1370559800416231,1.2488991729915142,1.7011518348008394,2.622849155217409,4.525213800370693,5.9427689909935
6.927818093448877,7.1705982238054276,3.9541797935962677,1.4693786066491157,1.204004678875208,1.1707082306966186,0.7500174967572093,0.48604947002604604,0.4671110841445625,0.30861365725286305,0.29982117703184485,0.2739058742299676,0.2841260959394276,0.25131335156038404,0.22515437752008438,0.22057639621198177,0.20770661300048232,0.18705553119070828,0.18218385649379343,0.1729901481885463,0.16292314790189266,0.15942816366441548,0.14544544013915583,0.1382616264745593,0.13324771611951292,0.12596682671573944,0.12852918991120532,0.1202514948672615,0.11749220540514216,0.11607367619581055,0.11623473040526733,0.11346879204211291,0.1068389440770261,0.10667708975961432,0.10374100270564668,0.10188081409432925,0.10033146303612739,0.09892335976473987,0.09764589813130442,0.09649290969537105,0.09545909833104815,0.09453896661580075,0.09372793821967207,0.09302176654455252,0.09241687350731809,0.09190994425443932,0.09149869266548194,0.09118094426230527,0.09095503680873662,0.09081993422296364,0.09077489376068115,0.09081993422296364,0.09095503680873662,0.09118094426230527,0.09149869266548194,0.09190994425443932,0.09241687350731809,0.09302176654455252,0.09372793821967207,0.09453896661580075,0.09545909833104815,0.09649290969537105,0.09764589813130442,0.09892335976473987,0.10033146303612739,0.10188081409432925,0.10374100270564668,0.10667708975961432,0.1068389440770261,0.11346879204211291,0.11623473040526733,0.11607367619581055,0.11749220540514216,0.1202514948672615,0.12852918991120532,0.12596682671573944,0.13324771611951292,0.1382616264745593,0.14544544013915583,0.15942816366441548,0.16292314790189266,0.1729901481885463,0.18218385649379343,0.18705553119070828,0.20770661300048232,0.22057639621198177,0.22515437752008438,0.25131335156038404,0.2841260959394276,0.2739058742299676,0.29982117703184485,0.30861365725286305,0.4671110841445625,0.48604947002604604,0.7500174967572093,1.1707082306966186,1.204004678875208,1.4693786066491157,3.9541797935962677,7.1705982238054276
3.5333808045834303,6.766760736703873,3.949878193438053,1.9940477591007948,1.3752966551110148,1.1594016756862402,1.04620954208076,0.821461521089077,0.6139665828086436,0.5288369141053408,0.48906334675848484,0.44989868253469467,0.38587277429178357,0.3621568540111184,0.32663649157620966,0.2982675147941336,0.28620779956690967,0.2797000769060105,0.2589701113756746,0.24630387965589762,0.2400293882819824,0.23272568779066205,0.2286621632229071,0.22376265190541744,0.2046609913231805,0.19812694855500013,0.19374495971715078,0.1853394751669839,0.17773989180568606,0.17623791843652725,0.1738980205846019,0.16538104057326564,0.1645610663545085,0.1600401257746853,0.15557487243495416,0.15382409260200802,0.15165092604001984,0.1495886442862684,0.1476926168834325,0.14597081908141263,0.14442159423197154,0.14304003630240913,0.1418204000365222,0.14075744448928162,0.13984625056036748,0.1390823307010578,0.13846213251235895,0.13798293060972355,0.13764216606796253,0.13743834361957852,0.1373705193400383,0.13743834361957852,0.13764216606796253,0.13798293060972355,0.13846213251235895,0.1390823307010578,0.13984625056036748,0.14075744448928162,0.1418204000365222,0.14304003630240913,0.14442159423197154,0.14597081908141263,0.1476926168834325,0.1495886442862684,0.15165092604001984,0.15382409260200802,0.15557487243495416,0.1600401257746853,0.1645610663545085,0.16538104057326564,0.1738980205846019,0.17623791843652725,0.17773989180568606,0.1853394751669839,0.19374495971715078,0.19812694855500013,0.2046609913231805,0.22376265190541744,0.2286621632229071,0.23272568779066205,0.2400293882819824,0.24630387965589762,0.2589701113756746,0.2797000769060105,0.28620779956690967,0.2982675147941336,0.32663649157620966,0.3621568540111184,0.38587277429178357,0.44989868253469467,0.48906334675848484,0.5288369141053408,0.6139665828086436,0.821461521089077,1.04620954208076,1.1594016756862402,1.3752966551110148,1.9940477591007948,3.949878193438053,6.766760736703873
5.872998345643282,7.486628599464893,2.491711277514696,1.5560969449579716,0.9423488937318325,1.056168733164668,0.7230489067733288,0.45609773183241487,0.3347068135626614,0.3278905893675983,0.26027638313826174,0.2459239587187767,0.18755505792796612,0.13965841592289507,0.1325658034766093,0.15583799476735294,0.13729842170141637,0.14857391256373376,0.11025614518439397,0.09902466778294183,0.10108865983784199,0.10134193836711347,0.10676744411466643,0.09928781527560204,0.08135356253478676,0.07377770135644823,0.08326410281006247,0.07676623118459247,0.066723369382089,0.06893560194293968,0.06552295724395663,0.06458580426988192,0.060642633645329624,0.05940845765871927,0.05978337879059836,0.058137472718954086,0.057137591124046594,0.05630293145077303,0.0555682290578261,0.05491393164265901,0.05433050432475284,0.05381299857981503,0.053357318334747106,0.0529609831282869,0.05262145691085607,0.05233676586067304,0.0521058447775431,0.05192749196430668,0.05180067470064387,0.05172490223776549,0.051699619740247726,0.05172490223776549,0.05180067470064387,0.05192749196430668,0.0521058447775431,0.05233676586067304,0.05262145691085607,0.0529609831282869,0.053357318334747106,0.05381299857981503,0.05433050432475284,0.05491393164265901,0.0555682290578261,0.05630293145077303,0.057137591124046594,0.058137472718954086,0.05978337879059836,0.05940845765871927,0.060642633645329624,0.06458580426988192,0.06552295724395663,0.06893560194293968,0.066723369382089,0.07676623118459247,0.08326410281006247,0.07377770135644823,0.08135356253478676,0.09928781527560204,0.10676744411466643,0.10134193836711347,0.10108865983784199,0.09902466778294183,0.11025614518439397,0.14857391256373376,0.13729842170141637,0.15583799476735294,0.1325658034766093,0.13965841592289507,0.18755505792796612,0.2459239587187767,0.26027638313826174,0.3278905893675983,0.3347068135626614,0.45609773183241487,0.7230489067733288,1.056168733164668,0.9423488937318325,1.5560969449579716,2.491711277514696,7.486628599464893
6.459563092328608,7.012117519974709,4.754611954092979,2.3091894313693047,2.2590098939836025,1.178672792389989,1.3989729937165976,0.9543890757486224,0.6794804227538407,0.5124322585761547,0.41787192958872765,0.33454073825851083,0.3075322569347918,0.26388471806421876,0.2735490007326007,0.23298356216400862,0.2508970919298008,0.21803155716042966,0.19467561203055084,0.20999679784290493,0.176280282670632,0.17419557715766132,0.15802188287489116,0.16670065245125443,0.13895950571168214,0.15493416064418852,0.14902533090207726,0.13175236788811162,0.13533370709046721,0.12183406273834407,0.1242689904756844,0.11963942716829479,0.11468314554076642,0.10417718697863165,0.10167854491737671,0.10030805248243269,0.09899020922603086,0.09767075853596907,0.09642834657279309,0.09528544727072585,0.09424917919386644,0.09332015720428899,0.09249681592336856,0.09177703552995808,0.09115873211703729,0.09063897248415742,0.09021654285606928,0.08988947722536977,0.08965662725677248,0.08951727848034352,0.08947084750980139,0.08951727848034352,0.08965662725677248,0.08988947722536977,0.09021654285606928,0.09063897248415742,0.09115873211703729,0.09177703552995808,0.09249681592336856,0.09332015720428899,0.09424917919386644,0.09528544727072585,0.09642834657279309,0.09767075853596907,0.09899020922603086,0.10030805248243269,0.10167854491737671,0.10417718697863165,0.11468314554076642,0.11963942716829479,0.1242689904756844,0.12183406273834407,0.13533370709046721,0.13175236788811162,0.14902533090207726,0.15493416064418852,0.13895950571168214,0.16670065245125443,0.15802188287489116,0.17419557715766132,0.176280282670632,0.20999679784290493,0.19467561203055084,0.21803155716042966,0.2508970919298008,0.23298356216400862,0.2735490007326007,0.26388471806421876,0.3075322569347918,0.33454073825851083,0.41787192958872765,0.5124322585761547,0.6794804227538407,0.9543890757486224,1.3989729937165976,1.178672792389989,2.2590098939836025,2.3091894313693047,4.754611954092979,7.012117519974709
7.553670881316066,8.640218362212181,3.8764971401542425,2.2812806144356728,1.6322617791593075,1.2675706390291452,1.2581393606960773,0.87700848095119,0.5941966036334634,0.4666982088238001,0.40015731705352664,0.46484262123703957,0.36097097769379616,0.3041880992241204,0.2848970608320087,0.26698193326592445,0.24189965100958943,0.22027216642163694,0.20690017635934055,0.21789930504746735,0.20560906757600605,0.19126996188424528,0.19121464085765183,0.1725084475474432,0.16345078754238784,0.15348102001007646,0.16001800203230232,0.14931096020154655,0.1436525807948783,0.13790641986997798,0.13607825501821935,0.1396875120117329,0.13239927182439715,0.1326573637779802,0.12536214967258275,0.12334298627683893,0.12143917346838862,0.11971544717380311,0.11816030666523147,0.11676223829272203,0.11551132597378455,0.11439960260031512,0.11342068824160378,0.112568402881152,0.11183874336711597,0.11122758670535404,0.11073158038925612,0.11034841021319153,0.11007601946039358,0.10991311996622244,0.1098590400069952,0.10991311996622244,0.11007601946039358,0.11034841021319153,0.11073158038925612,0.11122758670535404,0.11183874336711597,0.112568402881152,0.11342068824160378,0.11439960260031512,0.11551132597378455,0.11676223829272203,0.11816030666523147,0.11971544717380311,0.12143917346838862,0.12334298627683893,0.12536214967258275,0.1326573637779802,0.13239927182439715,0.1396875120117329,0.13607825501821935,0.13790641986997798,0.1436525807948783,0.14931096020154655,0.16001800203230232,0.15348102001007646,0.16345078754238784,0.1725084475474432,0.19121464085765183,0.19126996188424528,0.20560906757600605,0.21789930504746735,0.20690017635934055,0.22027216642163694,0.24189965100958943,0.26698193326592445,0.2848970608320087,0.3041880992241204,0.36097097769379616,0.46484262123703957,0.40015731705352664,0.4666982088238001,0.5941966036334634,0.87700848095119,1.2581393606960773,1.2675706390291452,1.6322617791593075,2.2812806144356728,3.8764971401542425,8.640218362212181
10.618825525045395,8.345473870635033,3.186522826552391,2.630519963800907,1.3014025390148163,1.0222171102650464,0.833917218260467,0.5260019204579294,0.4890949623659253,0.33475849870592356,0.33323310571722686,0.3152177748270333,0.27873797668144107,0.2608037767931819,0.23664726060815156,0.22984444617759436,0.20885604969225824,0.21349891531281173,0.19046071404591203,0.20051747770048678,0.18124009110033512,0.19186813849955797,0.15202469006180763,0.1513053422095254,0.14333137508947402,0.1399914303328842,0.1379949008114636,0.14073503040708601,0.12711855093948543,0.12198372761486098,0.11849952428019606,0.11654698627535254,0.11434456380084157,0.1104368731030263,0.10842714036698453,0.10647714117658325,0.10491018590983003,0.10348522425920237,0.10218853823607787,0.10101453839160968,0.09995909481949639,0.0990177614003187,0.0981863873457769,0.09746134153101593,0.09683955791115295,0.09631821746006608,0.0958947277686093,0.09556740960397292,0.09533460527018178,0.09519545854709577,0.09514885395765305,0.09519545854709577,0.09533460527018178,0.09556740960397292,0.0958947277686093,0.09631821746006608,0.09683955791115295,0.09746134153101593,0.0981863873457769,0.0990177614003187,0.09995909481949639,0.10101453839160968,0.10218853823607787,0.10348522425920237,0.10491018590983003,0.10647714117658325,0.10842714036698453,0.1104368731030263,0.11434456380084157,0.11654698627535254,0.11849952428019606,0.12198372761486098,0.12711855093948543,0.14073503040708601,0.1379949008114636,0.1399914303328842,0.14333137508947402,0.1513053422095254,0.15202469006180763,0.19186813849955797,0.18124009110033512,0.20051747770048678,0.19046071404591203,0.21349891531281173,0.20885604969225824,0.22984444617759436,0.23664726060815156,0.2608037767931819,0.27873797668144107,0.3152177748270333,0.33323310571722686,0.33475849870592356,0.4890949623659253,0.5260019204579294,0.833917218260467,1.0222171102650464,1.3014025390148163,2.630519963800907,3.186522826552391,8.345473870635033
6.604965001344681,8.538703888654709,3.9677099362015724,1.4364396126475185,1.0572369629517198,0.9430516883730888,0.9237462719902396,0.7738254014402628,0.5310218380764127,0.49511064123362303,0.4499787497334182,0.38628675742074847,0.3042441331781447,0.30596328899264336,0.28283553663641214,0.27844180748797953,0.25634956965222955,0.24431831971742213,0.2408207159023732,0.20254110265523195,0.20654526259750128,0.20847056340426207,0.192297856323421,0.187065617647022,0.17498139385133982,0.1671138950623572,0.14824515231885016,0.16442128084599972,0.1549133483786136,0.14430407108739018,0.14369315595831722,0.14179498422890902,0.1454893045593053,0.1370236607035622,0.1349517471389845,0.13275982765480876,0.13072907808236778,0.12888522003777325,0.1272185716079548,0.12571836018469185,0.12437510956078768,0.12318090267945081,0.12212871049996465,0.12121299805585295,0.12042882479727268,0.11977167113218457,0.1192385763861239,0.11882670922204852,0.11853393178898841,0.11835878330748528,0.11830055713653564,0.11835878330748528,0.11853393178898841,0.11882670922204852,0.1192385763861239,0.11977167113218457,0.12042882479727268,0.12121299805585295,0.12212871049996465,0.12318090267945081,0.12437510956078768,0.12571836018469185,0.1272185716079548,0.12888522003777325,0.13072907808236778,0.13275982765480876,0.1349517471389845,0.1370236607035622,0.1454893045593053,0.14179498422890902,0.14369315595831722,0.14430407108739018,0.1549133483786136,0.16442128084599972,0.14824515231885016,0.1671138950623572,0.17498139385133982,0.187065617647022,0.192297856323421,0.20847056340426207,0.20654526259750128,0.20254110265523195,0.2408207159023732,0.24431831971742213,0.25634956965222955,0.27844180748797953,0.28283553663641214,0.30596328899264336,0.3042441331781447,0.38628675742074847,0.4499787497334182,0.49511064123362303,0.5310218380764127,0.7738254014402628,0.9237462719902396,0.9430516883730888,1.0572369629517198,1.4364396126475185,3.9677099362015724,8.538703888654709
6.408292282372713,6.670364625751972,2.9503880068659782,1.3298963271081448,1.2989717219024897,0.676027350127697,0.711125077214092,0.41119635477662086,0.36352330911904573,0.25302824284881353,0.2496300721541047,0.24753082357347012,0.21559637039899826,0.17680864920839667,0.16697259969078004,0.15847228723578155,0.13504052837379277,0.13249007472768426,0.12916969414800406,0.1209383262321353,0.12363683129660785,0.12156115658581257,0.12607503321487457,0.12568692595232278,0.10820384370163083,0.10013963066739962,0.09996860043611377,0.09489233116619289,0.08613815234275535,0.08818066702224314,0.08366346859838814,0.08481396787101403,0.08128614723682404,0.07891261228360236,0.07857817807234824,0.07654584947158583,0.0751877274014987,0.07402599160559475,0.07299871710711159,0.07208444955176674,0.07127126675914042,0.07055185886565596,0.06991994538111612,0.06937134434701875,0.06890255759935826,0.06851038979948498,0.06819252698915079,0.0679472012561746,0.06777292961487547,0.06766863574739546,0.06763402186334133,0.06766863574739546,0.06777292961487547,0.0679472012561746,0.06819252698915079,0.06851038979948498,0.06890255759935826,0.06937134434701875,0.06991994538111612,0.07055185886565596,0.07127126675914042,0.07208444955176674,0.07299871710711159,0.07402599160559475,0.0751877274014987,0.07654584947158583,0.07857817807234824,0.07891261228360236,0.08128614723682404,0.08481396787101403,0.08366346859838814,0.08818066702224314,0.08613815234275535,0.09489233116619289,0.09996860043611377,0.10013963066739962,0.10820384370163083,0.12568692595232278,0.12607503321487457,0.12156115658581257,0.12363683129660785,0.1209383262321353,0.12916969414800406,0.13249007472768426,0.13504052837379277,0.15847228723578155,0.16697259969078004,0.17680864920839667,0.21559637039899826,0.24753082357347012,0.2496300721541047,0.25302824284881353,0.36352330911904573,0.41119635477662086,0.711125077214092,0.676027350127697,1.2989717219024897,1.3298963271081448,2.9503880068659782,6.670364625751972
3.615364774130285,6.796127006411552,3.779682032763958,1.4242301974445581,1.6017920561134815,0.8776069916784763,0.8332277592271566,0.628496109507978,0.4827589106862433,0.4813320185057819,0.41110712313093245,0.34593016817234457,0.3219432388432324,0.321990575408563,0.27587575698271394,0.2770308090839535,0.24663076002616435,0.24342099111527205,0.21439491701312363,0.20151453040307388,0.20076045743189752,0.2012682375498116,0.18793742009438574,0.20248214155435562,0.16948427387978882,0.16689530987059698,0.16333723027491942,0.15640349267050624,0.1490737806307152,0.14823080226778984,0.14198022475466132,0.14096967453951947,0.13593569857766852,0.13464067969471216,0.1315847345686052,0.12946996840764768,0.12750060157850385,0.12570132667315193,0.1240690023987554,0.12259653807268478,0.12127664795843884,0.1201022453897167,0.1190671982767526,0.1181661676382646,0.11739435294293799,0.11674775570281781,0.11622310799430124,0.11581773319630884,0.11552954441867769,0.11535731161711738,0.11529993824660778,0.11535731161711738,0.11552954441867769,0.11581773319630884,0.11622310799430124,0.11674775570281781,0.11739435294293799,0.1181661676382646,0.1190671982767526,0.1201022453897167,0.12127664795843884,0.12259653807268478,0.1240690023987554,0.12570132667315193,0.12750060157850385,0.12946996840764768,0.1315847345686052,0.13464067969471216,0.13593569857766852,0.14096967453951947,0.14198022475466132,0.14823080226778984,0.1490737806307152,0.15640349267050624,0.16333723027491942,0.16689530987059698,0.16948427387978882,0.20248214155435562,0.18793742009438574,0.2012682375498116,0.20076045743189752,0.20151453040307388,0.21439491701312363,0.24342099111527205,0.24663076002616435,0.2770308090839535,0.27587575698271394,0.321990575408563,0.3219432388432324,0.34593016817234457,0.41110712313093245,0.4813320185057819,0.4827589106862433,0.628496109507978,0.8332277592271566,0.8776069916784763,1.6017920561134815,1.4242301974445581,3.779682032763958,6.796127006411552
4.909705452620983,6.7633726596832275,3.9716101437807083,1.6582460720092058,1.252704981714487,1.07552042696625,0.7963249953463674,0.6049296893179417,0.5013189676683396,0.5282674338668585,0.3038804717361927,0.2834764802828431,0.2929662656970322,0.2255951166152954,0.20551736187189817,0.17672347812913358,0.18110010481905192,0.18225346482358873,0.15926052432041615,0.1762521220371127,0.13367891497910023,0.17053252807818353,0.14344479219289497,0.1381946973851882,0.13488360575865954,0.11864606232848018,0.11996146658202633,0.12445878121070564,0.10769190487917513,0.0954316784045659,0.10088688557152636,0.0927907966542989,0.09623176429886371,0.09594067250145599,0.08787611372827087,0.08743967987538781,0.08621486084302887,0.08500168412865605,0.08387564856093377,0.0828505361569114,0.08192704046086874,0.08110306384332944,0.08037485735258088,0.07973904083337402,0.07919254385342356,0.07873268902039854,0.07835692747175926,0.0780635347327916,0.0778508047987998,0.07771807961216837,0.07766730710864067,0.07771807961216837,0.0778508047987998,0.0780635347327916,0.07835692747175926,0.07873268902039854,0.07919254385342356,0.07973904083337402,0.08037485735258088,0.08110306384332944,0.08192704046086874,0.0828505361569114,0.08387564856093377,0.08500168412865605,0.08621486084302887,0.08743967987538781,0.08787611372827087,0.09594067250145599,0.09623176429886371,0.0927907966542989,0.10088688557152636,0.0954316784045659,0.10769190487917513,0.12445878121070564,0.11996146658202633,0.11864606232848018,0.13488360575865954,0.1381946973851882,0.14344479219289497,0.17053252807818353,0.13367891497910023,0.1762521220371127,0.15926052432041615,0.18225346482358873,0.18110010481905192,0.17672347812913358,0.20551736187189817,0.2255951166152954,0.2929662656970322,0.2834764802828431,0.3038804717361927,0.5282674338668585,0.5013189676683396,0.6049296893179417,0.7963249953463674,1.07552042696625,1.252704981714487,1.6582460720092058,3.9716101437807083,6.7633726596832275
6.679102908819914,7.126735016703606,4.0286359414458275,2.1124390698969364,1.5721049895510077,1.1518719289451838,0.955321547575295,0.7705872301012278,0.6078549697995186,0.5172214759513736,0.38283495139330626,0.4218568583019078,0.3273116606287658,0.28016095189377666,0.26703205797821283,0.265146610327065,0.2391148253227584,0.2195195429958403,0.20815624413080513,0.20470454217866063,0.20485109370201826,0.15868069068528712,0.20135188079439104,0.18308801483362913,0.15723125380463898,0.15429802145808935,0.15502615296281874,0.15032382984645665,0.1459153932519257,0.14068090729415417,0.14048588974401355,0.13449821970425546,0.12416253983974457,0.12127523310482502,0.11905513913370669,0.11851059307809919,0.11723464378155768,0.1158820241689682,0.11457483156118542,0.11335391644388437,0.11223607766442001,0.11122680373955518,0.11032839049585164,0.10954038368072361,0.10886168980505317,0.10829087381716818,0.10782612801995128,0.10746628150809556,0.10721014149021357,0.10705682309344411,0.10700576193630695,0.10705682309344411,0.10721014149021357,0.10746628150809556,0.10782612801995128,0.10829087381716818,0.10886168980505317,0.10954038368072361,0.11032839049585164,0.11122680373955518,0.11223607766442001,0.11335391644388437,0.11457483156118542,0.1158820241689682,0.11723464378155768,0.11851059307809919,0.11905513913370669,0.12127523310482502,0.12416253983974457,0.13449821970425546,0.14048588974401355,0.14068090729415417,0.1459153932519257,0.15032382984645665,0.15502615296281874,0.15429802145808935,0.15723125380463898,0.18308801483362913,0.20135188079439104,0.15868069068528712,0.20485109370201826,0.20470454217866063,0.20815624413080513,0.2195195429958403,0.2391148253227584,0.265146610327065,0.26703205797821283,0.28016095189377666,0.3273116606287658,0.4218568583019078,0.38283495139330626,0.5172214759513736,0.6078549697995186,0.7705872301012278,0.955321547575295,1.1518719289451838,1.5721049895510077,2.1124390698969364,4.0286359414458275,7.126735016703606
6.720419466495514,8.359330005943775,4.314994357526302,1.9352869093418121,1.3663861081004143,1.2644940447062254,0.8390868688002229,0.7283672699704766,0.6741510620340705,0.4710477436892688,0.42474731896072626,0.3849945333786309,0.40079658571630716,0.31705879513174295,0.3036829768680036,0.2778259622864425,0.2712175133638084,0.26299897325225174,0.23785993456840515,0.24550729105249047,0.2286748739425093,0.21806650544749573,0.23027022555470467,0.18093135487288237,0.2064125209581107,0.18775203614495695,0.1765075062867254,0.1878283505793661,0.1705385164823383,0.16622443334199488,0.16215280164033175,0.15847820206545293,0.15537222707644105,0.14745943318121135,0.14776038145646453,0.14511578623205423,0.1428709253668785,0.14083559904247522,0.13899233797565103,0.1373310755006969,0.13584308151621372,0.1345199306961149,0.1333541920175776,0.13233987253624946,0.13147117232438177,0.13074387656524777,0.13015369314234704,0.12969784752931446,0.12937380280345678,0.12918019853532314,0.12911571934819221,0.12918019853532314,0.12937380280345678,0.12969784752931446,0.13015369314234704,0.13074387656524777,0.13147117232438177,0.13233987253624946,0.1333541920175776,0.1345199306961149,0.13584308151621372,0.1373310755006969,0.13899233797565103,0.14083559904247522,0.1428709253668785,0.14511578623205423,0.14776038145646453,0.14745943318121135,0.15537222707644105,0.15847820206545293,0.16215280164033175,0.16622443334199488,0.1705385164823383,0.1878283505793661,0.1765075062867254,0.18775203614495695,0.2064125209581107,0.18093135487288237,0.23027022555470467,0.21806650544749573,0.2286748739425093,0.24550729105249047,0.23785993456840515,0.26299897325225174,0.2712175133638084,0.2778259622864425,0.3036829768680036,0.31705879513174295,0.40079658571630716,0.3849945333786309,0.42474731896072626,0.4710477436892688,0.6741510620340705,0.7283672699704766,0.8390868688002229,1.2644940447062254,1.3663861081004143,1.9352869093418121,4.314994357526302,8.359330005943775
7.788877505809069,8.027871586382389,3.758609063923359,1.5026743970811367,0.9228413507808,0.9339457657188177,0.6207043991889805,0.6247493103146553,0.4101969311013818,0.39009416053886525,0.34879464004188776,0.2895899531431496,0.280240616761148,0.2609194649849087,0.22966680582612753,0.2235151461791247,0.2035879292525351,0.18141348543576896,0.16618507477687672,0.1736739354673773,0.17412290768697858,0.19724945398047566,0.1900527160614729,0.1472572861239314,0.14102830411866307,0.13248679228127003,0.13459816167596728,0.1315457607852295,0.12455094000324607,0.11881101783365011,0.11384748117416166,0.11070132307941094,0.115048372594174,0.11277154844719917,0.10797235975041986,0.10596701756003313,0.10416186793008819,0.10256761815981008,0.10114817757857963,0.09988153190352023,0.09875316718535032,0.0977528880466707,0.09687268768902868,0.09610616324061994,0.09544857713626698,0.09489594327897066,0.09444507256557699,0.09409396162664052,0.09384156142914435,0.09368851952967816,0.09363695420324802,0.09368851952967816,0.09384156142914435,0.09409396162664052,0.09444507256557699,0.09489594327897066,0.09544857713626698,0.09610616324061994,0.09687268768902868,0.0977528880466707,0.09875316718535032,0.09988153190352023,0.10114817757857963,0.10256761815981008,0.10416186793008819,0.10596701756003313,0.10797235975041986,0.11277154844719917,0.115048372594174,0.11070132307941094,0.11384748117416166,0.11881101783365011,0.12455094000324607,0.1315457607852295,0.13459816167596728,0.13248679228127003,0.14102830411866307,0.1472572861239314,0.1900527160614729,0.19724945398047566,0.17412290768697858,0.1736739354673773,0.16618507477687672,0.18141348543576896,0.2035879292525351,0.2235151461791247,0.22966680582612753,0.2609194649849087,0.280240616761148,0.2895899531431496,0.34879464004188776,0.39009416053886525,0.4101969311013818,0.6247493103146553,0.6207043991889805,0.9339457657188177,0.9228413507808,1.5026743970811367,3.758609063923359,8.027871586382389
5.957502242177725,8.565107554197311,3.0247321408241987,2.1039539370685816,1.0061940015293658,1.0580081045627594,0.7767454977147281,0.649705907329917,0.49403377203270793,0.5035068145953119,0.4519853394012898,0.4227408487931825,0.37301499012392014,0.31822181586176157,0.2957606029231101,0.269287733361125,0.2650006809271872,0.2545811962336302,0.2261826049652882,0.2393390112556517,0.2257987227058038,0.20899357390590012,0.21694250142900273,0.19557684694882482,0.19706015312112868,0.1827877804171294,0.17451149882981554,0.17368547129444778,0.16238019545562565,0.1602082384051755,0.15095324901631102,0.15043667354620993,0.1480067081283778,0.14324232548824511,0.1418364741257392,0.13897564326180145,0.13670323137193918,0.13469215232180431,0.13289091689512134,0.1312772419769317,0.12983641523169354,0.12855816661613062,0.12743387051159516,0.1264562263386324,0.12561985955107957,0.12491975678130984,0.12435202376218513,0.12391353014390916,0.12360199121758342,0.12341577000916004,0.12335372436791658,0.12341577000916004,0.12360199121758342,0.12391353014390916,0.12435202376218513,0.12491975678130984,0.12561985955107957,0.1264562263386324,0.12743387051159516,0.12855816661613062,0.12983641523169354,0.1312772419769317,0.13289091689512134,0.13469215232180431,0.13670323137193918,0.13897564326180145,0.1418364741257392,0.14324232548824511,0.1480067081283778,0.15043667354620993,0.15095324901631102,0.1602082384051755,0.16238019545562565,0.17368547129444778,0.17451149882981554,0.1827877804171294,0.19706015312112868,0.19557684694882482,0.21694250142900273,0.20899357390590012,0.2257987227058038,0.2393390112556517,0.2261826049652882,0.2545811962336302,0.2650006809271872,0.269287733361125,0.2957606029231101,0.31822181586176157,0.37301499012392014,0.4227408487931825,0.4519853394012898,0.5035068145953119,0.49403377203270793,0.649705907329917,0.7767454977147281,1.0580081045627594,1.0061940015293658,2.1039539370685816,3.0247321408241987,8.565107554197311
4.803263876121491,7.7140235006809235,3.579041998833418,1.9176209401339293,1.31583580840379,1.0846048509702086,0.9802528731524944,0.7636003186926246,0.6262016640976071,0.5050299023278058,0.46245322842150927,0.4433133518323302,0.4314161736983806,0.3567736317636445,0.3220481057651341,0.30866907606832683,0.3026134225074202,0.2845783105585724,0.26067247125320137,0.26324574346654117,0.2499967582989484,0.2695205945055932,0.22805572918150574,0.21688703872496262,0.19901645369827747,0.20389398872794118,0.19636259868275374,0.18947401526384056,0.18062730447854847,0.17523134863586165,0.17184676480246708,0.17085246834903955,0.16832530871033669,0.16429283452453092,0.1601808846462518,0.15715228603221476,0.15459734702017158,0.15232558400020935,0.1502910700510256,0.14846936136018485,0.1468441784963943,0.14540256246982608,0.14413473829336,0.14303282492619473,0.14209016447421163,0.14130098513851408,0.1406610846024705,0.14016690442804247,0.13981575773505028,0.13960582857544068,0.13953594537451863,0.13960582857544068,0.13981575773505028,0.14016690442804247,0.1406610846024705,0.14130098513851408,0.14209016447421163,0.14303282492619473,0.14413473829336,0.14540256246982608,0.1468441784963943,0.14846936136018485,0.1502910700510256,0.15232558400020935,0.15459734702017158,0.15715228603221476,0.1601808846462518,0.16429283452453092,0.16832530871033669,0.17085246834903955,0.17184676480246708,0.17523134863586165,0.18062730447854847,0.18947401526384056,0.19636259868275374,0.20389398872794118,0.19901645369827747,0.21688703872496262,0.22805572918150574,0.2695205945055932,0.2499967582989484,0.26324574346654117,0.26067247125320137,0.2845783105585724,0.3026134225074202,0.30866907606832683,0.3220481057651341,0.3567736317636445,0.4314161736983806,0.4433133518323302,0.46245322842150927,0.5050299023278058,0.6262016640976071,0.7636003186926246,0.9802528731524944,1.0846048509702086,1.31583580840379,1.9176209401339293,3.579041998833418,7.7140235006809235
7.498767860699445,6.424070626497269,4.35539422929287,1.4456405863165855,1.5398466382175684,1.217439716681838,0.9193438147194684,0.6442206366918981,0.5305158728733659,0.44235680578276515,0.3660245407372713,0.3647616193629801,0.34913074714131653,0.2602293777745217,0.2555632547591813,0.24703080824110657,0.20615685964003205,0.20038587553426623,0.20368314697407186,0.2021874423371628,0.2025489336811006,0.20038720592856407,0.1946632966864854,0.1828932089265436,0.15730285120662302,0.14185902499593794,0.15739315375685692,0.1472979469690472,0.12509793776553124,0.12878326140344143,0.12663528858684003,0.12636877538170666,0.12584533053450286,0.12061819829978049,0.11604910076130182,0.11453875852748752,0.11276941781397909,0.11111891316249967,0.10961740068159997,0.1082648211158812,0.10705459082964808,0.10598020523320884,0.10503471875563264,0.10421314218547195,0.103510532528162,0.1029223904479295,0.10244559205602854,0.10207750939298421,0.1018160569947213,0.10165977070573717,0.10160769755020738,0.10165977070573717,0.1018160569947213,0.10207750939298421,0.10244559205602854,0.1029223904479295,0.103510532528162,0.10421314218547195,0.10503471875563264,0.10598020523320884,0.10705459082964808,0.1082648211158812,0.10961740068159997,0.11111891316249967,0.11276941781397909,0.11453875852748752,0.11604910076130182,0.12061819829978049,0.12584533053450286,0.12636877538170666,0.12663528858684003,0.12878326140344143,0.12509793776553124,0.1472979469690472,0.15739315375685692,0.14185902499593794,0.15730285120662302,0.1828932089265436,0.1946632966864854,0.20038720592856407,0.2025489336811006,0.2021874423371628,0.20368314697407186,0.20038587553426623,0.20615685964003205,0.24703080824110657,0.2555632547591813,0.2602293777745217,0.34913074714131653,0.3647616193629801,0.3660245407372713,0.44235680578276515,0.5305158728733659,0.6442206366918981,0.9193438147194684,1.217439716681838,1.5398466382175684,1.4456405863165855,4.35539422929287,6.424070626497269
5.677940184250474,11.553029656410217,3.5639264956116676,2.8939563743770123,2.3733822517096996,1.4602799322456121,1.000683842226863,0.853446046821773,0.6377463862299919,0.6250274758785963,0.42019475472625345,0.493059647269547,0.4130702558904886,0.35595211619511247,0.2876128440257162,0.334378719329834,0.26512965513393283,0.2633037077030167,0.2732937887776643,0.2661323216743767,0.22378605988342315,0.2573725422844291,0.2533847098238766,0.2172114118002355,0.180723886936903,0.18241332116303965,0.18955377949168906,0.1783591080456972,0.1645499283913523,0.16258415178162977,0.15757736645173281,0.14907032182236435,0.14630521708750166,0.1490421708440408,0.14472971021314152,0.1413226086879149,0.13891412173688877,0.13687421365466435,0.13507939675764646,0.13348416272492614,0.1320650529669365,0.1308076243440155,0.12970203933946323,0.12874069552344736,0.1279177547985455,0.12722868079436012,0.12666971354337875,0.1262378018727759,0.12593083207320888,0.1257472338475054,0.12568620033562183,0.1257472338475054,0.12593083207320888,0.1262378018727759,0.12666971354337875,0.12722868079436012,0.1279177547985455,0.12874069552344736,0.12970203933946323,0.1308076243440155,0.1320650529669365,0.13348416272492614,0.13507939675764646,0.13687421365466435,0.13891412173688877,0.1413226086879149,0.14472971021314152,0.1490421708440408,0.14630521708750166,0.14907032182236435,0.15757736645173281,0.16258415178162977,0.1645499283913523,0.1783591080456972,0.18955377949168906,0.18241332116303965,0.180723886936903,0.2172114118002355,0.2533847098238766,0.2573725422844291,0.22378605988342315,0.2661323216743767,0.2732937887776643,0.2633037077030167,0.26512965513393283,0.334378719329834,0.2876128440257162,0.35595211619511247,0.4130702558904886,0.493059647269547,0.42019475472625345,0.6250274758785963,0.6377463862299919,0.853446046821773,1.000683842226863,1.4602799322456121,2.3733822517096996,2.8939563743770123,3.5639264956116676,11.553029656410217
8.974508456885815,8.617832399904728,3.4578878097236156,2.8303362280130386,2.2605552449822426,1.4614796210080385,1.2539169117808342,1.1996376272290945,0.8278651600703597,0.69021539343521,0.5929604885168374,0.5282337502576411,0.5223973412066698,0.45549044013023376,0.43620192585512996,0.39085185155272484,0.3888128912076354,0.34699817234650254,0.3465020654257387,0.3145332424901426,0.2989391579758376,0.30660106986761093,0.3156188481952995,0.2689088233746588,0.26468432671390474,0.2417138982564211,0.22854644479230046,0.2299535654601641,0.2281836517213378,0.219234526182845,0.21552449348382652,0.2099780905409716,0.2026256206445396,0.20100385416299105,0.20251680060755461,0.19652314513223246,0.19286271336022764,0.18982858367962763,0.187182931083953,0.18484453720157035,0.18277322594076395,0.18094453436788172,0.17934098414843902,0.17795016092713922,0.17676186800235882,0.17576842178823426,0.17496347200358286,0.17434218819835223,0.17390086612431332,0.1736372246814426,0.17354936245828867,0.1736372246814426,0.17390086612431332,0.17434218819835223,0.17496347200358286,0.17576842178823426,0.17676186800235882,0.17795016092713922,0.17934098414843902,0.18094453436788172,0.18277322594076395,0.18484453720157035,0.187182931083953,0.18982858367962763,0.19286271336022764,0.19652314513223246,0.20251680060755461,0.20100385416299105,0.2026256206445396,0.2099780905409716,0.21552449348382652,0.219234526182845,0.2281836517213378,0.2299535654601641,0.22854644479230046,0.2417138982564211,0.26468432671390474,0.2689088233746588,0.3156188481952995,0.30660106986761093,0.2989391579758376,0.3145332424901426,0.3465020654257387,0.34699817234650254,0.3888128912076354,0.39085185155272484,0.43620192585512996,0.45549044013023376,0.5223973412066698,0.5282337502576411,0.5929604885168374,0.69021539343521,0.8278651600703597,1.1996376272290945,1.2539169117808342,1.4614796210080385,2.2605552449822426,2.8303362280130386,3.4578878097236156,8.617832399904728
10.062646254897118,9.27610069513321,3.755326487123966,2.203435316681862,1.8375289989635348,1.5852118097245693,1.3085797112435102,0.8805970917455852,0.7480590846389532,0.6392632983624935,0.6025235829874873,0.555876711383462,0.45442366413772106,0.422539044637233,0.39905771566554904,0.37817443907260895,0.3558919366914779,0.3346764186862856,0.3113272690679878,0.2964633016381413,0.302185432985425,0.27853018371388316,0.31825784081593156,0.25847366941161454,0.26630279514938593,0.2363626027945429,0.22081471560522914,0.2253476157784462,0.21848073601722717,0.2183566833846271,0.2065746005391702,0.20164144726004452,0.19638678221963346,0.19441429991275072,0.19020214024931192,0.18736919155344367,0.18462010216899216,0.18209000444039702,0.17978576151654124,0.17770145903341472,0.17582940473221242,0.17416155617684126,0.17268960480578244,0.17140709678642452,0.17030771751888096,0.16938615241087973,0.1686380886239931,0.16805990342982113,0.16764875047374517,0.167402908555232,0.16732114180922508,0.167402908555232,0.16764875047374517,0.16805990342982113,0.1686380886239931,0.16938615241087973,0.17030771751888096,0.17140709678642452,0.17268960480578244,0.17416155617684126,0.17582940473221242,0.17770145903341472,0.17978576151654124,0.18209000444039702,0.18462010216899216,0.18736919155344367,0.19020214024931192,0.19441429991275072,0.19638678221963346,0.20164144726004452,0.2065746005391702,0.2183566833846271,0.21848073601722717,0.2253476157784462,0.22081471560522914,0.2363626027945429,0.26630279514938593,0.25847366941161454,0.31825784081593156,0.27853018371388316,0.302185432985425,0.2964633016381413,0.3113272690679878,0.3346764186862856,0.3558919366914779,0.37817443907260895,0.39905771566554904,0.422539044637233,0.45442366413772106,0.555876711383462,0.6025235829874873,0.6392632983624935,0.7480590846389532,0.8805970917455852,1.3085797112435102,1.5852118097245693,1.8375289989635348,2.203435316681862,3.755326487123966,9.27610069513321
10.4083821028471,6.639467641711235,3.129373248666525,1.9031783677637577,1.078035170212388,1.0025552357546985,0.8074990585446358,0.5975037962198257,0.4601094350218773,0.4556757896207273,0.3722185811493546,0.3984890403226018,0.33158302365336567,0.28840441908687353,0.24433130957186222,0.24633823428303003,0.23622440680628642,0.22362507577054203,0.21345287142321467,0.19643787667155266,0.19478373951278627,0.19858907256275415,0.2035934580489993,0.22152658877894282,0.1655542787630111,0.15539540379540995,0.15230013232212514,0.14540673955343664,0.13866549811791629,0.1342993043945171,0.13253886334132403,0.12933653662912548,0.12743765831692144,0.1228520466684131,0.120525852922583,0.11846927004080499,0.11658046562297386,0.11487260818103096,0.11333177111373516,0.11194668664757046,0.11070813971673488,0.10960831839838647,0.10864027170828194,0.10779861130868085,0.10707804054982262,0.10647507370231324,0.10598595366172958,0.10560821096078143,0.1053398267540615,0.10517924163286807,0.1051260232925415,0.10517924163286807,0.1053398267540615,0.10560821096078143,0.10598595366172958,0.10647507370231324,0.10707804054982262,0.10779861130868085,0.10864027170828194,0.10960831839838647,0.11070813971673488,0.11194668664757046,0.11333177111373516,0.11487260818103096,0.11658046562297386,0.11846927004080499,0.120525852922583,0.1228520466684131,0.12743765831692144,0.12933653662912548,0.13253886334132403,0.1342993043945171,0.13866549811791629,0.14540673955343664,0.15230013232212514,0.15539540379540995,0.1655542787630111,0.22152658877894282,0.2035934580489993,0.19858907256275415,0.19478373951278627,0.19643787667155266,0.21345287142321467,0.22362507577054203,0.23622440680628642,0.24633823428303003,0.24433130957186222,0.28840441908687353,0.33158302365336567,0.3984890403226018,0.3722185811493546,0.4556757896207273,0.4601094350218773,0.5975037962198257,0.8074990585446358,1.0025552357546985,1.078035170212388,1.9031783677637577,3.129373248666525,6.639467641711235
6.941468000411987,8.905362583696842,3.679661937057972,2.346430642530322,1.5250155851244926,1.2812814004719257,0.9828853011131287,0.8910585083067417,0.7363989213481545,0.6351827532052994,0.5607160981744528,0.5144917438738048,0.42255089711397886,0.39971402543596923,0.37521470058709383,0.35406494745984674,0.3334371135570109,0.33248283015564084,0.3137955137062818,0.2929853815585375,0.2953179480973631,0.27048104256391525,0.24456579564139247,0.28081936901435256,0.25055474741384387,0.2320907476823777,0.2270250776782632,0.2247641390422359,0.21775457239709795,0.20861616800539196,0.2058871102053672,0.20164510514587164,0.19501260900869966,0.19125510286539793,0.1881653107702732,0.18487197789363563,0.1819652367848903,0.17934266314841807,0.1769778459565714,0.17485248181037605,0.1729521764209494,0.17126470047514886,0.1697794678620994,0.1684876859653741,0.16738232516217977,0.1664566829567775,0.16570605686865747,0.16512631392106414,0.1647143424488604,0.16446799330879003,0.16438603587448597,0.16446799330879003,0.1647143424488604,0.16512631392106414,0.16570605686865747,0.1664566829567775,0.16738232516217977,0.1684876859653741,0.1697794678620994,0.17126470047514886,0.1729521764209494,0.17485248181037605,0.1769778459565714,0.17934266314841807,0.1819652367848903,0.18487197789363563,0.1881653107702732,0.19125510286539793,0.19501260900869966,0.20164510514587164,0.2058871102053672,0.20861616800539196,0.21775457239709795,0.2247641390422359,0.2270250776782632,0.2320907476823777,0.25055474741384387,0.28081936901435256,0.24456579564139247,0.27048104256391525,0.2953179480973631,0.2929853815585375,0.3137955137062818,0.33248283015564084,0.3334371135570109,0.35406494745984674,0.37521470058709383,0.39971402543596923,0.42255089711397886,0.5144917438738048,0.5607160981744528,0.6351827532052994,0.7363989213481545,0.8910585083067417,0.9828853011131287,1.2812814004719257,1.5250155851244926,2.346430642530322,3.679661937057972,8.905362583696842
10.488938987255096,7.343901559710503,2.35686919093132,1.309558997862041,1.0377330891788006,0.865561312995851,0.6028904845006764,0.4555404521524906,0.4128838423639536,0.41740574524737895,0.32674846705049276,0.34809082420542836,0.291156419320032,0.23447518842294812,0.22332929796539247,0.22247469588182867,0.1938765475351829,0.20292759640142322,0.2005995763465762,0.2056492312112823,0.16748271672986448,0.21020406926982105,0.20031059032771736,0.16301368293352425,0.13174031302332878,0.13496202265378088,0.12646351801231503,0.14157970121596009,0.12582949409261346,0.12048959103412926,0.11425112577853724,0.11492161790374666,0.11226628121221438,0.11061183316633105,0.10797218047082424,0.10606845910660923,0.10438167839311063,0.10286509350407869,0.10150010569486767,0.1002746265148744,0.0991792906424962,0.0982069356541615,0.09735118178650737,0.0966071201255545,0.09597012319136411,0.095437130657956,0.09500453915097751,0.09467065232456662,0.09443330578505993,0.09429144469322637,0.09424424171447754,0.09429144469322637,0.09443330578505993,0.09467065232456662,0.09500453915097751,0.095437130657956,0.09597012319136411,0.0966071201255545,0.09735118178650737,0.0982069356541615,0.0991792906424962,0.1002746265148744,0.10150010569486767,0.10286509350407869,0.10438167839311063,0.10606845910660923,0.10797218047082424,0.11061183316633105,0.11226628121221438,0.11492161790374666,0.11425112577853724,0.12048959103412926,0.12582949409261346,0.14157970121596009,0.12646351801231503,0.13496202265378088,0.13174031302332878,0.16301368293352425,0.20031059032771736,0.21020406926982105,0.16748271672986448,0.2056492312112823,0.2005995763465762,0.20292759640142322,0.1938765475351829,0.22247469588182867,0.22332929796539247,0.23447518842294812,0.291156419320032,0.34809082420542836,0.32674846705049276,0.41740574524737895,0.4128838423639536,0.4555404521524906,0.6028904845006764,0.865561312995851,1.0377330891788006,1.309558997862041,2.35686919093132,7.343901559710503
5.35283162817359,6.832110904157162,4.033099375665188,1.9473721757531166,1.5609572473913431,1.3136931052431464,1.0879402216523886,0.9234832655638456,0.70984872803092,0.7701510898768902,0.637401333078742,0.5790583873167634,0.5402291240170598,0.49081413075327873,0.4500935571268201,0.4237685250118375,0.40236229076981544,0.3952946737408638,0.36493501672521234,0.3636823915876448,0.3287416798993945,0.34246044233441353,0.297755328938365,0.3125559398904443,0.2754336097277701,0.2694866107776761,0.2585697742179036,0.26098937168717384,0.24881938379257917,0.24633635580539703,0.23922383273020387,0.23235731944441795,0.22662564041092992,0.22233976004645228,0.21797327185049653,0.21458241529762745,0.2113339281640947,0.20835601957514882,0.205652532633394,0.20321383653208613,0.20102808251976967,0.19908373150974512,0.19737036246806383,0.19587885309010744,0.19460151391103864,0.19353148387745023,0.19266329798847437,0.1919925706461072,0.19151579262688756,0.1912307790480554,0.19113579858094454,0.1912307790480554,0.19151579262688756,0.1919925706461072,0.19266329798847437,0.19353148387745023,0.19460151391103864,0.19587885309010744,0.19737036246806383,0.19908373150974512,0.20102808251976967,0.20321383653208613,0.205652532633394,0.20835601957514882,0.2113339281640947,0.21458241529762745,0.21797327185049653,0.22233976004645228,0.22662564041092992,0.23235731944441795,0.23922383273020387,0.24633635580539703,0.24881938379257917,0.26098937168717384,0.2585697742179036,0.2694866107776761,0.2754336097277701,0.3125559398904443,0.297755328938365,0.34246044233441353,0.3287416798993945,0.3636823915876448,0.36493501672521234,0.3952946737408638,0.40236229076981544,0.4237685250118375,0.4500935571268201,0.49081413075327873,0.5402291240170598,0.5790583873167634,0.637401333078742,0.7701510898768902,0.70984872803092,0.9234832655638456,1.0879402216523886,1.3136931052431464,1.5609572473913431,1.9473721757531166,4.033099375665188,6.832110904157162
9.979653492569923,7.106532916426659,1.654283868148923,1.2713913274928927,0.9827952194027603,0.7717416575178504,0.6344713740982115,0.5330544216558337,0.5058019524440169,0.4187909928150475,0.3226773040369153,0.38050778582692146,0.2970130518078804,0.27206685161218047,0.2486123889684677,0.23326423577964306,0.21107035176828504,0.21998769184574485,0.2017593674827367,0.19940006383694708,0.1907213480444625,0.23142617288976908,0.21116719581186771,0.1951604876667261,0.15594295086339116,0.1411647133063525,0.14675788034219295,0.13609932595863938,0.12780793418642133,0.12274639995303005,0.12338121625361964,0.12229736376320943,0.12090907245874405,0.116779740084894,0.11540298303589225,0.11306360922753811,0.1112533682025969,0.10965871973894536,0.1082309982739389,0.10695049131754786,0.10580602160189301,0.10478910990059376,0.10389377945102751,0.10311454068869352,0.10244697507005185,0.10188791109248996,0.1014343611896038,0.10108385991770774,0.10083476651925594,0.1006857791217044,0.10063624382019043,0.1006857791217044,0.10083476651925594,0.10108385991770774,0.1014343611896038,0.10188791109248996,0.10244697507005185,0.10311454068869352,0.10389377945102751,0.10478910990059376,0.10580602160189301,0.10695049131754786,0.1082309982739389,0.10965871973894536,0.1112533682025969,0.11306360922753811,0.11540298303589225,0.116779740084894,0.12090907245874405,0.12229736376320943,0.12338121625361964,0.12274639995303005,0.12780793418642133,0.13609932595863938,0.14675788034219295,0.1411647133063525,0.15594295086339116,0.1951604876667261,0.21116719581186771,0.23142617288976908,0.1907213480444625,0.19940006383694708,0.2017593674827367,0.21998769184574485,0.21107035176828504,0.23326423577964306,0.2486123889684677,0.27206685161218047,0.2970130518078804,0.38050778582692146,0.3226773040369153,0.4187909928150475,0.5058019524440169,0.5330544216558337,0.6344713740982115,0.7717416575178504,0.9827952194027603,1.2713913274928927,1.654283868148923,7.106532916426659
6.697833605110645,5.897721417248249,1.7229132391512394,1.0695873778313398,0.668085590004921,0.7634487878531218,0.5762613452970982,0.4776825769804418,0.45109682925976813,0.3568754717707634,0.2970054817851633,0.30466872290708125,0.2390662047546357,0.2193755202461034,0.20519490027800202,0.1968571946490556,0.19065039744600654,0.1776127857156098,0.1731476221466437,0.15318370086606592,0.1687811448937282,0.1835668523563072,0.2070050420006737,0.16227439534850419,0.12287958076922223,0.11869348562322557,0.13270559150259942,0.10995902330614626,0.10447288723662496,0.10060560749843717,0.09512322419323027,0.096659584203735,0.09270008842577226,0.09137494312017225,0.08951519576658029,0.08824749167251866,0.08699399603938218,0.08583786391682224,0.08478310926875565,0.08382784071727656,0.08296835141663905,0.08220160233031493,0.08152420882834122,0.08093313605786534,0.08042607747483999,0.08000060020276578,0.07965518817218253,0.07938796410599025,0.07919789540756028,0.0790842443384463,0.07904632017016411,0.0790842443384463,0.07919789540756028,0.07938796410599025,0.07965518817218253,0.08000060020276578,0.08042607747483999,0.08093313605786534,0.08152420882834122,0.08220160233031493,0.08296835141663905,0.08382784071727656,0.08478310926875565,0.08583786391682224,0.08699399603938218,0.08824749167251866,0.08951519576658029,0.09137494312017225,0.09270008842577226,0.096659584203735,0.09512322419323027,0.10060560749843717,0.10447288723662496,0.10995902330614626,0.13270559150259942,0.11869348562322557,0.12287958076922223,0.16227439534850419,0.2070050420006737,0.1835668523563072,0.1687811448937282,0.15318370086606592,0.1731476221466437,0.1776127857156098,0.19065039744600654,0.1968571946490556,0.20519490027800202,0.2193755202461034,0.2390662047546357,0.30466872290708125,0.2970054817851633,0.3568754717707634,0.45109682925976813,0.4776825769804418,0.5762613452970982,0.7634487878531218,0.668085590004921,1.0695873778313398,1.7229132391512394,5.897721417248249
5.331723163835704,5.596859275945462,1.776774507947266,1.219158380292356,0.803499162197113,0.7434427049010992,0.6215805429965258,0.49276992212980986,0.41103140148334205,0.4243688127025962,0.3712661643512547,0.4171956265345216,0.24756813293788582,0.24916164739988744,0.23085881036240608,0.22273431275971234,0.21192924678325653,0.19041266571730375,0.1914757713675499,0.16905348480213434,0.2179759000428021,0.1834381207008846,0.20847102242987603,0.20858053723350167,0.16234657354652882,0.14789457968436182,0.12535758689045906,0.13584712138981558,0.11560209303570446,0.1154142635059543,0.11377796600572765,0.1129809933481738,0.11154680798063055,0.10769618389895186,0.10683357482776046,0.10493962082546204,0.10332085459958762,0.10186673584394157,0.10055532515980303,0.09937551384791732,0.09831898100674152,0.09737951523857191,0.09655158710666001,0.09583069512154907,0.09521327883703634,0.09469600877491757,0.09427604003576562,0.09395161742577329,0.09372098982566968,0.09358309709932655,0.09353717835620046,0.09358309709932655,0.09372098982566968,0.09395161742577329,0.09427604003576562,0.09469600877491757,0.09521327883703634,0.09583069512154907,0.09655158710666001,0.09737951523857191,0.09831898100674152,0.09937551384791732,0.10055532515980303,0.10186673584394157,0.10332085459958762,0.10493962082546204,0.10683357482776046,0.10769618389895186,0.11154680798063055,0.1129809933481738,0.11377796600572765,0.1154142635059543,0.11560209303570446,0.13584712138981558,0.12535758689045906,0.14789457968436182,0.16234657354652882,0.20858053723350167,0.20847102242987603,0.1834381207008846,0.2179759000428021,0.16905348480213434,0.1914757713675499,0.19041266571730375,0.21192924678325653,0.22273431275971234,0.23085881036240608,0.24916164739988744,0.24756813293788582,0.4171956265345216,0.3712661643512547,0.4243688127025962,0.41103140148334205,0.49276992212980986,0.6215805429965258,0.7434427049010992,0.803499162197113,1.219158380292356,1.776774507947266,5.596859275945462
5.946398086845875,5.003353867679834,2.078122029080987,1.2665578369051218,0.9388123862445354,0.8738990221172571,0.5884260172024369,0.536404269747436,0.4967050962150097,0.44943760288879275,0.3998405244201422,0.38665500935167074,0.38818922359496355,0.2942773913964629,0.26700596790760756,0.22835810342803597,0.23858234088402241,0.2367842961102724,0.2207456601317972,0.2004534883890301,0.20047163253184408,0.2484958191635087,0.26487683271989226,0.22072470257990062,0.19626378151588142,0.16295677609741688,0.1493043639929965,0.18034572259057313,0.149023431353271,0.14065603644121438,0.14454500644933432,0.13139690208481625,0.13320684872451238,0.1283556770940777,0.12592091114493087,0.12386437223176472,0.12191585020627826,0.12012999670696445,0.11850987843354233,0.11705028705182485,0.11574374744668603,0.11458295333432034,0.11356134703964926,0.11267299999599345,0.11191291900468059,0.11127661263162736,0.11076071484421846,0.11036235299252439,0.11007928992330562,0.10991011330042966,0.10985387954860926,0.10991011330042966,0.11007928992330562,0.11036235299252439,0.11076071484421846,0.11127661263162736,0.11191291900468059,0.11267299999599345,0.11356134703964926,0.11458295333432034,0.11574374744668603,0.11705028705182485,0.11850987843354233,0.12012999670696445,0.12191585020627826,0.12386437223176472,0.12592091114493087,0.1283556770940777,0.13320684872451238,0.13139690208481625,0.14454500644933432,0.14065603644121438,0.149023431353271,0.18034572259057313,0.1493043639929965,0.16295677609741688,0.19626378151588142,0.22072470257990062,0.26487683271989226,0.2484958191635087,0.20047163253184408,0.2004534883890301,0.2207456601317972,0.2367842961102724,0.23858234088402241,0.22835810342803597,0.26700596790760756,0.2942773913964629,0.38818922359496355,0.38665500935167074,0.3998405244201422,0.44943760288879275,0.4967050962150097,0.536404269747436,0.5884260172024369,0.8738990221172571,0.9388123862445354,1.2665578369051218,2.078122029080987,5.003353867679834
7.314268618822098,4.779015973210335,2.255779765546322,1.3937637694180012,1.0105881541967392,0.8119204728864133,0.7409545604605228,0.5178076038137078,0.5022313590161502,0.4671033872291446,0.4239446120336652,0.4104964155703783,0.32103968504816294,0.26496124267578125,0.22529350128024817,0.21385638020001352,0.2053508402314037,0.2177408174611628,0.2173124437686056,0.2188296914100647,0.24933558725751936,0.2589936105068773,0.2132399594411254,0.20914098096545786,0.16001561132725328,0.14480244857259095,0.1424047057516873,0.14947527094045654,0.12959736539050937,0.12484086077893153,0.12177983456058428,0.12001926644006744,0.11810199113097042,0.11536812176927924,0.11315290391212329,0.11136781121604145,0.10971526853973046,0.10821189964190125,0.10684947925619781,0.10561989748384804,0.10451685526641086,0.10353432840202004,0.10266750562004745,0.10191239998675883,0.10126480221515521,0.10072201554430649,0.100281294551678,0.09994068375090137,0.09969843894941732,0.09955359756713733,0.09950542449951172,0.09955359756713733,0.09969843894941732,0.09994068375090137,0.100281294551678,0.10072201554430649,0.10126480221515521,0.10191239998675883,0.10266750562004745,0.10353432840202004,0.10451685526641086,0.10561989748384804,0.10684947925619781,0.10821189964190125,0.10971526853973046,0.11136781121604145,0.11315290391212329,0.11536812176927924,0.11810199113097042,0.12001926644006744,0.12177983456058428,0.12484086077893153,0.12959736539050937,0.14947527094045654,0.1424047057516873,0.14480244857259095,0.16001561132725328,0.20914098096545786,0.2132399594411254,0.2589936105068773,0.24933558725751936,0.2188296914100647,0.2173124437686056,0.2177408174611628,0.2053508402314037,0.21385638020001352,0.22529350128024817,0.26496124267578125,0.32103968504816294,0.4104964155703783,0.4239446120336652,0.4671033872291446,0.5022313590161502,0.5178076038137078,0.7409545604605228,0.8119204728864133,1.0105881541967392,1.3937637694180012,2.255779765546322,4.779015973210335
11.32771897315979,4.847913101315498,2.146941665560007,1.4541464932262897,1.4789625946432352,1.0894998935982585,1.2759404070675373,0.7533943112939596,0.4841213533654809,0.38549713423708454,0.42945271730422974,0.28971133497543633,0.2716356616001576,0.3218172383494675,0.22663607681170106,0.21002574102021754,0.2356191724538803,0.19950301805511117,0.21389170124894008,0.2046636700979434,0.21777798794209957,0.24191471561789513,0.19407789106480777,0.2104924064478837,0.171280934009701,0.1589099147822708,0.14744640921708196,0.1537273800931871,0.1462677241070196,0.12473461835179478,0.1268511724192649,0.12311731406953186,0.11203319253399968,0.11266359244473279,0.11307995917741209,0.11066374054644257,0.10878921544644982,0.10712902585510164,0.10564175364561379,0.10430984175764024,0.10312191513366997,0.10206903959624469,0.10114404500927776,0.10034059127792716,0.09965381573420018,0.09907936956733465,0.09861390409059823,0.09825463488232344,0.09799938811920583,0.09784688020590693,0.09779603034257889,0.09784688020590693,0.09799938811920583,0.09825463488232344,0.09861390409059823,0.09907936956733465,0.09965381573420018,0.10034059127792716,0.10114404500927776,0.10206903959624469,0.10312191513366997,0.10430984175764024,0.10564175364561379,0.10712902585510164,0.10878921544644982,0.11066374054644257,0.11307995917741209,0.11266359244473279,0.11203319253399968,0.12311731406953186,0.1268511724192649,0.12473461835179478,0.1462677241070196,0.1537273800931871,0.14744640921708196,0.1589099147822708,0.171280934009701,0.2104924064478837,0.19407789106480777,0.24191471561789513,0.21777798794209957,0.2046636700979434,0.21389170124894008,0.19950301805511117,0.2356191724538803,0.21002574102021754,0.22663607681170106,0.3218172383494675,0.2716356616001576,0.28971133497543633,0.42945271730422974,0.38549713423708454,0.4841213533654809,0.7533943112939596,1.2759404070675373,1.0894998935982585,1.4789625946432352,1.4541464932262897,2.146941665560007,4.847913101315498
12.409177242778242,8.671645835042,4.277941329404712,2.1037665978074074,2.0712174102663994,1.628614492714405,1.0182965621352196,1.212216880172491,0.7150147501379251,0.5662109483964741,0.4938996182754636,0.3796915328130126,0.43236437113955617,0.3538157537113875,0.2864218852482736,0.2568195287603885,0.224539885064587,0.2140723232878372,0.2311251382343471,0.2538847988471389,0.21608170703984797,0.29569798591546714,0.26485185557976365,0.22482778504490852,0.18844561255536973,0.18145028874278069,0.16097083105705678,0.1737685021944344,0.1415174836292863,0.13583597471006215,0.13974010082893074,0.13875376794021577,0.130728559801355,0.1285713241668418,0.12455496890470386,0.12212665705010295,0.12009033374488354,0.11828885157592595,0.11667905980721116,0.11523960833437741,0.11395694245584309,0.11282032099552453,0.11182186123915017,0.11095452378503978,0.11021293874364346,0.1095926109701395,0.10908971610479057,0.10870151582639664,0.10842567449435592,0.10826084250584245,0.10820621531456709,0.10826084250584245,0.10842567449435592,0.10870151582639664,0.10908971610479057,0.1095926109701395,0.11021293874364346,0.11095452378503978,0.11182186123915017,0.11282032099552453,0.11395694245584309,0.11523960833437741,0.11667905980721116,0.11828885157592595,0.12009033374488354,0.12212665705010295,0.12455496890470386,0.1285713241668418,0.130728559801355,0.13875376794021577,0.13974010082893074,0.13583597471006215,0.1415174836292863,0.1737685021944344,0.16097083105705678,0.18145028874278069,0.18844561255536973,0.22482778504490852,0.26485185557976365,0.29569798591546714,0.21608170703984797,0.2538847988471389,0.2311251382343471,0.2140723232878372,0.224539885064587,0.2568195287603885,0.2864218852482736,0.3538157537113875,0.43236437113955617,0.3796915328130126,0.4938996182754636,0.5662109483964741,0.7150147501379251,1.212216880172491,1.0182965621352196,1.628614492714405,2.0712174102663994,2.1037665978074074,4.277941329404712,8.671645835042
14.334002822637558,10.314858868718147,3.7570204064249992,1.711333278566599,1.5218115895986557,1.1289062537252903,0.752280286513269,0.5217660930939019,0.48995201755315065,0.39185423008166254,0.35681307036429644,0.39961807942017913,0.2750518973916769,0.2505847020074725,0.2103958462830633,0.1890453991945833,0.1872647792333737,0.19201600551605225,0.15917518368223682,0.1646448437240906,0.188648434355855,0.23143277480266988,0.2126029897481203,0.19384264491964132,0.1574549472425133,0.13201601430773735,0.13107080047484487,0.10761607118183747,0.1053940046695061,0.08591098012402654,0.09138382552191615,0.08941512455930933,0.08277412183815613,0.08817621087655425,0.08204166511131916,0.07984837227559183,0.07825648084690329,0.07691560356761329,0.07574715073860716,0.07471773930592462,0.07380910687788855,0.07300911199126858,0.0723095215507783,0.07170386156940367,0.07118715383694507,0.07075566356797935,0.07040634575241711,0.07013685099809663,0.06994540105370106,0.06983103192760609,0.06979311257600784,0.06983103192760609,0.06994540105370106,0.07013685099809663,0.07040634575241711,0.07075566356797935,0.07118715383694507,0.07170386156940367,0.0723095215507783,0.07300911199126858,0.07380910687788855,0.07471773930592462,0.07574715073860716,0.07691560356761329,0.07825648084690329,0.07984837227559183,0.08204166511131916,0.08817621087655425,0.08277412183815613,0.08941512455930933,0.09138382552191615,0.08591098012402654,0.1053940046695061,0.10761607118183747,0.13107080047484487,0.13201601430773735,0.1574549472425133,0.19384264491964132,0.2126029897481203,0.23143277480266988,0.188648434355855,0.1646448437240906,0.15917518368223682,0.19201600551605225,0.1872647792333737,0.1890453991945833,0.2103958462830633,0.2505847020074725,0.2750518973916769,0.39961807942017913,0.35681307036429644,0.39185423008166254,0.48995201755315065,0.5217660930939019,0.752280286513269,1.1289062537252903,1.5218115895986557,1.711333278566599,3.7570204064249992,10.314858868718147
13.640946328639984,8.487048372626305,3.0598790422081947,1.7327651306986809,1.0980768539011478,0.8098586294800043,0.5887664668262005,0.5240762047469616,0.40870422683656216,0.3848625738173723,0.3484630575403571,0.3683807388879359,0.2883265735581517,0.2133468866813928,0.22787096013780683,0.20329604286234826,0.189342831261456,0.17560115485684946,0.17080378823447973,0.2166189036797732,0.14193749777041376,0.25735013419762254,0.21138178138062358,0.18608368653804064,0.13696760777384043,0.1252512417268008,0.13452980923466384,0.1431397614069283,0.11083421902731061,0.10724630241747946,0.10380653676111251,0.10173855174798518,0.09977429616264999,0.09519373823422939,0.09347987675573677,0.09191027341876179,0.09042483358643949,0.08907612529583275,0.08785929682198912,0.08676645898958668,0.08579004206694663,0.08492353395558894,0.08416174846934155,0.08349945163354278,0.08293300576042384,0.08245887287193909,0.08207474288064986,0.08177801186684519,0.08156721701379865,0.0814413190819323,0.08139930292963982,0.0814413190819323,0.08156721701379865,0.08177801186684519,0.08207474288064986,0.08245887287193909,0.08293300576042384,0.08349945163354278,0.08416174846934155,0.08492353395558894,0.08579004206694663,0.08676645898958668,0.08785929682198912,0.08907612529583275,0.09042483358643949,0.09191027341876179,0.09347987675573677,0.09519373823422939,0.09977429616264999,0.10173855174798518,0.10380653676111251,0.10724630241747946,0.11083421902731061,0.1431397614069283,0.13452980923466384,0.1252512417268008,0.13696760777384043,0.18608368653804064,0.21138178138062358,0.25735013419762254,0.14193749777041376,0.2166189036797732,0.17080378823447973,0.17560115485684946,0.189342831261456,0.20329604286234826,0.22787096013780683,0.2133468866813928,0.2883265735581517,0.3683807388879359,0.3484630575403571,0.3848625738173723,0.40870422683656216,0.5240762047469616,0.5887664668262005,0.8098586294800043,1.0980768539011478,1.7327651306986809,3.0598790422081947,8.487048372626305
12.295114112086594,7.208064407110214,3.005371645092964,1.771522268652916,1.140336075797677,0.9587101135402918,0.6307375794276595,0.47669707355089486,0.4637066009454429,0.3912590479012579,0.38275688933208585,0.3793570806737989,0.28835107991471887,0.24146805598866194,0.2765001645311713,0.2203799452399835,0.20981127466075122,0.17687400126305874,0.19320684392005205,0.19730493146926165,0.15215087990509346,0.1938377171754837,0.25305186584591866,0.17355158808641136,0.14428445976227522,0.13830360723659396,0.1448769352864474,0.1229243214474991,0.1193298136931844,0.11514560048817657,0.11337409069528803,0.11555939837126061,0.11188973259413615,0.10480315255699679,0.10524867160711437,0.10332929017022252,0.1016841416421812,0.10020578908734024,0.09887261933181435,0.09767355846997816,0.09660059773887042,0.09564655550639145,0.09480608168814797,0.0940740360529162,0.0934465606478625,0.09292020818975288,0.09249266825645464,0.09216175788606051,0.09192599703237647,0.09178474620057386,0.09173760376870632,0.09178474620057386,0.09192599703237647,0.09216175788606051,0.09249266825645464,0.09292020818975288,0.0934465606478625,0.0940740360529162,0.09480608168814797,0.09564655550639145,0.09660059773887042,0.09767355846997816,0.09887261933181435,0.10020578908734024,0.1016841416421812,0.10332929017022252,0.10524867160711437,0.10480315255699679,0.11188973259413615,0.11555939837126061,0.11337409069528803,0.11514560048817657,0.1193298136931844,0.1229243214474991,0.1448769352864474,0.13830360723659396,0.14428445976227522,0.17355158808641136,0.25305186584591866,0.1938377171754837,0.15215087990509346,0.19730493146926165,0.19320684392005205,0.17687400126305874,0.20981127466075122,0.2203799452399835,0.2765001645311713,0.24146805598866194,0.28835107991471887,0.3793570806737989,0.38275688933208585,0.3912590479012579,0.4637066009454429,0.47669707355089486,0.6307375794276595,0.9587101135402918,1.140336075797677,1.771522268652916,3.005371645092964,7.208064407110214
13.019639894366264,5.700230836868286,2.5849162731319666,1.0948096960783005,0.9500081846490502,0.5278056836687028,0.5025659715756774,0.4268730287440121,0.347296517342329,0.4150131903588772,0.3135279177222401,0.32025861367583275,0.24945280188694596,0.22009078785777092,0.21615488943643868,0.1843985051382333,0.17620763776358217,0.1724028631579131,0.15764989552553743,0.15304076788015664,0.15738989389501512,0.17223481775727123,0.14862883044406772,0.14725733711384237,0.12179663043934852,0.11746432329528034,0.1067495287861675,0.11355681892018765,0.0999743125285022,0.09845832618884742,0.09667650234041503,0.09334725406370126,0.09056412655627355,0.087601294828346,0.08623659503064118,0.08487251354381442,0.0835873881005682,0.08240433392347768,0.08132678823312744,0.08035236861906014,0.07947779219830409,0.07869914064940531,0.07801243819994852,0.07741451836773194,0.07690222575911321,0.0764730440423591,0.07612461506505497,0.07585554038814735,0.07566422683885321,0.07554982496367302,0.07551168650388718,0.07554982496367302,0.07566422683885321,0.07585554038814735,0.07612461506505497,0.0764730440423591,0.07690222575911321,0.07741451836773194,0.07801243819994852,0.07869914064940531,0.07947779219830409,0.08035236861906014,0.08132678823312744,0.08240433392347768,0.0835873881005682,0.08487251354381442,0.08623659503064118,0.087601294828346,0.09056412655627355,0.09334725406370126,0.09667650234041503,0.09845832618884742,0.0999743125285022,0.11355681892018765,0.1067495287861675,0.11746432329528034,0.12179663043934852,0.14725733711384237,0.14862883044406772,0.17223481775727123,0.15738989389501512,0.15304076788015664,0.15764989552553743,0.1724028631579131,0.17620763776358217,0.1843985051382333,0.21615488943643868,0.22009078785777092,0.24945280188694596,0.32025861367583275,0.3135279177222401,0.4150131903588772,0.347296517342329,0.4268730287440121,0.5025659715756774,0.5278056836687028,0.9500081846490502,1.0948096960783005,2.5849162731319666,5.700230836868286
12.560729205608368,5.386748597025871,2.3759208787232637,1.497774213552475,0.8953661175910383,0.7164429817348719,0.495908051263541,0.4660597851034254,0.4597282991744578,0.38911553053185344,0.34249942656606436,0.3012114737648517,0.28133908356539905,0.26394570618867874,0.23446798650547862,0.23331293440423906,0.19715213403105736,0.20597225241363049,0.1904167567845434,0.19390903285238892,0.19116785656660795,0.1815568266902119,0.1626632724655792,0.15665822674054652,0.1282753540435806,0.12919522356241941,0.11802828905638307,0.13047109579201788,0.1194245551014319,0.11395447433460504,0.11171572544844821,0.10924268077360466,0.1060742482659407,0.10337529104435816,0.1016551872016862,0.10006784976576455,0.09860346591449343,0.09725717356195673,0.0960302099265391,0.09491933121171314,0.09392115435912274,0.09303122806886677,0.0922457766282605,0.09156086122675333,0.09097385332279373,0.09048172646726016,0.09008211283071432,0.08977324879379012,0.08955355065700132,0.08942219108575955,0.08937866240739822,0.08942219108575955,0.08955355065700132,0.08977324879379012,0.09008211283071432,0.09048172646726016,0.09097385332279373,0.09156086122675333,0.0922457766282605,0.09303122806886677,0.09392115435912274,0.09491933121171314,0.0960302099265391,0.09725717356195673,0.09860346591449343,0.10006784976576455,0.1016551872016862,0.10337529104435816,0.1060742482659407,0.10924268077360466,0.11171572544844821,0.11395447433460504,0.1194245551014319,0.13047109579201788,0.11802828905638307,0.12919522356241941,0.1282753540435806,0.15665822674054652,0.1626632724655792,0.1815568266902119,0.19116785656660795,0.19390903285238892,0.1904167567845434,0.20597225241363049,0.19715213403105736,0.23331293440423906,0.23446798650547862,0.26394570618867874,0.28133908356539905,0.3012114737648517,0.34249942656606436,0.38911553053185344,0.4597282991744578,0.4660597851034254,0.495908051263541,0.7164429817348719,0.8953661175910383,1.497774213552475,2.3759208787232637,5.386748597025871
11.842936262488365,5.541378324851394,2.6149010080844164,1.1892493646591902,1.0671680457890034,0.6806237369310111,0.6401838213205338,0.4996644982602447,0.41091683646664023,0.3494066309649497,0.37611405178904533,0.32715317932888865,0.2799990631174296,0.23840080853551626,0.22669621976092458,0.22649835469201207,0.19614610401913524,0.18834113609045744,0.19031300209462643,0.1663887487957254,0.18068925943225622,0.18714857660233974,0.1598034123890102,0.1559844165458344,0.14464792975923046,0.1255176397971809,0.1316935729701072,0.131759078707546,0.11759326938772574,0.11689026711974293,0.11381409264868125,0.1136033856892027,0.11211315006949008,0.10625498124863952,0.10536999360192567,0.10369197305408306,0.10213525698054582,0.10070946952328086,0.09941458408138715,0.09824526307056658,0.09719653986394405,0.09626284331898205,0.09543964770273305,0.09472258371533826,0.09410842228680849,0.09359363166731782,0.09317577426554635,0.09285301005002111,0.09262349025812,0.09248626307817176,0.09244047850370407,0.09248626307817176,0.09262349025812,0.09285301005002111,0.09317577426554635,0.09359363166731782,0.09410842228680849,0.09472258371533826,0.09543964770273305,0.09626284331898205,0.09719653986394405,0.09824526307056658,0.09941458408138715,0.10070946952328086,0.10213525698054582,0.10369197305408306,0.10536999360192567,0.10625498124863952,0.11211315006949008,0.1136033856892027,0.11381409264868125,0.11689026711974293,0.11759326938772574,0.131759078707546,0.1316935729701072,0.1255176397971809,0.14464792975923046,0.1559844165458344,0.1598034123890102,0.18714857660233974,0.18068925943225622,0.1663887487957254,0.19031300209462643,0.18834113609045744,0.19614610401913524,0.22649835469201207,0.22669621976092458,0.23840080853551626,0.2799990631174296,0.32715317932888865,0.37611405178904533,0.3494066309649497,0.41091683646664023,0.4996644982602447,0.6401838213205338,0.6806237369310111,1.0671680457890034,1.1892493646591902,2.6149010080844164,5.541378324851394
13.046026512980461,5.026660777628422,2.277189016342163,1.121711803600192,0.8549639442935586,0.6726882222574204,0.4931894592009485,0.568616540171206,0.4385788489598781,0.396062423940748,0.35595093364827335,0.3042758572846651,0.2800783133134246,0.229365439619869,0.27178085036575794,0.21108110807836056,0.18618423386942595,0.19085901486687362,0.17962123139295727,0.18356939195655286,0.16729235835373402,0.15914379176683724,0.17022434039972723,0.1558591845096089,0.1368731145048514,0.12052274966845289,0.12873816245701164,0.12050035130232573,0.11808215139899403,0.11465631978353485,0.11255644267657772,0.10755324581987225,0.10553049563895911,0.1047480883426033,0.10207676966092549,0.10053506641997956,0.0990210026211571,0.09763311204733327,0.09637339020264335,0.0952371415332891,0.094218383601401,0.09331212358665653,0.09251338135800324,0.09181799252110068,0.091222265837132,0.09072325432498474,0.0903182975598611,0.090005425925483,0.08978300864691846,0.08965000443276949,0.08960586786270142,0.08965000443276949,0.08978300864691846,0.090005425925483,0.0903182975598611,0.09072325432498474,0.091222265837132,0.09181799252110068,0.09251338135800324,0.09331212358665653,0.094218383601401,0.0952371415332891,0.09637339020264335,0.09763311204733327,0.0990210026211571,0.10053506641997956,0.10207676966092549,0.1047480883426033,0.10553049563895911,0.10755324581987225,0.11255644267657772,0.11465631978353485,0.11808215139899403,0.12050035130232573,0.12873816245701164,0.12052274966845289,0.1368731145048514,0.1558591845096089,0.17022434039972723,0.15914379176683724,0.16729235835373402,0.18356939195655286,0.17962123139295727,0.19085901486687362,0.18618423386942595,0.21108110807836056,0.27178085036575794,0.229365439619869,0.2800783133134246,0.3042758572846651,0.35595093364827335,0.396062423940748,0.4385788489598781,0.568616540171206,0.4931894592009485,0.6726882222574204,0.8549639442935586,1.121711803600192,2.277189016342163,5.026660777628422
12.565237164497375,4.265259608626366,1.3101475350558758,0.9179320074617863,0.5032600564882159,0.3480220688506961,0.3417716366238892,0.3002798450179398,0.2776261200197041,0.23706424131523818,0.22665143199265003,0.17554081440903246,0.1553005634341389,0.14430183498188853,0.13726025680080056,0.11249129212228581,0.10831084282835945,0.10769249335862696,0.0919509957311675,0.10146212193649262,0.09782292111776769,0.0948671301594004,0.10191050509456545,0.10429185337852687,0.07686375681078061,0.07229686685604975,0.07289665285497904,0.06794884585542604,0.06348795522353612,0.06236523945699446,0.060198817402124405,0.05914598854724318,0.05896928351285169,0.05658152807154693,0.05593556367966812,0.05502746001002379,0.05420495085127186,0.05345370003487915,0.05277130192553159,0.052155247118207626,0.051602286999695934,0.05111020132608246,0.0506760491989553,0.05029807447863277,0.04997402064327616,0.04970224728458561,0.049481968046166,0.04931165321613662,0.04919051112665329,0.04911815382365603,0.04909393563866615,0.04911815382365603,0.04919051112665329,0.04931165321613662,0.049481968046166,0.04970224728458561,0.04997402064327616,0.05029807447863277,0.0506760491989553,0.05111020132608246,0.051602286999695934,0.052155247118207626,0.05277130192553159,0.05345370003487915,0.05420495085127186,0.05502746001002379,0.05593556367966812,0.05658152807154693,0.05896928351285169,0.05914598854724318,0.060198817402124405,0.06236523945699446,0.06348795522353612,0.06794884585542604,0.07289665285497904,0.07229686685604975,0.07686375681078061,0.10429185337852687,0.10191050509456545,0.0948671301594004,0.09782292111776769,0.10146212193649262,0.0919509957311675,0.10769249335862696,0.10831084282835945,0.11249129212228581,0.13726025680080056,0.14430183498188853,0.1553005634341389,0.17554081440903246,0.22665143199265003,0.23706424131523818,0.2776261200197041,0.3002798450179398,0.3417716366238892,0.3480220688506961,0.5032600564882159,0.9179320074617863,1.3101475350558758,4.265259608626366
13.490506023168564,4.604009330272675,1.5175659377127886,0.8779051024466753,0.7793010966852307,0.5974637968465686,0.4460541857406497,0.41070258361287415,0.3300370145589113,0.30332188587635756,0.33829222805798054,0.2704830626025796,0.2555230822181329,0.22236839414108545,0.18063058354891837,0.18023297423496842,0.18824527692049742,0.1585428591351956,0.15010630921460688,0.1461034513777122,0.13810634310357273,0.14294060599058867,0.1526510682888329,0.12878242786973715,0.12002679461147636,0.115832329262048,0.11210088492953219,0.10591466596815735,0.10293069522595033,0.10134942078730091,0.09870852628955618,0.0962745524593629,0.09510807052720338,0.09379597980296239,0.09185406967299059,0.09018469537841156,0.08875844115391374,0.08748170651961118,0.08633333939360455,0.0853023921372369,0.08438037009909749,0.08356148225720972,0.0828405775828287,0.0822135308990255,0.08167650015093386,0.08122698497027159,0.08086230949265882,0.0805805535055697,0.08038034883793443,0.08026057126699015,0.08022090792655945,0.08026057126699015,0.08038034883793443,0.0805805535055697,0.08086230949265882,0.08122698497027159,0.08167650015093386,0.0822135308990255,0.0828405775828287,0.08356148225720972,0.08438037009909749,0.0853023921372369,0.08633333939360455,0.08748170651961118,0.08875844115391374,0.09018469537841156,0.09185406967299059,0.09379597980296239,0.09510807052720338,0.0962745524593629,0.09870852628955618,0.10134942078730091,0.10293069522595033,0.10591466596815735,0.11210088492953219,0.115832329262048,0.12002679461147636,0.12878242786973715,0.1526510682888329,0.14294060599058867,0.13810634310357273,0.1461034513777122,0.15010630921460688,0.1585428591351956,0.18824527692049742,0.18023297423496842,0.18063058354891837,0.22236839414108545,0.2555230822181329,0.2704830626025796,0.33829222805798054,0.30332188587635756,0.3300370145589113,0.41070258361287415,0.4460541857406497,0.5974637968465686,0.7793010966852307,0.8779051024466753,1.5175659377127886,4.604009330272675
11.770249769091606,4.520773321390152,1.4580582436174154,0.8309188112616539,0.578073272947222,0.43536627921275795,0.39308613585308194,0.32452265196479857,0.2357497459743172,0.23890922544524074,0.21668902318924665,0.2199532554950565,0.19646796281449497,0.1520931867416948,0.1643158260267228,0.13374752458184958,0.12364206480560824,0.11279512752662413,0.11083930393215269,0.1170879858545959,0.10223682061769068,0.11004875623621047,0.0937619410105981,0.09521449508611113,0.08446357538923621,0.08383642230182886,0.0804214769450482,0.07653624203521758,0.07379497605143115,0.07124924848903902,0.06882664299337193,0.06639878542773658,0.06639643659582362,0.06526430736994371,0.06429042326635681,0.0631053171819076,0.062100562325213104,0.06120230778469704,0.06039475349825807,0.059669852518709376,0.05902188835898414,0.058446602313779294,0.057940071914345026,0.05749967522569932,0.05712268193019554,0.05680680202203803,0.05655096471309662,0.05635314789833501,0.056212602445157245,0.0561285340518225,0.056100428104400635,0.0561285340518225,0.056212602445157245,0.05635314789833501,0.05655096471309662,0.05680680202203803,0.05712268193019554,0.05749967522569932,0.057940071914345026,0.058446602313779294,0.05902188835898414,0.059669852518709376,0.06039475349825807,0.06120230778469704,0.062100562325213104,0.0631053171819076,0.06429042326635681,0.06526430736994371,0.06639643659582362,0.06639878542773658,0.06882664299337193,0.07124924848903902,0.07379497605143115,0.07653624203521758,0.0804214769450482,0.08383642230182886,0.08446357538923621,0.09521449508611113,0.0937619410105981,0.11004875623621047,0.10223682061769068,0.1170879858545959,0.11083930393215269,0.11279512752662413,0.12364206480560824,0.13374752458184958,0.1643158260267228,0.1520931867416948,0.19646796281449497,0.2199532554950565,0.21668902318924665,0.23890922544524074,0.2357497459743172,0.32452265196479857,0.39308613585308194,0.43536627921275795,0.578073272947222,0.8309188112616539,1.4580582436174154,4.520773321390152
11.251535147428513,3.215037204325199,1.2395243654027581,0.6517542824149132,0.5280459132045507,0.487648936919868,0.4168988801538944,0.37714088754728436,0.25638914201408625,0.27175497240386903,0.27814598963595927,0.23753751919139177,0.18103829049505293,0.16439156082924455,0.1537863789126277,0.13791225384920835,0.12722752033732831,0.11369184902287088,0.11675421975087374,0.10717745963484049,0.11378038523253053,0.11632772861048579,0.09973560023354366,0.09893474850105122,0.08066216617589816,0.08193892645795131,0.08310651016654447,0.07772747636772692,0.07342171878553927,0.07198725682246732,0.07329601078527048,0.06992483319481835,0.06832346972441883,0.06687491165939718,0.06562131966347806,0.06461751117603853,0.06366314273327589,0.06278456754807848,0.06198473644326441,0.06126155728998128,0.06061237465473823,0.060034374124370515,0.05952421521942597,0.05907994005247019,0.058699276953120716,0.058380021451739594,0.05812098193564452,0.0579208191629732,0.05777847925492097,0.057693343522259966,0.057665029540658,0.057693343522259966,0.05777847925492097,0.0579208191629732,0.05812098193564452,0.058380021451739594,0.058699276953120716,0.05907994005247019,0.05952421521942597,0.060034374124370515,0.06061237465473823,0.06126155728998128,0.06198473644326441,0.06278456754807848,0.06366314273327589,0.06461751117603853,0.06562131966347806,0.06687491165939718,0.06832346972441883,0.06992483319481835,0.07329601078527048,0.07198725682246732,0.07342171878553927,0.07772747636772692,0.08310651016654447,0.08193892645795131,0.08066216617589816,0.09893474850105122,0.09973560023354366,0.11632772861048579,0.11378038523253053,0.10717745963484049,0.11675421975087374,0.11369184902287088,0.12722752033732831,0.13791225384920835,0.1537863789126277,0.16439156082924455,0.18103829049505293,0.23753751919139177,0.27814598963595927,0.27175497240386903,0.25638914201408625,0.37714088754728436,0.4168988801538944,0.487648936919868,0.5280459132045507,0.6517542824149132,1.2395243654027581,3.215037204325199
11.603497110307217,6.095810014754534,2.7647569607943296,1.579744927585125,1.727147065103054,1.3162088636308908,0.8393744975328445,0.9016241794452071,0.4642013246193528,0.4759888141416013,0.3968521971255541,0.32273996993899345,0.26770322816446424,0.24804031709209085,0.20863501681014895,0.2091293022967875,0.2054545055143535,0.19100177101790905,0.1971232236828655,0.17103044362738729,0.13907039677724242,0.1479649432003498,0.14034996432019398,0.13654001499526203,0.14672029588837177,0.1228315610496793,0.12597244512289762,0.12207087915157899,0.11417801957577467,0.11091910675168037,0.11032490376965143,0.10269432258792222,0.10413880723353941,0.09586780684185214,0.09960380115080625,0.09671828534919769,0.0950112325954251,0.09356957057025284,0.09229572652839124,0.09116074134362862,0.09015014179749414,0.0892545806709677,0.08846758864820004,0.08778384613106027,0.08719903451856226,0.08670957013964653,0.08631262660492212,0.08600621297955513,0.08578855806263164,0.08565837028436363,0.08561497181653976,0.08565837028436363,0.08578855806263164,0.08600621297955513,0.08631262660492212,0.08670957013964653,0.08719903451856226,0.08778384613106027,0.08846758864820004,0.0892545806709677,0.09015014179749414,0.09116074134362862,0.09229572652839124,0.09356957057025284,0.0950112325954251,0.09671828534919769,0.09960380115080625,0.09586780684185214,0.10413880723353941,0.10269432258792222,0.11032490376965143,0.11091910675168037,0.11417801957577467,0.12207087915157899,0.12597244512289762,0.1228315610496793,0.14672029588837177,0.13654001499526203,0.14034996432019398,0.1479649432003498,0.13907039677724242,0.17103044362738729,0.1971232236828655,0.19100177101790905,0.2054545055143535,0.2091293022967875,0.20863501681014895,0.24804031709209085,0.26770322816446424,0.32273996993899345,0.3968521971255541,0.4759888141416013,0.4642013246193528,0.9016241794452071,0.8393744975328445,1.3162088636308908,1.727147065103054,1.579744927585125,2.7647569607943296,6.095810014754534
12.747731536626816,9.416861906647682,4.570794556289911,1.7577071054838598,1.8046806156635284,1.6205599326640368,0.8491876252810471,0.9179524797946215,0.5906606931239367,0.49686438869684935,0.40227064001373947,0.31008141534402966,0.28521242598071694,0.23117923573590815,0.248578930972144,0.1984462084947154,0.20618581702001393,0.18293982208706439,0.17954217921942472,0.16620696266181767,0.141516174771823,0.1299448567442596,0.15110059268772602,0.14093987550586462,0.12876375566702336,0.11594948323909193,0.10923328634817153,0.10824468801729381,0.10931979957967997,0.10200994682963938,0.09647500536812004,0.09778739069588482,0.0937097588321194,0.09846622444456443,0.09233572171069682,0.08987410634290427,0.08818451862316579,0.08676404936704785,0.08552098972722888,0.08442176826065406,0.08344861905789003,0.08258955448400229,0.08183708309661597,0.08118490967899561,0.08062799280742183,0.08016264950856566,0.07978576008463278,0.07949497154913843,0.0792884380207397,0.07916503940941766,0.07912404835224152,0.07916503940941766,0.0792884380207397,0.07949497154913843,0.07978576008463278,0.08016264950856566,0.08062799280742183,0.08118490967899561,0.08183708309661597,0.08258955448400229,0.08344861905789003,0.08442176826065406,0.08552098972722888,0.08676404936704785,0.08818451862316579,0.08987410634290427,0.09233572171069682,0.09846622444456443,0.0937097588321194,0.09778739069588482,0.09647500536812004,0.10200994682963938,0.10931979957967997,0.10824468801729381,0.10923328634817153,0.11594948323909193,0.12876375566702336,0.14093987550586462,0.15110059268772602,0.1299448567442596,0.141516174771823,0.16620696266181767,0.17954217921942472,0.18293982208706439,0.20618581702001393,0.1984462084947154,0.248578930972144,0.23117923573590815,0.28521242598071694,0.31008141534402966,0.40227064001373947,0.49686438869684935,0.5906606931239367,0.9179524797946215,0.8491876252810471,1.6205599326640368,1.8046806156635284,1.7577071054838598,4.570794556289911,9.416861906647682
13.422425344586372,9.620847910642624,3.999670073390007,2.4438816606998444,1.599805535748601,1.3884527953341603,0.8275448819622397,0.8066258053295314,0.7061665924265981,0.5468336367048323,0.47981004510074854,0.40761092538014054,0.395071467384696,0.3456563497893512,0.31562629947438836,0.28347643092274666,0.2645205375738442,0.24813465238548815,0.24335884768515825,0.2344842473976314,0.2195580794941634,0.20924528484465554,0.20403087709564716,0.19103425316279754,0.1855387906980468,0.1838485145708546,0.17646011535543948,0.1673834832618013,0.16674933943431824,0.16135203163139522,0.1554103989037685,0.15088505728635937,0.14927559229545295,0.1449230135185644,0.14442589852114907,0.14115459442837164,0.1387976470286958,0.1367391625099117,0.1349015238447464,0.13325610954780132,0.13178687750041718,0.1304824299077154,0.12933401135524036,0.12833428231533617,0.12747782048245426,0.12675981107531697,0.12617614854389103,0.12572392213405692,0.12540125299528881,0.12520724907153635,0.12514236569404602,0.12520724907153635,0.12540125299528881,0.12572392213405692,0.12617614854389103,0.12675981107531697,0.12747782048245426,0.12833428231533617,0.12933401135524036,0.1304824299077154,0.13178687750041718,0.13325610954780132,0.1349015238447464,0.1367391625099117,0.1387976470286958,0.14115459442837164,0.14442589852114907,0.1449230135185644,0.14927559229545295,0.15088505728635937,0.1554103989037685,0.16135203163139522,0.16674933943431824,0.1673834832618013,0.17646011535543948,0.1838485145708546,0.1855387906980468,0.19103425316279754,0.20403087709564716,0.20924528484465554,0.2195580794941634,0.2344842473976314,0.24335884768515825,0.24813465238548815,0.2645205375738442,0.28347643092274666,0.31562629947438836,0.3456563497893512,0.395071467384696,0.40761092538014054,0.47981004510074854,0.5468336367048323,0.7061665924265981,0.8066258053295314,0.8275448819622397,1.3884527953341603,1.599805535748601,2.4438816606998444,3.999670073390007,9.620847910642624
10.904119437560439,8.37817875109613,3.677238278090954,1.7986186780035496,1.1312836520373821,0.9827449256554246,0.6173490965738893,0.6353349592536688,0.43159192614257336,0.3559098136611283,0.34757478814572096,0.3018956989981234,0.2882571560330689,0.23108168749604374,0.2614452918060124,0.22551677143201232,0.21378177811857313,0.19241986027918756,0.17628422449342906,0.17541475826874375,0.1642415327951312,0.16165800642920658,0.1484652875806205,0.1422888848464936,0.1389255091053201,0.13483243713562842,0.13168339460389689,0.12663252181664575,0.12511867855209857,0.11976522859185934,0.1180594504403416,0.11417212488595396,0.11456417385488749,0.11028005555272102,0.10941673320485279,0.10742897415184416,0.10567028386867605,0.10410250096174423,0.10269718241761439,0.10143754344608169,0.10031258339586202,0.09931364549265709,0.09843406555592082,0.09766824130201712,0.0970116043172311,0.0964605853005196,0.09601236898015486,0.09566485414688941,0.09541677467132104,0.09526785851630848,0.09521817974746227,0.09526785851630848,0.09541677467132104,0.09566485414688941,0.09601236898015486,0.0964605853005196,0.0970116043172311,0.09766824130201712,0.09843406555592082,0.09931364549265709,0.10031258339586202,0.10143754344608169,0.10269718241761439,0.10410250096174423,0.10567028386867605,0.10742897415184416,0.10941673320485279,0.11028005555272102,0.11456417385488749,0.11417212488595396,0.1180594504403416,0.11976522859185934,0.12511867855209857,0.12663252181664575,0.13168339460389689,0.13483243713562842,0.1389255091053201,0.1422888848464936,0.1484652875806205,0.16165800642920658,0.1642415327951312,0.17541475826874375,0.17628422449342906,0.19241986027918756,0.21378177811857313,0.22551677143201232,0.2614452918060124,0.23108168749604374,0.2882571560330689,0.3018956989981234,0.34757478814572096,0.3559098136611283,0.43159192614257336,0.6353349592536688,0.6173490965738893,0.9827449256554246,1.1312836520373821,1.7986186780035496,3.677238278090954,8.37817875109613
10.601159751415253,7.7516811937093735,3.0811491198837757,1.2750524012371898,0.9543431513011456,0.6572427323553711,0.631850509904325,0.5427337321452796,0.4431145323906094,0.3875403148122132,0.34982946212403476,0.2770871454849839,0.2604000654537231,0.25068705645389855,0.21677608764730394,0.20411509717814624,0.19067643047310412,0.18068382365163416,0.17398359021171927,0.15939748095115647,0.15466215705964714,0.14543727622367442,0.14696681674104184,0.13649780879495665,0.13130250317044556,0.12611421576002613,0.12345587532036006,0.1206725201336667,0.11620863131247461,0.11370297818211839,0.11134858580771834,0.10783124601584859,0.10630163026507944,0.10453082766616717,0.10204840832739137,0.10044669968192466,0.09892277116887271,0.09753023786470294,0.0962674947513733,0.09512826809077524,0.09410732783726417,0.09319878293899819,0.09239807751146145,0.09170109120896086,0.09110391369904391,0.09060365470941179,0.09019772079773247,0.08988408115692437,0.08966113414498977,0.08952769543975592,0.08948345761746168,0.08952769543975592,0.08966113414498977,0.08988408115692437,0.09019772079773247,0.09060365470941179,0.09110391369904391,0.09170109120896086,0.09239807751146145,0.09319878293899819,0.09410732783726417,0.09512826809077524,0.0962674947513733,0.09753023786470294,0.09892277116887271,0.10044669968192466,0.10204840832739137,0.10453082766616717,0.10630163026507944,0.10783124601584859,0.11134858580771834,0.11370297818211839,0.11620863131247461,0.1206725201336667,0.12345587532036006,0.12611421576002613,0.13130250317044556,0.13649780879495665,0.14696681674104184,0.14543727622367442,0.15466215705964714,0.15939748095115647,0.17398359021171927,0.18068382365163416,0.19067643047310412,0.20411509717814624,0.21677608764730394,0.25068705645389855,0.2604000654537231,0.2770871454849839,0.34982946212403476,0.3875403148122132,0.4431145323906094,0.5427337321452796,0.631850509904325,0.6572427323553711,0.9543431513011456,1.2750524012371898,3.0811491198837757,7.7516811937093735
11.018068470060825,4.657440185546875,2.9131300672888756,1.2673449013382196,0.8007480269297957,0.6307248552329838,0.5069154473021626,0.4409153249580413,0.35819380171597004,0.33960621897131205,0.27266308735124767,0.24602543050423265,0.19374498864635825,0.20540252490900457,0.18414194090291858,0.1762744465522701,0.17239989340305328,0.16176663851365447,0.14742794167250395,0.1412313849432394,0.13418915384681895,0.12860905088018626,0.12450423336122185,0.12051328190136701,0.11466335610020906,0.11001107975607738,0.10685966501478106,0.10247078875545412,0.10158859635703266,0.09785538865253329,0.09502484917175025,0.0935624620760791,0.09164580097422004,0.08954273461131379,0.08799307653680444,0.08652063849149272,0.08520111226243898,0.08400042733410373,0.08291195670608431,0.08193019195459783,0.08104998886119574,0.08026680047623813,0.07957649690797552,0.07897535216761753,0.07846023398451507,0.07802881847601384,0.07767875748686492,0.07740824454231188,0.07721596024930477,0.07710097695235163,0.07706271670758724,0.07710097695235163,0.07721596024930477,0.07740824454231188,0.07767875748686492,0.07802881847601384,0.07846023398451507,0.07897535216761753,0.07957649690797552,0.08026680047623813,0.08104998886119574,0.08193019195459783,0.08291195670608431,0.08400042733410373,0.08520111226243898,0.08652063849149272,0.08799307653680444,0.08954273461131379,0.09164580097422004,0.0935624620760791,0.09502484917175025,0.09785538865253329,0.10158859635703266,0.10247078875545412,0.10685966501478106,0.11001107975607738,0.11466335610020906,0.12051328190136701,0.12450423336122185,0.12860905088018626,0.13418915384681895,0.1412313849432394,0.14742794167250395,0.16176663851365447,0.17239989340305328,0.1762744465522701,0.18414194090291858,0.20540252490900457,0.19374498864635825,0.24602543050423265,0.27266308735124767,0.33960621897131205,0.35819380171597004,0.4409153249580413,0.5069154473021626,0.6307248552329838,0.8007480269297957,1.2673449013382196,2.9131300672888756,4.657440185546875
10.169783677905798,6.066706046462059,2.1903301253914833,1.3261349778622389,0.8567398013547063,0.7501624543219805,0.5522473398596048,0.4626656323671341,0.4014839744195342,0.3748388334643096,0.32641430804505944,0.3010306912474334,0.2706339049618691,0.24620025069452822,0.22225903486832976,0.20015568961389363,0.19906463869847357,0.18133788905106485,0.17337463051080704,0.16544566646916792,0.1622316192369908,0.1517777848057449,0.14651882438920438,0.14196820929646492,0.13492176518775523,0.13074780337046832,0.12759543035645038,0.12494807178154588,0.1207149694673717,0.11851380625739694,0.11515443585813046,0.11250024975743145,0.11082904995419085,0.10818233247846365,0.1061397644225508,0.10448783519677818,0.10290714143775403,0.10146220866590738,0.1001516756368801,0.09896989027038217,0.09791048767510802,0.0969679799163714,0.09613718360196799,0.0954140480607748,0.09479467011988163,0.09427561447955668,0.09385444456711411,0.09352909587323666,0.09329777455423027,0.09315948456060141,0.09311362262815237,0.09315948456060141,0.09329777455423027,0.09352909587323666,0.09385444456711411,0.09427561447955668,0.09479467011988163,0.0954140480607748,0.09613718360196799,0.0969679799163714,0.09791048767510802,0.09896989027038217,0.1001516756368801,0.10146220866590738,0.10290714143775403,0.10448783519677818,0.1061397644225508,0.10818233247846365,0.11082904995419085,0.11250024975743145,0.11515443585813046,0.11851380625739694,0.1207149694673717,0.12494807178154588,0.12759543035645038,0.13074780337046832,0.13492176518775523,0.14196820929646492,0.14651882438920438,0.1517777848057449,0.1622316192369908,0.16544566646916792,0.17337463051080704,0.18133788905106485,0.19906463869847357,0.20015568961389363,0.22225903486832976,0.24620025069452822,0.2706339049618691,0.3010306912474334,0.32641430804505944,0.3748388334643096,0.4014839744195342,0.4626656323671341,0.5522473398596048,0.7501624543219805,0.8567398013547063,1.3261349778622389,2.1903301253914833,6.066706046462059
11.332259092479944,5.086076691746712,2.2871540412306786,1.0200977623462677,0.7140258220024407,0.5408309637568891,0.4604068389162421,0.4612978510558605,0.35256428248248994,0.307813324034214,0.29930817103013396,0.25347104319371283,0.20530073367990553,0.19396376935765147,0.18681622354779392,0.16186824324540794,0.15341686643660069,0.1467535817064345,0.13810722203925252,0.13002020225394517,0.1228411040501669,0.11861125030554831,0.11481154104694724,0.11016303114593029,0.10463079513283446,0.10169331642100587,0.10083064279751852,0.09759808203671128,0.09369129891274497,0.09113863890524954,0.09022212869604118,0.08729365683393553,0.08377785325865261,0.08304010261781514,0.08272701292298734,0.08112780627561733,0.07980711464188062,0.07863595345406793,0.07758714669034816,0.07664735370781273,0.07580864033661783,0.07506441292935051,0.07440962785040028,0.07384066682425328,0.0733535960316658,0.07294590139645152,0.07261532527627423,0.07236003087018616,0.07217858050717041,0.07207011227728799,0.07203413918614388,0.07207011227728799,0.07217858050717041,0.07236003087018616,0.07261532527627423,0.07294590139645152,0.0733535960316658,0.07384066682425328,0.07440962785040028,0.07506441292935051,0.07580864033661783,0.07664735370781273,0.07758714669034816,0.07863595345406793,0.07980711464188062,0.08112780627561733,0.08272701292298734,0.08304010261781514,0.08377785325865261,0.08729365683393553,0.09022212869604118,0.09113863890524954,0.09369129891274497,0.09759808203671128,0.10083064279751852,0.10169331642100587,0.10463079513283446,0.11016303114593029,0.11481154104694724,0.11861125030554831,0.1228411040501669,0.13002020225394517,0.13810722203925252,0.1467535817064345,0.15341686643660069,0.16186824324540794,0.18681622354779392,0.19396376935765147,0.20530073367990553,0.25347104319371283,0.29930817103013396,0.307813324034214,0.35256428248248994,0.4612978510558605,0.4604068389162421,0.5408309637568891,0.7140258220024407,1.0200977623462677,2.2871540412306786,5.086076691746712
9.83374372124672,5.870971627533436,2.1317017655819654,1.0336933340877295,0.6500333799049258,0.49107940634712577,0.40498195635154843,0.3813270356040448,0.338852277607657,0.2814943641424179,0.26031071646139026,0.23836852330714464,0.22171288402751088,0.17941310186870396,0.1619314249837771,0.14444143895525485,0.13742954074405134,0.12487052445067093,0.12212837650440633,0.1175318758469075,0.11247609124984592,0.11022159096319228,0.10157291154609993,0.09893327567260712,0.09606603684369475,0.0912914692889899,0.09147513017524034,0.0869454195490107,0.0856656504329294,0.08237636234844103,0.08049962983932346,0.07958029385190457,0.07757756416685879,0.07658232632093132,0.07504622178385034,0.07368993281852454,0.07253474247409031,0.07150010246550664,0.07056875590933487,0.0697322060004808,0.0689837106037885,0.06831872998736799,0.06773299077758566,0.0672235056408681,0.06678721401840448,0.0664217984303832,0.06612530659185722,0.06589623988838866,0.0657334394636564,0.06563613913021982,0.06560378521680832,0.06563613913021982,0.0657334394636564,0.06589623988838866,0.06612530659185722,0.0664217984303832,0.06678721401840448,0.0672235056408681,0.06773299077758566,0.06831872998736799,0.0689837106037885,0.0697322060004808,0.07056875590933487,0.07150010246550664,0.07253474247409031,0.07368993281852454,0.07504622178385034,0.07658232632093132,0.07757756416685879,0.07958029385190457,0.08049962983932346,0.08237636234844103,0.0856656504329294,0.0869454195490107,0.09147513017524034,0.0912914692889899,0.09606603684369475,0.09893327567260712,0.10157291154609993,0.11022159096319228,0.11247609124984592,0.1175318758469075,0.12212837650440633,0.12487052445067093,0.13742954074405134,0.14444143895525485,0.1619314249837771,0.17941310186870396,0.22171288402751088,0.23836852330714464,0.26031071646139026,0.2814943641424179,0.338852277607657,0.3813270356040448,0.40498195635154843,0.49107940634712577,0.6500333799049258,1.0336933340877295,2.1317017655819654,5.870971627533436
10.85746642947197,3.944276846945286,1.6123538631945848,0.7106531905010343,0.47130258940160275,0.41643751226365566,0.3207650859840214,0.2857184107415378,0.2845369526767172,0.26535089779645205,0.2441112855449319,0.16596052423119545,0.15635128819849342,0.13618973770644516,0.12457129952963442,0.10908645938616246,0.1000411364948377,0.09810297260992229,0.09134061803342775,0.0881990364723606,0.08041494863573462,0.08006357226986438,0.07630562788108364,0.0724812438711524,0.068472609447781,0.06813504378078505,0.06529410168877803,0.063336857536342,0.062140796915628016,0.06000611063791439,0.05833296064520255,0.05766858212882653,0.056241655780468136,0.05523398064542562,0.054131404496729374,0.05324767471756786,0.05243868025718257,0.05170059541705996,0.05103124736342579,0.050427719368599355,0.049886678403709084,0.04940523288678378,0.048981063038809225,0.048611678736051545,0.048295217915438116,0.04803015949437395,0.04781512060435489,0.04764887678902596,0.04753074509790167,0.04746011635870673,0.04743663966655731,0.04746011635870673,0.04753074509790167,0.04764887678902596,0.04781512060435489,0.04803015949437395,0.048295217915438116,0.048611678736051545,0.048981063038809225,0.04940523288678378,0.049886678403709084,0.050427719368599355,0.05103124736342579,0.05170059541705996,0.05243868025718257,0.05324767471756786,0.054131404496729374,0.05523398064542562,0.056241655780468136,0.05766858212882653,0.05833296064520255,0.06000611063791439,0.062140796915628016,0.063336857536342,0.06529410168877803,0.06813504378078505,0.068472609447781,0.0724812438711524,0.07630562788108364,0.08006357226986438,0.08041494863573462,0.0881990364723606,0.09134061803342775,0.09810297260992229,0.1000411364948377,0.10908645938616246,0.12457129952963442,0.13618973770644516,0.15635128819849342,0.16596052423119545,0.2441112855449319,0.26535089779645205,0.2845369526767172,0.2857184107415378,0.3207650859840214,0.41643751226365566,0.47130258940160275,0.7106531905010343,1.6123538631945848,3.944276846945286
9.747282147407532,5.089355573058128,1.5215318128466606,0.9010535100242123,0.6489015952683985,0.4788367096334696,0.35589679004624486,0.34613648196682334,0.273351896321401,0.28588934196159244,0.3025485537946224,0.2485514902509749,0.21913128811866045,0.1805579150095582,0.17599759809672832,0.14458835654659197,0.13959938916377723,0.1325383000075817,0.12284179363632575,0.11934682651190087,0.1101335036510136,0.10516121872933581,0.0995787927240599,0.0988877067429712,0.0948752118711127,0.09108048981579486,0.08755361690418795,0.08577845187392086,0.08357887384772766,0.08099466838757508,0.07950365109718405,0.07753002789104357,0.07579393207561225,0.0748477919769357,0.07325917881098576,0.0719921045092633,0.07085946628649253,0.06983765734912595,0.06891612381878076,0.06808772273507202,0.06734657125343801,0.06668829263799125,0.06610878294304712,0.06560471660486655,0.06517306193563854,0.06481167252059095,0.06451856663625222,0.06429216610558797,0.06413122505909996,0.06403500257874839,0.06400295719504356,0.06403500257874839,0.06413122505909996,0.06429216610558797,0.06451856663625222,0.06481167252059095,0.06517306193563854,0.06560471660486655,0.06610878294304712,0.06668829263799125,0.06734657125343801,0.06808772273507202,0.06891612381878076,0.06983765734912595,0.07085946628649253,0.0719921045092633,0.07325917881098576,0.0748477919769357,0.07579393207561225,0.07753002789104357,0.07950365109718405,0.08099466838757508,0.08357887384772766,0.08577845187392086,0.08755361690418795,0.09108048981579486,0.0948752118711127,0.0988877067429712,0.0995787927240599,0.10516121872933581,0.1101335036510136,0.11934682651190087,0.12284179363632575,0.1325383000075817,0.13959938916377723,0.14458835654659197,0.17599759809672832,0.1805579150095582,0.21913128811866045,0.2485514902509749,0.3025485537946224,0.28588934196159244,0.273351896321401,0.34613648196682334,0.35589679004624486,0.4788367096334696,0.6489015952683985,0.9010535100242123,1.5215318128466606,5.089355573058128
9.656326033174992,3.4628957994282246,1.7621509339660406,0.6440397375263274,0.5684122527018189,0.5187926292419434,0.3771110561210662,0.32238507305737585,0.27854305086657405,0.37097843177616596,0.258773778565228,0.22426776262000203,0.21610556915402412,0.16634361376054585,0.15003824525047094,0.13665428827516735,0.12372050335397944,0.13386678247479722,0.11965132871409878,0.11046218720730394,0.10323308754595928,0.09997634106548503,0.09717811393784359,0.0925355845829472,0.09167319987318479,0.08726609376026317,0.08433035188500071,0.08221119888185058,0.07989568011544179,0.0780107059981674,0.07606920502439607,0.07454413024242967,0.07298013932449976,0.07126082167087588,0.07032127194543136,0.06908106102491729,0.06800110192853026,0.06702840204525273,0.0661507497788989,0.06536159011739073,0.06465515074160066,0.06402758007243392,0.0634745964925969,0.0629934273129038,0.06258138253178913,0.06223632161345449,0.061956348494277336,0.06174002290936187,0.061586281615745975,0.06149436283885734,0.06146371550858021,0.06149436283885734,0.061586281615745975,0.06174002290936187,0.061956348494277336,0.06223632161345449,0.06258138253178913,0.0629934273129038,0.0634745964925969,0.06402758007243392,0.06465515074160066,0.06536159011739073,0.0661507497788989,0.06702840204525273,0.06800110192853026,0.06908106102491729,0.07032127194543136,0.07126082167087588,0.07298013932449976,0.07454413024242967,0.07606920502439607,0.0780107059981674,0.07989568011544179,0.08221119888185058,0.08433035188500071,0.08726609376026317,0.09167319987318479,0.0925355845829472,0.09717811393784359,0.09997634106548503,0.10323308754595928,0.11046218720730394,0.11965132871409878,0.13386678247479722,0.12372050335397944,0.13665428827516735,0.15003824525047094,0.16634361376054585,0.21610556915402412,0.22426776262000203,0.258773778565228,0.37097843177616596,0.27854305086657405,0.32238507305737585,0.3771110561210662,0.5187926292419434,0.5684122527018189,0.6440397375263274,1.7621509339660406,3.4628957994282246
8.890219695866108,4.336508236825466,3.731883104890585,2.966366972774267,1.8666429668664932,1.106403632555157,1.0596748108509928,0.7155510403681546,0.5642600283026695,0.4947485560551286,0.41119992174208164,0.42061704862862825,0.283869412727654,0.26732886931858957,0.21378713264130056,0.20482364296913147,0.19564946042373776,0.18047702312469482,0.1602470783982426,0.1317332013277337,0.1406133426935412,0.12524504796601832,0.1228107973583974,0.11883579182904214,0.10901920113246888,0.1033300838607829,0.102058132426464,0.09887331200297922,0.09742374357301742,0.09309013531310484,0.08924370870226994,0.0904833997701644,0.08846788096707314,0.08502531691920012,0.08252294856356457,0.08135604299604893,0.08011733696912415,0.07895848419866525,0.07789821978076361,0.07693785689480137,0.07607494889816735,0.07530543764005415,0.07462560958811082,0.07403212524513947,0.07352207536314381,0.07309240902395686,0.07274123250681441,0.07246664105696254,0.07226707709560287,0.07214183909127314,0.07209235429763794,0.07214183909127314,0.07226707709560287,0.07246664105696254,0.07274123250681441,0.07309240902395686,0.07352207536314381,0.07403212524513947,0.07462560958811082,0.07530543764005415,0.07607494889816735,0.07693785689480137,0.07789821978076361,0.07895848419866525,0.08011733696912415,0.08135604299604893,0.08252294856356457,0.08502531691920012,0.08846788096707314,0.0904833997701644,0.08924370870226994,0.09309013531310484,0.09742374357301742,0.09887331200297922,0.102058132426464,0.1033300838607829,0.10901920113246888,0.11883579182904214,0.1228107973583974,0.12524504796601832,0.1406133426935412,0.1317332013277337,0.1602470783982426,0.18047702312469482,0.19564946042373776,0.20482364296913147,0.21378713264130056,0.26732886931858957,0.283869412727654,0.42061704862862825,0.41119992174208164,0.4947485560551286,0.5642600283026695,0.7155510403681546,1.0596748108509928,1.106403632555157,1.8666429668664932,2.966366972774267,3.731883104890585,4.336508236825466
8.981625724583864,6.563203915953636,6.880588032305241,5.0880900621414185,3.791869729757309,2.459124583750963,1.7331928703933954,1.241723689250648,0.9131504083052278,0.7566875996999443,0.8934397175908089,0.5991713684052229,0.539335829904303,0.4034140657167882,0.3708197851665318,0.3052322145085782,0.3286943952552974,0.31952026451472193,0.27929023397155106,0.24350324156694114,0.24520596652291715,0.2449735200498253,0.2032577471109107,0.21540165040642023,0.20398537232540548,0.18861502269282937,0.18805615766905248,0.1880427144933492,0.17066662275465205,0.17669305310118943,0.17056878609582782,0.16543909977190197,0.15795736527070403,0.159200667636469,0.1542418572353199,0.15083408844657242,0.14819689420983195,0.14588785532396287,0.143834084039554,0.14200282853562385,0.14037409366574138,0.1389329113299027,0.1376680670073256,0.13657048624008894,0.13563279958907515,0.13484849513042718,0.13421335129532963,0.13372306467499584,0.1333748531760648,0.13316672772634774,0.13309740647673607,0.13316672772634774,0.1333748531760648,0.13372306467499584,0.13421335129532963,0.13484849513042718,0.13563279958907515,0.13657048624008894,0.1376680670073256,0.1389329113299027,0.14037409366574138,0.14200282853562385,0.143834084039554,0.14588785532396287,0.14819689420983195,0.15083408844657242,0.1542418572353199,0.159200667636469,0.15795736527070403,0.16543909977190197,0.17056878609582782,0.17669305310118943,0.17066662275465205,0.1880427144933492,0.18805615766905248,0.18861502269282937,0.20398537232540548,0.21540165040642023,0.2032577471109107,0.2449735200498253,0.24520596652291715,0.24350324156694114,0.27929023397155106,0.31952026451472193,0.3286943952552974,0.3052322145085782,0.3708197851665318,0.4034140657167882,0.539335829904303,0.5991713684052229,0.8934397175908089,0.7566875996999443,0.9131504083052278,1.241723689250648,1.7331928703933954,2.459124583750963,3.791869729757309,5.0880900621414185,6.880588032305241,6.563203915953636
8.846927225589752,9.383676894009113,6.792676027864218,3.797042079269886,2.8907050639390945,2.4735381323844194,1.4272455479949713,1.2365105282515287,0.7677847719751298,0.8129671178758144,0.5663822470232844,0.42180322110652924,0.35605126549489796,0.2776202232344076,0.2524263485101983,0.23165410803630948,0.22222829691600055,0.19023958081379533,0.20974949793890119,0.16734534315764904,0.17695366288535297,0.15005053917411715,0.15272522252053022,0.14957797806710005,0.12904651777353138,0.12032104603713378,0.12277105043176562,0.12091174878878519,0.11006728565553203,0.11074506296426989,0.10569035820662975,0.10477590200025588,0.10447927232598886,0.09695330902468413,0.09630598250078037,0.09270153095712885,0.09092778831836767,0.08948413337930106,0.08822218721616082,0.08710022267769091,0.08610085255349986,0.08521350647788495,0.08443132726824842,0.08374869640101679,0.08316213120997418,0.08266828597697895,0.0822647120221518,0.0819505285617197,0.0817249929823447,0.08158902614377439,0.0815434679389,0.08158902614377439,0.0817249929823447,0.0819505285617197,0.0822647120221518,0.08266828597697895,0.08316213120997418,0.08374869640101679,0.08443132726824842,0.08521350647788495,0.08610085255349986,0.08710022267769091,0.08822218721616082,0.08948413337930106,0.09092778831836767,0.09270153095712885,0.09630598250078037,0.09695330902468413,0.10447927232598886,0.10477590200025588,0.10569035820662975,0.11074506296426989,0.11006728565553203,0.12091174878878519,0.12277105043176562,0.12032104603713378,0.12904651777353138,0.14957797806710005,0.15272522252053022,0.15005053917411715,0.17695366288535297,0.16734534315764904,0.20974949793890119,0.19023958081379533,0.22222829691600055,0.23165410803630948,0.2524263485101983,0.2776202232344076,0.35605126549489796,0.42180322110652924,0.5663822470232844,0.8129671178758144,0.7677847719751298,1.2365105282515287,1.4272455479949713,2.4735381323844194,2.8907050639390945,3.797042079269886,6.792676027864218,9.383676894009113
9.731240507215261,8.911965131759644,6.63799612224102,3.2293103113770485,2.303668599575758,1.7351855356246233,1.5982695259153843,1.0650156773626804,0.7271091397851706,0.7728708581998944,0.6344751603901386,0.5986535968258977,0.43778359482530504,0.40083516493905336,0.3481105577375274,0.313137658406049,0.3022435571765527,0.2826067670248449,0.2599911333527416,0.2602485498646274,0.24634056095965207,0.23390598426340148,0.23216407204745337,0.22201968065928668,0.21332002594135702,0.20223058038391173,0.19248551910277456,0.18783061485737562,0.1845259265974164,0.18210719502530992,0.17154981917701662,0.16966436302755028,0.1682290673488751,0.16221730902907439,0.1600873792776838,0.15695945458719507,0.15446710953256115,0.15224394347751513,0.15024334160261787,0.14844511955743656,0.14683588009211235,0.14540582831250504,0.144146254460793,0.14305005912319757,0.14211159458500333,0.14132555935066193,0.14068762425449677,0.1401949872088153,0.1398447086685337,0.1396353228483349,0.1395656131207943,0.1396353228483349,0.1398447086685337,0.1401949872088153,0.14068762425449677,0.14132555935066193,0.14211159458500333,0.14305005912319757,0.144146254460793,0.14540582831250504,0.14683588009211235,0.14844511955743656,0.15024334160261787,0.15224394347751513,0.15446710953256115,0.15695945458719507,0.1600873792776838,0.16221730902907439,0.1682290673488751,0.16966436302755028,0.17154981917701662,0.18210719502530992,0.1845259265974164,0.18783061485737562,0.19248551910277456,0.20223058038391173,0.21332002594135702,0.22201968065928668,0.23216407204745337,0.23390598426340148,0.24634056095965207,0.2602485498646274,0.2599911333527416,0.2826067670248449,0.3022435571765527,0.313137658406049,0.3481105577375274,0.40083516493905336,0.43778359482530504,0.5986535968258977,0.6344751603901386,0.7728708581998944,0.7271091397851706,1.0650156773626804,1.5982695259153843,1.7351855356246233,2.303668599575758,3.2293103113770485,6.63799612224102,8.911965131759644
8.242400720715523,9.697826907038689,3.5946323424577713,1.9812378324568272,1.2847588891163468,1.0755754930432886,0.6983538521453738,0.5129621862433851,0.4898718590848148,0.4008759680436924,0.3771198522299528,0.36972035735379905,0.2708515478298068,0.23113204166293144,0.22969682235270739,0.1847016958054155,0.18502194248139858,0.17946188151836395,0.1622352438280359,0.15214873128570616,0.15313191059976816,0.1459219177486375,0.13983406001352705,0.13174838267150335,0.12751022580778226,0.12131850770674646,0.12073212867835537,0.11650640377774835,0.11365434568142518,0.11002652923343703,0.10850064817350358,0.10587756466702558,0.10134838378871791,0.10001991223543882,0.10035626514581963,0.09810915490379557,0.09650120668811724,0.09509762556990609,0.09384476847480983,0.09272279794095084,0.09172111717634834,0.09083195569110103,0.09004960165475495,0.08936877531232312,0.08878632503910922,0.08829839850659482,0.08790282308473252,0.08759720879606903,0.08737993316026405,0.08725009075715207,0.08720678463578224,0.08725009075715207,0.08737993316026405,0.08759720879606903,0.08790282308473252,0.08829839850659482,0.08878632503910922,0.08936877531232312,0.09004960165475495,0.09083195569110103,0.09172111717634834,0.09272279794095084,0.09384476847480983,0.09509762556990609,0.09650120668811724,0.09810915490379557,0.10035626514581963,0.10001991223543882,0.10134838378871791,0.10587756466702558,0.10850064817350358,0.11002652923343703,0.11365434568142518,0.11650640377774835,0.12073212867835537,0.12131850770674646,0.12751022580778226,0.13174838267150335,0.13983406001352705,0.1459219177486375,0.15313191059976816,0.15214873128570616,0.1622352438280359,0.17946188151836395,0.18502194248139858,0.1847016958054155,0.22969682235270739,0.23113204166293144,0.2708515478298068,0.36972035735379905,0.3771198522299528,0.4008759680436924,0.4898718590848148,0.5129621862433851,0.6983538521453738,1.0755754930432886,1.2847588891163468,1.9812378324568272,3.5946323424577713,9.697826907038689
8.347259506583214,7.050251871347427,3.285376524552703,1.9656940400600433,0.9199969926849008,0.7767584389075637,0.4963292498141527,0.5264840954914689,0.4007183639332652,0.34276768984273076,0.30158849665895104,0.268598384456709,0.2486436136532575,0.21292121848091483,0.19878934184089303,0.15763704548589885,0.1470594077836722,0.13422665162943304,0.13472718349657953,0.12076084106229246,0.11951897293329239,0.11304907291196287,0.10530417808331549,0.10329533996991813,0.09910252992995083,0.09503122232854366,0.09060268732719123,0.08957706927321851,0.08855655184015632,0.08525532437488437,0.0824028718052432,0.08146043017040938,0.07922134269028902,0.07922322617378086,0.07696193002630025,0.07566301606129855,0.07448019122239202,0.07341268355958164,0.07245009182952344,0.07158478430937976,0.07081052917055786,0.07012273790314794,0.0695168423699215,0.06898994476068765,0.06853859534021467,0.0681608613813296,0.06785427720751613,0.06761754781473428,0.06744922185316682,0.06734859733842313,0.06731517985463142,0.06734859733842313,0.06744922185316682,0.06761754781473428,0.06785427720751613,0.0681608613813296,0.06853859534021467,0.06898994476068765,0.0695168423699215,0.07012273790314794,0.07081052917055786,0.07158478430937976,0.07245009182952344,0.07341268355958164,0.07448019122239202,0.07566301606129855,0.07696193002630025,0.07922322617378086,0.07922134269028902,0.08146043017040938,0.0824028718052432,0.08525532437488437,0.08855655184015632,0.08957706927321851,0.09060268732719123,0.09503122232854366,0.09910252992995083,0.10329533996991813,0.10530417808331549,0.11304907291196287,0.11951897293329239,0.12076084106229246,0.13472718349657953,0.13422665162943304,0.1470594077836722,0.15763704548589885,0.19878934184089303,0.21292121848091483,0.2486436136532575,0.268598384456709,0.30158849665895104,0.34276768984273076,0.4007183639332652,0.5264840954914689,0.4963292498141527,0.7767584389075637,0.9199969926849008,1.9656940400600433,3.285376524552703,7.050251871347427
8.700806207954884,5.600870385766029,3.2955343890935183,1.9274419096764177,1.3657010979950428,0.9992693103849888,0.6317193661816418,0.5681142909452319,0.44768454163568094,0.4341455763205886,0.4845693977549672,0.4485576208680868,0.3241042993031442,0.29031324584502727,0.2395507632754743,0.2193804564885795,0.23192846367601305,0.20849742519203573,0.19597314775455743,0.1827849475084804,0.182102567050606,0.17147170117823407,0.1619140674592927,0.15717737894738093,0.15135544363874942,0.14724841678980738,0.14227346127154306,0.13866383949061856,0.13450008106883615,0.1311606778181158,0.12784018571255729,0.1258874087361619,0.12346387706929818,0.12088541983393952,0.1182243867078796,0.1162636352237314,0.11445569439092651,0.11281634587794542,0.11133536900160834,0.11000296782003716,0.10881061042891815,0.10775100177852437,0.1068180973525159,0.10600639623589814,0.10531128285219893,0.10472941742045805,0.10425724368542433,0.10389255604241043,0.10363338747993112,0.10347843158524483,0.10342675447463989,0.10347843158524483,0.10363338747993112,0.10389255604241043,0.10425724368542433,0.10472941742045805,0.10531128285219893,0.10600639623589814,0.1068180973525159,0.10775100177852437,0.10881061042891815,0.11000296782003716,0.11133536900160834,0.11281634587794542,0.11445569439092651,0.1162636352237314,0.1182243867078796,0.12088541983393952,0.12346387706929818,0.1258874087361619,0.12784018571255729,0.1311606778181158,0.13450008106883615,0.13866383949061856,0.14227346127154306,0.14724841678980738,0.15135544363874942,0.15717737894738093,0.1619140674592927,0.17147170117823407,0.182102567050606,0.1827849475084804,0.19597314775455743,0.20849742519203573,0.23192846367601305,0.2193804564885795,0.2395507632754743,0.29031324584502727,0.3241042993031442,0.4485576208680868,0.4845693977549672,0.4341455763205886,0.44768454163568094,0.5681142909452319,0.6317193661816418,0.9992693103849888,1.3657010979950428,1.9274419096764177,3.2955343890935183,5.600870385766029
7.826038951054215,5.912965424358845,2.124882347881794,1.9103409834206104,0.9325867332518101,0.8344808407127857,0.551170514896512,0.46532246796414256,0.47433790657669306,0.3302942783338949,0.3307888775598258,0.27888860180974007,0.23620431846939027,0.21178014238830656,0.20438040187582374,0.16092943400144577,0.1500191135564819,0.13069353124592453,0.12924475147156045,0.11657334031770006,0.11287495127180591,0.10786581429420039,0.1088810776709579,0.10092870733933523,0.09507888386724517,0.09353888570331037,0.0886494176229462,0.08614611162920482,0.08466750284424052,0.0814628109219484,0.08245620364323258,0.07857612882799003,0.07741154468385503,0.07444449394824915,0.07395353955507744,0.0725656933936989,0.07138895426760428,0.07033287585363723,0.06938190609798767,0.06852736820292193,0.06776347239792813,0.06708497718500439,0.06648774149653036,0.06596838256518822,0.06552392762387171,0.06515186792239547,0.0648500610695919,0.06461701764783356,0.06445137519040145,0.06435229169437662,0.06431952118873596,0.06435229169437662,0.06445137519040145,0.06461701764783356,0.0648500610695919,0.06515186792239547,0.06552392762387171,0.06596838256518822,0.06648774149653036,0.06708497718500439,0.06776347239792813,0.06852736820292193,0.06938190609798767,0.07033287585363723,0.07138895426760428,0.0725656933936989,0.07395353955507744,0.07444449394824915,0.07741154468385503,0.07857612882799003,0.08245620364323258,0.0814628109219484,0.08466750284424052,0.08614611162920482,0.0886494176229462,0.09353888570331037,0.09507888386724517,0.10092870733933523,0.1088810776709579,0.10786581429420039,0.11287495127180591,0.11657334031770006,0.12924475147156045,0.13069353124592453,0.1500191135564819,0.16092943400144577,0.20438040187582374,0.21178014238830656,0.23620431846939027,0.27888860180974007,0.3307888775598258,0.3302942783338949,0.47433790657669306,0.46532246796414256,0.551170514896512,0.8344808407127857,0.9325867332518101,1.9103409834206104,2.124882347881794,5.912965424358845
8.284283429384232,5.395122893154621,2.5582358948886395,1.6343477293848991,1.0706702694296837,0.7627115296199918,0.5992982732132077,0.5569174168631434,0.34408443537540734,0.34115197719074786,0.3384213193785399,0.2463481465820223,0.31466737668961287,0.1941716738510877,0.18254853089456446,0.1572429402731359,0.1497729464317672,0.14144795818720013,0.142812852980569,0.12935054075205699,0.1267152564250864,0.1200745104579255,0.11324040032923222,0.10597453449736349,0.10416577866999432,0.10171939455904067,0.09873172815423459,0.09724539140006527,0.09382794180419296,0.09033175889635459,0.08796435687690973,0.08668962478986941,0.08536619931692258,0.08469403861090541,0.0821451906231232,0.08072192320832983,0.07946047547738999,0.07832179951947182,0.07729450249462388,0.07637081315624528,0.07554403974791057,0.07480949847376905,0.07416252029361203,0.07359948477824219,0.07311736766132526,0.07271381426835433,0.07238613441586494,0.07213317032437772,0.0719533501251135,0.07184586685616523,0.07181007415056229,0.07184586685616523,0.0719533501251135,0.07213317032437772,0.07238613441586494,0.07271381426835433,0.07311736766132526,0.07359948477824219,0.07416252029361203,0.07480949847376905,0.07554403974791057,0.07637081315624528,0.07729450249462388,0.07832179951947182,0.07946047547738999,0.08072192320832983,0.0821451906231232,0.08469403861090541,0.08536619931692258,0.08668962478986941,0.08796435687690973,0.09033175889635459,0.09382794180419296,0.09724539140006527,0.09873172815423459,0.10171939455904067,0.10416577866999432,0.10597453449736349,0.11324040032923222,0.1200745104579255,0.1267152564250864,0.12935054075205699,0.142812852980569,0.14144795818720013,0.1497729464317672,0.1572429402731359,0.18254853089456446,0.1941716738510877,0.31466737668961287,0.2463481465820223,0.3384213193785399,0.34115197719074786,0.34408443537540734,0.5569174168631434,0.5992982732132077,0.7627115296199918,1.0706702694296837,1.6343477293848991,2.5582358948886395,5.395122893154621
7.902858667075634,4.402655638754368,2.572447471320629,1.2255364172160625,0.6409930633381009,0.8774139955639839,0.6531173153780401,0.42939989594742656,0.3799668834544718,0.3184682442806661,0.21496969205327332,0.21804061660077423,0.24758616054896265,0.18894021259620786,0.1604481756221503,0.1303695065435022,0.12215448467759416,0.09367590746842325,0.09684271493460983,0.09278622356941923,0.084348572534509,0.08416980830952525,0.07813554117456079,0.07678730215411633,0.07105271646287292,0.07052635645959526,0.06745044095441699,0.06606126399128698,0.06285687189665623,0.0609176886791829,0.060484438581625,0.0590128829353489,0.05765087786130607,0.05762843901175074,0.05538086102751549,0.05460389223298989,0.05377170740393922,0.053001156251411885,0.05230082642810885,0.05166902772907633,0.05110307536961045,0.05059990334848408,0.050156554047134705,0.04977096896618605,0.049440773073001765,0.04916419995424803,0.04893994926533196,0.04876672485261224,0.048643624686519615,0.048569954713457264,0.0485454173758626,0.048569954713457264,0.048643624686519615,0.04876672485261224,0.04893994926533196,0.04916419995424803,0.049440773073001765,0.04977096896618605,0.050156554047134705,0.05059990334848408,0.05110307536961045,0.05166902772907633,0.05230082642810885,0.053001156251411885,0.05377170740393922,0.05460389223298989,0.05538086102751549,0.05762843901175074,0.05765087786130607,0.0590128829353489,0.060484438581625,0.0609176886791829,0.06285687189665623,0.06606126399128698,0.06745044095441699,0.07052635645959526,0.07105271646287292,0.07678730215411633,0.07813554117456079,0.08416980830952525,0.084348572534509,0.09278622356941923,0.09684271493460983,0.09367590746842325,0.12215448467759416,0.1303695065435022,0.1604481756221503,0.18894021259620786,0.24758616054896265,0.21804061660077423,0.21496969205327332,0.3184682442806661,0.3799668834544718,0.42939989594742656,0.6531173153780401,0.8774139955639839,0.6409930633381009,1.2255364172160625,2.572447471320629,4.402655638754368
6.875311113893986,4.061319790780544,2.018801523372531,1.1979726795107126,0.7003623936325312,0.5681811752729118,0.4526996943168342,0.36183171067386866,0.2861546892672777,0.28106814296916127,0.25337701104581356,0.2617455096915364,0.23903606948442757,0.23851807694882154,0.2175638920161873,0.14630680275149643,0.1466151246568188,0.13977036939468235,0.12514162668958306,0.11060743016423658,0.10428727422549855,0.10316034784773365,0.10001327755162492,0.09359796054195613,0.09020304118166678,0.08744824718451127,0.08499417842540424,0.08102274136035703,0.07901415413653012,0.0778543377891765,0.0755172791541554,0.07390923908678815,0.07222443765203934,0.07129466709739063,0.06970315567741636,0.0685178920684848,0.06744371935201343,0.06647167936898768,0.06559395526710432,0.0648040014639264,0.06409711335436441,0.06346918402414303,0.06291572288319003,0.062434599924017675,0.06202248384943232,0.061677330813836306,0.06139740896469448,0.061181216544355266,0.061027534917229787,0.06093567925563548,0.06090506538748741,0.06093567925563548,0.061027534917229787,0.061181216544355266,0.06139740896469448,0.061677330813836306,0.06202248384943232,0.062434599924017675,0.06291572288319003,0.06346918402414303,0.06409711335436441,0.0648040014639264,0.06559395526710432,0.06647167936898768,0.06744371935201343,0.0685178920684848,0.06970315567741636,0.07129466709739063,0.07222443765203934,0.07390923908678815,0.0755172791541554,0.0778543377891765,0.07901415413653012,0.08102274136035703,0.08499417842540424,0.08744824718451127,0.09020304118166678,0.09359796054195613,0.10001327755162492,0.10316034784773365,0.10428727422549855,0.11060743016423658,0.12514162668958306,0.13977036939468235,0.1466151246568188,0.14630680275149643,0.2175638920161873,0.23851807694882154,0.23903606948442757,0.2617455096915364,0.25337701104581356,0.28106814296916127,0.2861546892672777,0.36183171067386866,0.4526996943168342,0.5681811752729118,0.7003623936325312,1.1979726795107126,2.018801523372531,4.061319790780544
7.243251174688339,4.950792610645294,1.553543597459793,1.095302538946271,0.6421199841424823,0.5853089988231659,0.40943816071376204,0.44700742419809103,0.3404852752573788,0.26993901678361,0.24447376746684313,0.2868637628853321,0.23471097508445382,0.22439445788040757,0.20289533550385386,0.18124826974235475,0.1538595218444243,0.1470364942215383,0.13524400792084634,0.12321745383087546,0.11862803238909692,0.11587569420225918,0.11241066572256386,0.10535615764092654,0.10175058280583471,0.09845499438233674,0.09630189638119191,0.09278705320321023,0.0909816431812942,0.08884113223757595,0.08635893661994487,0.08404393366072327,0.08275637158658355,0.08157221309375018,0.07983261253684759,0.0785114779137075,0.07729087013285607,0.0761850472772494,0.07518609310500324,0.0742870025569573,0.07348231901414692,0.07276701834052801,0.0721372504485771,0.07158911169972271,0.07111980265472084,0.07072683714795858,0.07040801201947033,0.070161675917916,0.06998658995144069,0.06988193083088845,0.06984712183475494,0.06988193083088845,0.06998658995144069,0.070161675917916,0.07040801201947033,0.07072683714795858,0.07111980265472084,0.07158911169972271,0.0721372504485771,0.07276701834052801,0.07348231901414692,0.0742870025569573,0.07518609310500324,0.0761850472772494,0.07729087013285607,0.0785114779137075,0.07983261253684759,0.08157221309375018,0.08275637158658355,0.08404393366072327,0.08635893661994487,0.08884113223757595,0.0909816431812942,0.09278705320321023,0.09630189638119191,0.09845499438233674,0.10175058280583471,0.10535615764092654,0.11241066572256386,0.11587569420225918,0.11862803238909692,0.12321745383087546,0.13524400792084634,0.1470364942215383,0.1538595218444243,0.18124826974235475,0.20289533550385386,0.22439445788040757,0.23471097508445382,0.2868637628853321,0.24447376746684313,0.26993901678361,0.3404852752573788,0.44700742419809103,0.40943816071376204,0.5853089988231659,0.6421199841424823,1.095302538946271,1.553543597459793,4.950792610645294
6.954971928149462,3.0761711448431015,1.5905822105705738,0.8589259646832943,0.5979715441353619,0.45617006928659976,0.31268955976702273,0.31285787746310234,0.2688929522410035,0.25074209086596966,0.20643005124293268,0.17623146367259324,0.24043193785473704,0.15080222114920616,0.14670979173388332,0.13278597767930478,0.11224559601396322,0.10812878800788894,0.09775042487308383,0.09056058106943965,0.08600072760600597,0.08129685366293415,0.0787891152431257,0.07595752540510148,0.07360840489855036,0.068890675669536,0.06761575018754229,0.06555052529438399,0.06423568254103884,0.06250095172435977,0.060874259448610246,0.059747061488451436,0.05830450862413272,0.057406864303629845,0.05623971227032598,0.055271915582125075,0.05439955629117321,0.053610609073075466,0.05289887970138807,0.05225887824781239,0.05168656422756612,0.05117853014962748,0.0507311757246498,0.05034197815984953,0.05000907239445951,0.04973035183502361,0.049504098162287846,0.049329441477311775,0.04920530198432971,0.04913113951624837,0.04910638369619846,0.04913113951624837,0.04920530198432971,0.049329441477311775,0.049504098162287846,0.04973035183502361,0.05000907239445951,0.05034197815984953,0.0507311757246498,0.05117853014962748,0.05168656422756612,0.05225887824781239,0.05289887970138807,0.053610609073075466,0.05439955629117321,0.055271915582125075,0.05623971227032598,0.057406864303629845,0.05830450862413272,0.059747061488451436,0.060874259448610246,0.06250095172435977,0.06423568254103884,0.06555052529438399,0.06761575018754229,0.068890675669536,0.07360840489855036,0.07595752540510148,0.0787891152431257,0.08129685366293415,0.08600072760600597,0.09056058106943965,0.09775042487308383,0.10812878800788894,0.11224559601396322,0.13278597767930478,0.14670979173388332,0.15080222114920616,0.24043193785473704,0.17623146367259324,0.20643005124293268,0.25074209086596966,0.2688929522410035,0.31285787746310234,0.31268955976702273,0.45617006928659976,0.5979715441353619,0.8589259646832943,1.5905822105705738,3.0761711448431015
6.005599465221167,3.0001390548422933,2.09796195384115,0.9205435607582331,0.8549800626933575,0.6387381684035063,0.4412099728360772,0.5438022315502167,0.31625178933609277,0.2137500888784416,0.3327479278668761,0.2413639989681542,0.23566734814085066,0.19918920239433646,0.1921431650989689,0.15525140112731606,0.11571445991285145,0.10497119958745316,0.11572575068566948,0.09732776286546141,0.09916947902092943,0.09592152980621904,0.09261213603895158,0.08224560364033096,0.08628550064167939,0.08136476809158921,0.0775086299108807,0.0747302383533679,0.07324846851406619,0.06957993665128015,0.06802283666911535,0.06748614943353459,0.0653965889941901,0.06371969834435731,0.06286401831312105,0.06164066963538062,0.06061900297936518,0.05970589727803599,0.05888559496088419,0.05815009921207093,0.05749323377676774,0.05691044086415786,0.05639784034428885,0.0559522518015001,0.055570910597452894,0.05525174858485116,0.05499276724003721,0.054792825067124795,0.054650718011544086,0.054565753787755966,0.05453738942742348,0.054565753787755966,0.054650718011544086,0.054792825067124795,0.05499276724003721,0.05525174858485116,0.055570910597452894,0.0559522518015001,0.05639784034428885,0.05691044086415786,0.05749323377676774,0.05815009921207093,0.05888559496088419,0.05970589727803599,0.06061900297936518,0.06164066963538062,0.06286401831312105,0.06371969834435731,0.0653965889941901,0.06748614943353459,0.06802283666911535,0.06957993665128015,0.07324846851406619,0.0747302383533679,0.0775086299108807,0.08136476809158921,0.08628550064167939,0.08224560364033096,0.09261213603895158,0.09592152980621904,0.09916947902092943,0.09732776286546141,0.11572575068566948,0.10497119958745316,0.11571445991285145,0.15525140112731606,0.1921431650989689,0.19918920239433646,0.23566734814085066,0.2413639989681542,0.3327479278668761,0.2137500888784416,0.31625178933609277,0.5438022315502167,0.4412099728360772,0.6387381684035063,0.8549800626933575,0.9205435607582331,2.09796195384115,3.0001390548422933
5.890261251479387,5.8817265667021275,3.5488011743873358,2.2085538282990456,1.9262420032173395,1.640262983739376,1.280835686251521,0.9251911006867886,0.59741894248873,0.4333608546294272,0.45779895316809416,0.37954737478867173,0.30204448592849076,0.2966591012664139,0.2625691893044859,0.19741767644882202,0.20020502246916294,0.16725319251418114,0.17852237151237205,0.17983256268780679,0.15944807743653655,0.13820041855797172,0.13907171715982258,0.14513136842288077,0.12079457682557404,0.11831433034967631,0.11697963622282259,0.11936281051021069,0.11520237587683368,0.10304537590127438,0.10036987910280004,0.09884755179518834,0.10896254109684378,0.09546877135289833,0.09237821458373219,0.09103886072989553,0.0897182947373949,0.08847117505501956,0.08732574281748384,0.08628707216121256,0.0853534375783056,0.08452177897561342,0.08378827694104984,0.08314925682498142,0.08260202151723206,0.08214343595318496,0.08177134313154966,0.081483822199516,0.0812794747762382,0.08115725533571094,0.0811165776103735,0.08115725533571094,0.0812794747762382,0.081483822199516,0.08177134313154966,0.08214343595318496,0.08260202151723206,0.08314925682498142,0.08378827694104984,0.08452177897561342,0.0853534375783056,0.08628707216121256,0.08732574281748384,0.08847117505501956,0.0897182947373949,0.09103886072989553,0.09237821458373219,0.09546877135289833,0.10896254109684378,0.09884755179518834,0.10036987910280004,0.10304537590127438,0.11520237587683368,0.11936281051021069,0.11697963622282259,0.11831433034967631,0.12079457682557404,0.14513136842288077,0.13907171715982258,0.13820041855797172,0.15944807743653655,0.17983256268780679,0.17852237151237205,0.16725319251418114,0.20020502246916294,0.19741767644882202,0.2625691893044859,0.2966591012664139,0.30204448592849076,0.37954737478867173,0.45779895316809416,0.4333608546294272,0.59741894248873,0.9251911006867886,1.280835686251521,1.640262983739376,1.9262420032173395,2.2085538282990456,3.5488011743873358,5.8817265667021275
8.346640221774578,7.774285942316055,3.918272078037262,1.7922712862491608,1.507926993072033,1.188173949252814,0.8150120861828327,0.9293513833545148,0.4837741171941161,0.5143862133845687,0.4130093427374959,0.3212650717468932,0.2769345659762621,0.2744038994424045,0.23560473113320768,0.20912725757807493,0.1869674570625648,0.1670155676547438,0.1723095327615738,0.13133565336465836,0.134978269925341,0.14294328342657536,0.12683424534043297,0.13434517392306589,0.11720890970900655,0.11007466522278264,0.10185042402008548,0.09852847093134187,0.10415467224083841,0.10285749845206738,0.09533339826157317,0.09552397904917598,0.09049302100902423,0.08910466445377097,0.0904534276924096,0.08669408311834559,0.08481487294193357,0.08333383122226223,0.08207030859193765,0.08096635527908802,0.079994991683634,0.07914068474201486,0.0783937712549232,0.07774658565176651,0.07719418140186463,0.0767322098108707,0.07635761033452582,0.07606835316983052,0.07586262995027937,0.07573962878086604,0.07569879293441772,0.07573962878086604,0.07586262995027937,0.07606835316983052,0.07635761033452582,0.0767322098108707,0.07719418140186463,0.07774658565176651,0.0783937712549232,0.07914068474201486,0.079994991683634,0.08096635527908802,0.08207030859193765,0.08333383122226223,0.08481487294193357,0.08669408311834559,0.0904534276924096,0.08910466445377097,0.09049302100902423,0.09552397904917598,0.09533339826157317,0.10285749845206738,0.10415467224083841,0.09852847093134187,0.10185042402008548,0.11007466522278264,0.11720890970900655,0.13434517392306589,0.12683424534043297,0.14294328342657536,0.134978269925341,0.13133565336465836,0.1723095327615738,0.1670155676547438,0.1869674570625648,0.20912725757807493,0.23560473113320768,0.2744038994424045,0.2769345659762621,0.3212650717468932,0.4130093427374959,0.5143862133845687,0.4837741171941161,0.9293513833545148,0.8150120861828327,1.188173949252814,1.507926993072033,1.7922712862491608,3.918272078037262,7.774285942316055
7.046932349447161,9.166740417480469,4.138712830841541,2.1879007071256638,1.4224213473498821,1.0823779068887234,0.6627703309059143,0.6517342953011394,0.44245828688144684,0.3925006140489131,0.29830636689439416,0.289211621042341,0.30641399044543505,0.2690208042040467,0.21634142543189228,0.18030394800007343,0.19815617019776255,0.1708420870709233,0.16512033471371979,0.15971018839627504,0.14846784225665033,0.13587691212887876,0.13226942194160074,0.1279018169734627,0.13086940976791084,0.12202127161435783,0.11558764189248905,0.11367044690996408,0.10860655416036025,0.10694055334897712,0.1047454725485295,0.10113703162642196,0.09904231791006168,0.0979050422902219,0.09637711054529063,0.09454224837827496,0.09304788138251752,0.09171581297414377,0.09051759881549515,0.0894407432351727,0.08847752123256214,0.08762132705305703,0.08686740297707729,0.08621133348788135,0.08564957435010001,0.08517871102958452,0.08479695515416097,0.08450196459307335,0.08429225280997343,0.08416666166158393,0.08412507176399231,0.08416666166158393,0.08429225280997343,0.08450196459307335,0.08479695515416097,0.08517871102958452,0.08564957435010001,0.08621133348788135,0.08686740297707729,0.08762132705305703,0.08847752123256214,0.0894407432351727,0.09051759881549515,0.09171581297414377,0.09304788138251752,0.09454224837827496,0.09637711054529063,0.0979050422902219,0.09904231791006168,0.10113703162642196,0.1047454725485295,0.10694055334897712,0.10860655416036025,0.11367044690996408,0.11558764189248905,0.12202127161435783,0.13086940976791084,0.1279018169734627,0.13226942194160074,0.13587691212887876,0.14846784225665033,0.15971018839627504,0.16512033471371979,0.1708420870709233,0.19815617019776255,0.18030394800007343,0.21634142543189228,0.2690208042040467,0.30641399044543505,0.289211621042341,0.29830636689439416,0.3925006140489131,0.44245828688144684,0.6517342953011394,0.6627703309059143,1.0823779068887234,1.4224213473498821,2.1879007071256638,4.138712830841541,9.166740417480469
6.647002562880516,8.343882460147142,2.456565737724304,1.6376404631882906,1.02176543045789,0.7337795840576291,0.598438001703471,0.5066203465685248,0.4405569205991924,0.45142678171396255,0.39569421391934156,0.39386012591421604,0.30219446355476975,0.31007897621020675,0.26208984944969416,0.24302735505625606,0.22636282350867987,0.19860502751544118,0.2012740825302899,0.18073810660280287,0.17446554638445377,0.16805425030179322,0.16216055466793478,0.15504272503312677,0.14762916322797537,0.14272250910289586,0.13725153205450624,0.13281798106618226,0.1312553536845371,0.12928467500023544,0.12574870302341878,0.12378447409719229,0.12027845322154462,0.11693293298594654,0.11564163363073021,0.1135506599675864,0.11177856824360788,0.11017957562580705,0.10873568139504641,0.10743625077884644,0.10627297486644238,0.10523891379125416,0.10432815924286842,0.1035356423817575,0.10285709623713046,0.10228873568121344,0.10182775498833507,0.1014715675264597,0.1012183902785182,0.10106709180399776,0.10101663693785667,0.10106709180399776,0.1012183902785182,0.1014715675264597,0.10182775498833507,0.10228873568121344,0.10285709623713046,0.1035356423817575,0.10432815924286842,0.10523891379125416,0.10627297486644238,0.10743625077884644,0.10873568139504641,0.11017957562580705,0.11177856824360788,0.1135506599675864,0.11564163363073021,0.11693293298594654,0.12027845322154462,0.12378447409719229,0.12574870302341878,0.12928467500023544,0.1312553536845371,0.13281798106618226,0.13725153205450624,0.14272250910289586,0.14762916322797537,0.15504272503312677,0.16216055466793478,0.16805425030179322,0.17446554638445377,0.18073810660280287,0.2012740825302899,0.19860502751544118,0.22636282350867987,0.24302735505625606,0.26208984944969416,0.31007897621020675,0.30219446355476975,0.39386012591421604,0.39569421391934156,0.45142678171396255,0.4405569205991924,0.5066203465685248,0.598438001703471,0.7337795840576291,1.02176543045789,1.6376404631882906,2.456565737724304,8.343882460147142
6.006188692525029,6.975547209382057,3.08504868298769,1.27402725815773,0.8799318233504891,0.8083625007420778,0.5609761020168662,0.49172620475292206,0.421138966223225,0.37371585704386234,0.3185205706395209,0.28762363106943667,0.28368588956072927,0.22435939480783418,0.20905800838954747,0.19477974600158632,0.17875304049812257,0.16287464642664418,0.16253921925090253,0.15012713830219582,0.14761572750285268,0.13484447612427175,0.1301325433596503,0.12641640588117298,0.12126353493658826,0.11775731854140759,0.11400937029975466,0.11124968621879816,0.10712023521773517,0.10496307790162973,0.10198189292714233,0.10076210570696276,0.0985661203158088,0.09633788166684099,0.09455615616752766,0.0930038345977664,0.09156181028811261,0.0902512733155163,0.08906613186991308,0.08799917199939955,0.08704393573862035,0.08619492783327587,0.08544700469064992,0.08479624950268771,0.0842390888283262,0.0837722880023648,0.08339375916693825,0.08310130722384201,0.08289345070079435,0.0827692186794593,0.08272784668952227,0.0827692186794593,0.08289345070079435,0.08310130722384201,0.08339375916693825,0.0837722880023648,0.0842390888283262,0.08479624950268771,0.08544700469064992,0.08619492783327587,0.08704393573862035,0.08799917199939955,0.08906613186991308,0.0902512733155163,0.09156181028811261,0.0930038345977664,0.09455615616752766,0.09633788166684099,0.0985661203158088,0.10076210570696276,0.10198189292714233,0.10496307790162973,0.10712023521773517,0.11124968621879816,0.11400937029975466,0.11775731854140759,0.12126353493658826,0.12641640588117298,0.1301325433596503,0.13484447612427175,0.14761572750285268,0.15012713830219582,0.16253921925090253,0.16287464642664418,0.17875304049812257,0.19477974600158632,0.20905800838954747,0.22435939480783418,0.28368588956072927,0.28762363106943667,0.3185205706395209,0.37371585704386234,0.421138966223225,0.49172620475292206,0.5609761020168662,0.8083625007420778,0.8799318233504891,1.27402725815773,3.08504868298769,6.975547209382057
7.159010179340839,5.257447756826878,1.9452606113627553,1.1171238124370575,0.7480620490387082,0.7544215936213732,0.4101306591182947,0.3661071169190109,0.3827670272439718,0.37355799367651343,0.28431337024085224,0.2540192597080022,0.23895580950193107,0.17521198652684689,0.1810599034652114,0.16489189816638827,0.15554692829027772,0.14628856407944113,0.1328533545602113,0.12834046344505623,0.12153013132046908,0.11070464312797412,0.10502476152032614,0.10102896484022494,0.0990320896380581,0.09633940766798332,0.09335270858719014,0.08970933277305448,0.08731037536927033,0.08506604549620533,0.08502449651132338,0.08185027472791262,0.08020805424894206,0.07971240355982445,0.07687597116455436,0.0756422801350709,0.07445895168348216,0.07338427373906597,0.0724135109630879,0.07154053589329123,0.07075953259482048,0.07006573004764505,0.06945495777472388,0.06892387922562193,0.06846911479078699,0.06808833849208895,0.06777961904299445,0.06754108525638003,0.0673715915181674,0.06727017715456896,0.06723640486598015,0.06727017715456896,0.0673715915181674,0.06754108525638003,0.06777961904299445,0.06808833849208895,0.06846911479078699,0.06892387922562193,0.06945495777472388,0.07006573004764505,0.07075953259482048,0.07154053589329123,0.0724135109630879,0.07338427373906597,0.07445895168348216,0.0756422801350709,0.07687597116455436,0.07971240355982445,0.08020805424894206,0.08185027472791262,0.08502449651132338,0.08506604549620533,0.08731037536927033,0.08970933277305448,0.09335270858719014,0.09633940766798332,0.0990320896380581,0.10102896484022494,0.10502476152032614,0.11070464312797412,0.12153013132046908,0.12834046344505623,0.1328533545602113,0.14628856407944113,0.15554692829027772,0.16489189816638827,0.1810599034652114,0.17521198652684689,0.23895580950193107,0.2540192597080022,0.28431337024085224,0.37355799367651343,0.3827670272439718,0.3661071169190109,0.4101306591182947,0.7544215936213732,0.7480620490387082,1.1171238124370575,1.9452606113627553,5.257447756826878
5.137050408869982,4.68842776119709,2.6598461121320724,1.724667999893427,1.1686798129230738,0.8903853697702289,0.9180253290105611,0.6120541412383318,0.6386881363578141,0.47614652663469315,0.38503228256013244,0.3334161494858563,0.3029972007498145,0.26791728381067514,0.24785385257564485,0.2157994220033288,0.22627569595351815,0.18047334859147668,0.1922551328316331,0.18581859325058758,0.16449334332719445,0.14556514448486269,0.15252101654186845,0.12389124114997685,0.1404875172302127,0.12357622059062123,0.11792060942389071,0.13979007443413138,0.11318874452263117,0.11565107270143926,0.11910384870134294,0.11606199387460947,0.10749043070245534,0.10983303003013134,0.10437650512903929,0.10266752424649894,0.10097400099039078,0.09943723399192095,0.09805499110370874,0.09681769646704197,0.09571509924717247,0.09473866154439747,0.093881068052724,0.0931368984747678,0.09250083495862782,0.09196913545019925,0.09153822530061007,0.0912057391833514,0.09096960467286408,0.09082845295779407,0.09078150615096092,0.09082845295779407,0.09096960467286408,0.0912057391833514,0.09153822530061007,0.09196913545019925,0.09250083495862782,0.0931368984747678,0.093881068052724,0.09473866154439747,0.09571509924717247,0.09681769646704197,0.09805499110370874,0.09943723399192095,0.10097400099039078,0.10266752424649894,0.10437650512903929,0.10983303003013134,0.10749043070245534,0.11606199387460947,0.11910384870134294,0.11565107270143926,0.11318874452263117,0.13979007443413138,0.11792060942389071,0.12357622059062123,0.1404875172302127,0.12389124114997685,0.15252101654186845,0.14556514448486269,0.16449334332719445,0.18581859325058758,0.1922551328316331,0.18047334859147668,0.22627569595351815,0.2157994220033288,0.24785385257564485,0.26791728381067514,0.3029972007498145,0.3334161494858563,0.38503228256013244,0.47614652663469315,0.6386881363578141,0.6120541412383318,0.9180253290105611,0.8903853697702289,1.1686798129230738,1.724667999893427,2.6598461121320724,4.68842776119709
5.2681326027959585,4.847603186964989,4.622963547706604,1.792430516332388,1.7365169934928417,1.9751523174345493,1.6678824108093977,1.1465603755787015,0.6193195730447769,0.4868643986992538,0.4243964422494173,0.41348564624786377,0.296460616402328,0.28152392501942813,0.2652419746154919,0.2506896243430674,0.2021934271324426,0.19079983397386968,0.1869772532954812,0.18990133819170296,0.15925051510566846,0.15311615099199116,0.15497392712859437,0.1362478447263129,0.12101241981144994,0.12586261075921357,0.12233860493870452,0.10859570774482563,0.1080006540287286,0.11244896991411224,0.09777117228077259,0.0975504296948202,0.09429753173026256,0.09578208133461885,0.09332900069421157,0.09004119067685679,0.08816442009992898,0.08665526105323806,0.08536160265794024,0.08423005740041845,0.08323483797721565,0.08236093961750157,0.08159755743690766,0.08093742129858583,0.08037491110735573,0.07990524859633297,0.07952531188493595,0.07923232761095278,0.07902437617303804,0.07890021710772999,0.07885882072150707,0.07890021710772999,0.07902437617303804,0.07923232761095278,0.07952531188493595,0.07990524859633297,0.08037491110735573,0.08093742129858583,0.08159755743690766,0.08236093961750157,0.08323483797721565,0.08423005740041845,0.08536160265794024,0.08665526105323806,0.08816442009992898,0.09004119067685679,0.09332900069421157,0.09578208133461885,0.09429753173026256,0.0975504296948202,0.09777117228077259,0.11244896991411224,0.1080006540287286,0.10859570774482563,0.12233860493870452,0.12586261075921357,0.12101241981144994,0.1362478447263129,0.15497392712859437,0.15311615099199116,0.15925051510566846,0.18990133819170296,0.1869772532954812,0.19079983397386968,0.2021934271324426,0.2506896243430674,0.2652419746154919,0.28152392501942813,0.296460616402328,0.41348564624786377,0.4243964422494173,0.4868643986992538,0.6193195730447769,1.1465603755787015,1.6678824108093977,1.9751523174345493,1.7365169934928417,1.792430516332388,4.622963547706604,4.847603186964989
4.36439929716289,4.7894448563456535,4.399477422237396,1.8727181870490313,1.586595579981804,1.0570238679647446,0.9760971013456583,0.4826598074287176,0.6591746667400002,0.4253625334240496,0.35950942477211356,0.283240573015064,0.3075046450830996,0.24978344095870852,0.2544283871538937,0.1982292359462008,0.1851656074868515,0.1697037949343212,0.15360554959625006,0.16212035214994103,0.14671338256448507,0.15042894356884062,0.14028603438055143,0.13442022260278463,0.12620421557221562,0.11875636872719042,0.12166471942327917,0.12196058582048863,0.11516313359607011,0.10584408225258812,0.10832900118839461,0.10903792444150895,0.10300741100218147,0.10171749052824453,0.09907398786162958,0.09783695836085826,0.09639332763617858,0.09506045188754797,0.09384919417789206,0.09275568812154233,0.09177483670646325,0.09090168564580381,0.0901315406372305,0.08946074216510169,0.08888583641964942,0.08840404258808121,0.08801283166394569,0.08771051306393929,0.08749553156667389,0.08736699775909074,0.08732420764863491,0.08736699775909074,0.08749553156667389,0.08771051306393929,0.08801283166394569,0.08840404258808121,0.08888583641964942,0.08946074216510169,0.0901315406372305,0.09090168564580381,0.09177483670646325,0.09275568812154233,0.09384919417789206,0.09506045188754797,0.09639332763617858,0.09783695836085826,0.09907398786162958,0.10171749052824453,0.10300741100218147,0.10903792444150895,0.10832900118839461,0.10584408225258812,0.11516313359607011,0.12196058582048863,0.12166471942327917,0.11875636872719042,0.12620421557221562,0.13442022260278463,0.14028603438055143,0.15042894356884062,0.14671338256448507,0.16212035214994103,0.15360554959625006,0.1697037949343212,0.1851656074868515,0.1982292359462008,0.2544283871538937,0.24978344095870852,0.3075046450830996,0.283240573015064,0.35950942477211356,0.4253625334240496,0.6591746667400002,0.4826598074287176,0.9760971013456583,1.0570238679647446,1.586595579981804,1.8727181870490313,4.399477422237396,4.7894448563456535
7.64148785173893,5.511778052896261,2.668811120092869,1.2386175021529198,1.0023166555911303,0.6674873866140842,0.45690241642296314,0.46709531359374523,0.37295304983854294,0.3398191835731268,0.2744675406720489,0.23430071957409382,0.21671870560385287,0.16246607538778335,0.1475166624877602,0.134071588749066,0.13058663578704,0.1134103441145271,0.1151495217345655,0.10642161237774417,0.09560440751374699,0.10082126973429695,0.09309750166721642,0.08660816110204905,0.08852894598385319,0.0837099292257335,0.07992092749918811,0.07847143756225705,0.07586243032710627,0.07491252903128043,0.07121601729886606,0.07076411345042288,0.06888550258008763,0.06634867706452496,0.06589341702056117,0.0647846267092973,0.06382955930894241,0.06295353855239227,0.06215454693301581,0.061431003850884736,0.060780628642532974,0.06020053627435118,0.0596887462597806,0.05924237470026128,0.058860061661107466,0.05853922915412113,0.05827881157165393,0.058077604247955605,0.057934489886974916,0.057848875905619934,0.05782053619623184,0.057848875905619934,0.057934489886974916,0.058077604247955605,0.05827881157165393,0.05853922915412113,0.058860061661107466,0.05924237470026128,0.0596887462597806,0.06020053627435118,0.060780628642532974,0.061431003850884736,0.06215454693301581,0.06295353855239227,0.06382955930894241,0.0647846267092973,0.06589341702056117,0.06634867706452496,0.06888550258008763,0.07076411345042288,0.07121601729886606,0.07491252903128043,0.07586243032710627,0.07847143756225705,0.07992092749918811,0.0837099292257335,0.08852894598385319,0.08660816110204905,0.09309750166721642,0.10082126973429695,0.09560440751374699,0.10642161237774417,0.1151495217345655,0.1134103441145271,0.13058663578704,0.134071588749066,0.1475166624877602,0.16246607538778335,0.21671870560385287,0.23430071957409382,0.2744675406720489,0.3398191835731268,0.37295304983854294,0.46709531359374523,0.45690241642296314,0.6674873866140842,1.0023166555911303,1.2386175021529198,2.668811120092869,5.511778052896261
4.721835761331022,5.683922156691551,3.612495929002762,1.5238720439374447,1.1959979459643364,0.9073846489191055,0.7160039148293436,0.600606475956738,0.5427682427689433,0.5405892198905349,0.40877189161255956,0.40264876931905746,0.33528093807399273,0.29991411470109597,0.29859216674230993,0.260160013101995,0.2454346043523401,0.23101301374845207,0.22227178374305367,0.2144152377732098,0.1967551844427362,0.1914032882777974,0.18346985091920942,0.17662055790424347,0.16810658120084554,0.1640803050249815,0.159468462865334,0.15465568989748135,0.15003091498510912,0.14716186956502497,0.1440071085235104,0.14044547331286594,0.13751299236901104,0.13504920055856928,0.13216458848910406,0.12999974295962602,0.127986068604514,0.12615565891610458,0.12449971356545575,0.1230087012227159,0.12167391632101499,0.12048723743646406,0.1194421359396074,0.11853257863549516,0.11775394869619049,0.11710178828798234,0.11657277392805554,0.11616402069921605,0.11587359485565685,0.11569990054704249,0.11564209498465061,0.11569990054704249,0.11587359485565685,0.11616402069921605,0.11657277392805554,0.11710178828798234,0.11775394869619049,0.11853257863549516,0.1194421359396074,0.12048723743646406,0.12167391632101499,0.1230087012227159,0.12449971356545575,0.12615565891610458,0.127986068604514,0.12999974295962602,0.13216458848910406,0.13504920055856928,0.13751299236901104,0.14044547331286594,0.1440071085235104,0.14716186956502497,0.15003091498510912,0.15465568989748135,0.159468462865334,0.1640803050249815,0.16810658120084554,0.17662055790424347,0.18346985091920942,0.1914032882777974,0.1967551844427362,0.2144152377732098,0.22227178374305367,0.23101301374845207,0.2454346043523401,0.260160013101995,0.29859216674230993,0.29991411470109597,0.33528093807399273,0.40264876931905746,0.40877189161255956,0.5405892198905349,0.5427682427689433,0.600606475956738,0.7160039148293436,0.9073846489191055,1.1959979459643364,1.5238720439374447,3.612495929002762,5.683922156691551
5.297065624035895,6.7940798699855804,3.0781839778646827,0.8830568734556437,0.5522881299257278,0.5691936146467924,0.40994943492114544,0.2950756400823593,0.25695252045989037,0.32615263387560844,0.3190256031230092,0.24104849400464445,0.16942347027361393,0.11895154044032097,0.13301239733118564,0.10709233395755291,0.10409352625720203,0.08160666597541422,0.0863613773835823,0.08255196310346946,0.08101660275133327,0.07568227627780288,0.06753911633859389,0.06698674469953403,0.06449850551143754,0.05979573042714037,0.059504835022380576,0.0588495057891123,0.05696289872867055,0.0550446477427613,0.05308618456183467,0.052109021780779585,0.051043903731624596,0.05056420418259222,0.049346189363859594,0.04857291039661504,0.04782206265372224,0.04713783916668035,0.04651886789361015,0.04596140549983829,0.04546247383404989,0.04501886667276267,0.0446282572374912,0.04428834498685319,0.04399710526922718,0.04375339254329447,0.043555549302254803,0.043402774070273153,0.043294234812492505,0.04322937471442856,0.043207691982388496,0.04322937471442856,0.043294234812492505,0.043402774070273153,0.043555549302254803,0.04375339254329447,0.04399710526922718,0.04428834498685319,0.0446282572374912,0.04501886667276267,0.04546247383404989,0.04596140549983829,0.04651886789361015,0.04713783916668035,0.04782206265372224,0.04857291039661504,0.049346189363859594,0.05056420418259222,0.051043903731624596,0.052109021780779585,0.05308618456183467,0.0550446477427613,0.05696289872867055,0.0588495057891123,0.059504835022380576,0.05979573042714037,0.06449850551143754,0.06698674469953403,0.06753911633859389,0.07568227627780288,0.08101660275133327,0.08255196310346946,0.0863613773835823,0.08160666597541422,0.10409352625720203,0.10709233395755291,0.13301239733118564,0.11895154044032097,0.16942347027361393,0.24104849400464445,0.3190256031230092,0.32615263387560844,0.25695252045989037,0.2950756400823593,0.40994943492114544,0.5691936146467924,0.5522881299257278,0.8830568734556437,3.0781839778646827,6.7940798699855804
6.300365421921015,4.834665734320879,3.9035086929798126,1.4846924375742674,1.1066050520166755,0.8057906059548259,0.6248318878933787,0.5462795654311776,0.46459826733917,0.6009770110249519,0.3848843483719975,0.3400363470427692,0.3435668374877423,0.3195608613314107,0.26174631295725703,0.23767573831719346,0.2257595580886118,0.21556853759102523,0.20214464608579874,0.19344423280563205,0.18033659440698102,0.17364569194614887,0.1686096222838387,0.16149689606390893,0.15567127242684364,0.15151244855951518,0.14583159622270614,0.1419278612593189,0.13818223169073462,0.13628741865977645,0.13275230827275664,0.13014278071932495,0.12675065139774233,0.12374824465950951,0.12161762971663848,0.11964738386450335,0.11783116968581453,0.11617230344563723,0.11466702353209257,0.11330910579999909,0.11209160106955096,0.11100833275122568,0.1100536112789996,0.10922230005962774,0.10851010325131938,0.10791351605439559,0.1074295345460996,0.10705552395666018,0.10678964562248439,0.10663076466880739,0.10657782293856144,0.10663076466880739,0.10678964562248439,0.10705552395666018,0.1074295345460996,0.10791351605439559,0.10851010325131938,0.10922230005962774,0.1100536112789996,0.11100833275122568,0.11209160106955096,0.11330910579999909,0.11466702353209257,0.11617230344563723,0.11783116968581453,0.11964738386450335,0.12161762971663848,0.12374824465950951,0.12675065139774233,0.13014278071932495,0.13275230827275664,0.13628741865977645,0.13818223169073462,0.1419278612593189,0.14583159622270614,0.15151244855951518,0.15567127242684364,0.16149689606390893,0.1686096222838387,0.17364569194614887,0.18033659440698102,0.19344423280563205,0.20214464608579874,0.21556853759102523,0.2257595580886118,0.23767573831719346,0.26174631295725703,0.3195608613314107,0.3435668374877423,0.3400363470427692,0.3848843483719975,0.6009770110249519,0.46459826733917,0.5462795654311776,0.6248318878933787,0.8057906059548259,1.1066050520166755,1.4846924375742674,3.9035086929798126,4.834665734320879
4.206673160195351,6.529338352382183,3.5263882614672184,1.400977285578847,0.9789707055315375,0.7472595907747746,0.6742882113903761,0.5206014011055231,0.44849926605820656,0.4400419256417081,0.4410503078252077,0.38629267644137144,0.3179886699654162,0.24066721159033477,0.22822691325563937,0.21686260972637683,0.2076359409838915,0.1875325160799548,0.18823290767613798,0.17008174629881978,0.1749154607532546,0.16140957770403475,0.14863007284293417,0.1452374025247991,0.13844609196530655,0.13645058346446604,0.13219617353752255,0.12576219344919082,0.12440661090658978,0.12284185702446848,0.11818598752142861,0.11644284054636955,0.11411452159518376,0.11135798110626638,0.10899042221717536,0.10735924873733893,0.1057604048983194,0.10428719205083326,0.10294599444023333,0.10173431315342896,0.10064679500646889,0.09967891275300644,0.09882524432032369,0.09808185830479488,0.09744494716869667,0.09691135975299403,0.09647814228083007,0.0961435102217365,0.09590558326453902,0.09576330846175551,0.09571598749607801,0.09576330846175551,0.09590558326453902,0.0961435102217365,0.09647814228083007,0.09691135975299403,0.09744494716869667,0.09808185830479488,0.09882524432032369,0.09967891275300644,0.10064679500646889,0.10173431315342896,0.10294599444023333,0.10428719205083326,0.1057604048983194,0.10735924873733893,0.10899042221717536,0.11135798110626638,0.11411452159518376,0.11644284054636955,0.11818598752142861,0.12284185702446848,0.12440661090658978,0.12576219344919082,0.13219617353752255,0.13645058346446604,0.13844609196530655,0.1452374025247991,0.14863007284293417,0.16140957770403475,0.1749154607532546,0.17008174629881978,0.18823290767613798,0.1875325160799548,0.2076359409838915,0.21686260972637683,0.22822691325563937,0.24066721159033477,0.3179886699654162,0.38629267644137144,0.4410503078252077,0.4400419256417081,0.44849926605820656,0.5206014011055231,0.6742882113903761,0.7472595907747746,0.9789707055315375,1.400977285578847,3.5263882614672184,6.529338352382183
4.186278510838747,5.442030064761639,4.04716993868351,1.6740963347256184,1.0587004348635674,0.78127227909863,0.7110940283164382,0.58020801236853,0.45231698045972735,0.43529558181762695,0.4602567940019071,0.33281993871787563,0.39108188706450164,0.29620187170803547,0.2676689215004444,0.2620162330567837,0.23969379952177405,0.22543442714959383,0.20891286380356178,0.1963531175861135,0.18879227968864143,0.1813732860609889,0.1725237318314612,0.168889245018363,0.16176811105106026,0.1571689834818244,0.1510743210092187,0.14939821138978004,0.14544034900609404,0.1413049065740779,0.13724168681073934,0.13382947770878673,0.13202118303161114,0.12843823595903814,0.1271148103987798,0.12478459475096315,0.12281250138767064,0.12104449118487537,0.11945208284305409,0.11802111245924607,0.11674129404127598,0.11560417717555538,0.11460287048248574,0.11373187130084261,0.11298601614544168,0.11236156930681318,0.11185497359838337,0.11146365507738665,0.11118545930366963,0.11101924919057637,0.11096389964222908,0.11101924919057637,0.11118545930366963,0.11146365507738665,0.11185497359838337,0.11236156930681318,0.11298601614544168,0.11373187130084261,0.11460287048248574,0.11560417717555538,0.11674129404127598,0.11802111245924607,0.11945208284305409,0.12104449118487537,0.12281250138767064,0.12478459475096315,0.1271148103987798,0.12843823595903814,0.13202118303161114,0.13382947770878673,0.13724168681073934,0.1413049065740779,0.14544034900609404,0.14939821138978004,0.1510743210092187,0.1571689834818244,0.16176811105106026,0.168889245018363,0.1725237318314612,0.1813732860609889,0.18879227968864143,0.1963531175861135,0.20891286380356178,0.22543442714959383,0.23969379952177405,0.2620162330567837,0.2676689215004444,0.29620187170803547,0.39108188706450164,0.33281993871787563,0.4602567940019071,0.43529558181762695,0.45231698045972735,0.58020801236853,0.7110940283164382,0.78127227909863,1.0587004348635674,1.6740963347256184,4.04716993868351,5.442030064761639
3.900870557874441,6.337399959564209,2.359319370239973,0.9942827057093382,0.655880999751389,0.5254580564796925,0.35884951520711184,0.31770230643451214,0.26998478965833783,0.29820251907221973,0.2927790693938732,0.25026463624089956,0.1778757639694959,0.1653514988720417,0.1596419244306162,0.13342978584114462,0.13039571620174684,0.1217975151957944,0.11058796546421945,0.1086505124985706,0.100636609015055,0.09332197956973687,0.09257407978293486,0.08983008575160056,0.08711693284567446,0.08218003722140566,0.0805692320864182,0.07745834335219115,0.07639918522909284,0.0732732474716613,0.0718167127633933,0.07128543447470292,0.06914120604051277,0.06771151625434868,0.06627420254517347,0.06527017542975955,0.06428276011138223,0.06337481728405692,0.06254987277498003,0.06180516877793707,0.06113759134314023,0.060543447456439026,0.060019944357918575,0.05956418831192423,0.059173999397899024,0.058846837491728365,0.05858142969373148,0.05837649360182695,0.0582308044686215,0.058143684262176976,0.058114743093028665,0.058143684262176976,0.0582308044686215,0.05837649360182695,0.05858142969373148,0.058846837491728365,0.059173999397899024,0.05956418831192423,0.060019944357918575,0.060543447456439026,0.06113759134314023,0.06180516877793707,0.06254987277498003,0.06337481728405692,0.06428276011138223,0.06527017542975955,0.06627420254517347,0.06771151625434868,0.06914120604051277,0.07128543447470292,0.0718167127633933,0.0732732474716613,0.07639918522909284,0.07745834335219115,0.0805692320864182,0.08218003722140566,0.08711693284567446,0.08983008575160056,0.09257407978293486,0.09332197956973687,0.100636609015055,0.1086505124985706,0.11058796546421945,0.1217975151957944,0.13039571620174684,0.13342978584114462,0.1596419244306162,0.1653514988720417,0.1778757639694959,0.25026463624089956,0.2927790693938732,0.29820251907221973,0.26998478965833783,0.31770230643451214,0.35884951520711184,0.5254580564796925,0.655880999751389,0.9942827057093382,2.359319370239973,6.337399959564209
3.107477404177189,4.442475460469723,1.9843417759984732,1.0880179153755307,0.6049182955175638,0.43445466738194227,0.3939270821865648,0.3360888311872259,0.3549429224804044,0.3144063032232225,0.29389068484306335,0.2295450170058757,0.18143413346842863,0.16772241704165936,0.16670957277528942,0.1298326796386391,0.12278047949075699,0.11034114228095859,0.10647044226061553,0.10302469797898084,0.09724821848794818,0.09245313666178845,0.08879451378015801,0.0869969793711789,0.0840047006495297,0.08108978305244818,0.07849131996044889,0.07671918364940211,0.07496491045458242,0.0724971127929166,0.07108822837471962,0.06979550793766975,0.06832850002683699,0.06748079316457734,0.06589558522682637,0.06483264319831505,0.06384240294573829,0.06294501025695354,0.062134156993124634,0.06140424945624545,0.06075072230305523,0.06016967009054497,0.05965795257361606,0.0592123634996824,0.05883080279454589,0.05851118371356279,0.058251814218237996,0.0580513805616647,0.057908917660824955,0.05782371497480199,0.057795414701104164,0.05782371497480199,0.057908917660824955,0.0580513805616647,0.058251814218237996,0.05851118371356279,0.05883080279454589,0.0592123634996824,0.05965795257361606,0.06016967009054497,0.06075072230305523,0.06140424945624545,0.062134156993124634,0.06294501025695354,0.06384240294573829,0.06483264319831505,0.06589558522682637,0.06748079316457734,0.06832850002683699,0.06979550793766975,0.07108822837471962,0.0724971127929166,0.07496491045458242,0.07671918364940211,0.07849131996044889,0.08108978305244818,0.0840047006495297,0.0869969793711789,0.08879451378015801,0.09245313666178845,0.09724821848794818,0.10302469797898084,0.10647044226061553,0.11034114228095859,0.12278047949075699,0.1298326796386391,0.16670957277528942,0.16772241704165936,0.18143413346842863,0.2295450170058757,0.29389068484306335,0.3144063032232225,0.3549429224804044,0.3360888311872259,0.3939270821865648,0.43445466738194227,0.6049182955175638,1.0880179153755307,1.9843417759984732,4.442475460469723
3.136820511892438,3.3986704237759113,1.1809649504721165,0.5475837932899594,0.4782386487349868,0.32640642393380404,0.24605308228638023,0.20439100787916686,0.2418963818345219,0.2845841972157359,0.23515233304351568,0.18004003074020147,0.16002308309543878,0.12332441937178373,0.11971326963976026,0.08689694199711084,0.07789667777251452,0.07656033199600643,0.07265020877821371,0.06859971841913648,0.06416811139206402,0.06035697055631317,0.05753738078055903,0.05631454203103203,0.054028866477892734,0.05176915682750405,0.050361250585410744,0.048466470747371204,0.04786167349811876,0.04570630278612953,0.045249653441715054,0.04414407871081494,0.04332559937029146,0.04276548374036793,0.04179643814495648,0.041063894881517626,0.04041195900936145,0.03982632565202948,0.03929908118334424,0.0388256842525152,0.03840232749644201,0.038026441132387845,0.03769536361141945,0.037407617409371596,0.03716105689181859,0.03695469379363203,0.03678721312280686,0.03665783291853586,0.03656585368071319,0.03651088506148881,0.03649255493655801,0.03651088506148881,0.03656585368071319,0.03665783291853586,0.03678721312280686,0.03695469379363203,0.03716105689181859,0.037407617409371596,0.03769536361141945,0.038026441132387845,0.03840232749644201,0.0388256842525152,0.03929908118334424,0.03982632565202948,0.04041195900936145,0.041063894881517626,0.04179643814495648,0.04276548374036793,0.04332559937029146,0.04414407871081494,0.045249653441715054,0.04570630278612953,0.04786167349811876,0.048466470747371204,0.050361250585410744,0.05176915682750405,0.054028866477892734,0.05631454203103203,0.05753738078055903,0.06035697055631317,0.06416811139206402,0.06859971841913648,0.07265020877821371,0.07656033199600643,0.07789667777251452,0.08689694199711084,0.11971326963976026,0.12332441937178373,0.16002308309543878,0.18004003074020147,0.23515233304351568,0.2845841972157359,0.2418963818345219,0.20439100787916686,0.24605308228638023,0.32640642393380404,0.4782386487349868,0.5475837932899594,1.1809649504721165,3.3986704237759113
2.4049446657299995,3.937613468617201,1.8591283783316612,0.8778277710080147,0.6958636427298188,0.5054831235902384,0.46936409594491124,0.41392748412908986,0.30150732304900885,0.32740881107747555,0.29770097555592656,0.25743455393239856,0.22751984931528568,0.17846154631115496,0.1643506793770939,0.1447070293361321,0.11209255369612947,0.12071277995710261,0.11858114390634,0.09687165479408577,0.09838362905429676,0.09758468408836052,0.09180298753199168,0.09112822980387136,0.086028639547294,0.08068058709613979,0.07987394894007593,0.08031502674566582,0.07598869444336742,0.07391353193088435,0.07392962806625292,0.07147490049828775,0.06922879931516945,0.06863102831994183,0.06708994807559066,0.06602037377888337,0.06500239044544287,0.06407459876209032,0.0632341762247961,0.06247693060140591,0.061798374794307165,0.061194355628686026,0.060662126226816326,0.06019862326502334,0.05980130238458514,0.05946826822764706,0.05919782830460463,0.05898887357034255,0.058840265235630795,0.05875138226838317,0.05872179847210646,0.05875138226838317,0.058840265235630795,0.05898887357034255,0.05919782830460463,0.05946826822764706,0.05980130238458514,0.06019862326502334,0.060662126226816326,0.061194355628686026,0.061798374794307165,0.06247693060140591,0.0632341762247961,0.06407459876209032,0.06500239044544287,0.06602037377888337,0.06708994807559066,0.06863102831994183,0.06922879931516945,0.07147490049828775,0.07392962806625292,0.07391353193088435,0.07598869444336742,0.08031502674566582,0.07987394894007593,0.08068058709613979,0.086028639547294,0.09112822980387136,0.09180298753199168,0.09758468408836052,0.09838362905429676,0.09687165479408577,0.11858114390634,0.12071277995710261,0.11209255369612947,0.1447070293361321,0.1643506793770939,0.17846154631115496,0.22751984931528568,0.25743455393239856,0.29770097555592656,0.32740881107747555,0.30150732304900885,0.41392748412908986,0.46936409594491124,0.5054831235902384,0.6958636427298188,0.8778277710080147,1.8591283783316612,3.937613468617201
2.2410815246403217,5.034368008375168,2.912069331854582,1.616348210722208,1.2779151909053326,1.159972711931914,0.7032690709456801,0.7707368470728397,0.6316205402836204,0.3899746132083237,0.2523273272672668,0.2773697446100414,0.19985098380129784,0.17634076019749045,0.17334316461347044,0.16954044345766306,0.15059852902777493,0.1276105660945177,0.1364335552789271,0.10726282664109021,0.09150321851484478,0.08570994721958414,0.08847537118708715,0.09880425152368844,0.08784378785640001,0.08768238400807604,0.0788825984345749,0.06361564237158746,0.056525500054704025,0.06682024290785193,0.06305449304636568,0.06355548638384789,0.056929311132989824,0.05613221607200103,0.051526371971704066,0.05060782491636928,0.04982091191050131,0.049134064771351404,0.048519386939005926,0.04796596575761214,0.04746826294285711,0.0470240274007665,0.0466308165632654,0.04628758174658287,0.04599256756773684,0.04574517444416415,0.045543867934611626,0.045388185244519264,0.04527737738681026,0.045211132208351046,0.04518903139978647,0.045211132208351046,0.04527737738681026,0.045388185244519264,0.045543867934611626,0.04574517444416415,0.04599256756773684,0.04628758174658287,0.0466308165632654,0.0470240274007665,0.04746826294285711,0.04796596575761214,0.048519386939005926,0.049134064771351404,0.04982091191050131,0.05060782491636928,0.051526371971704066,0.05613221607200103,0.056929311132989824,0.06355548638384789,0.06305449304636568,0.06682024290785193,0.056525500054704025,0.06361564237158746,0.0788825984345749,0.08768238400807604,0.08784378785640001,0.09880425152368844,0.08847537118708715,0.08570994721958414,0.09150321851484478,0.10726282664109021,0.1364335552789271,0.1276105660945177,0.15059852902777493,0.16954044345766306,0.17334316461347044,0.17634076019749045,0.19985098380129784,0.2773697446100414,0.2523273272672668,0.3899746132083237,0.6316205402836204,0.7707368470728397,0.7032690709456801,1.159972711931914,1.2779151909053326,1.616348210722208,2.912069331854582,5.034368008375168
3.2519255355000496,6.9161783047020435,3.213805690407753,2.171948730945587,2.0229283533990383,2.1467776838690042,1.3624521121382713,1.0121660809963942,0.6181703023612499,0.6900126226246357,0.45589295867830515,0.47112014051526785,0.45969894900918007,0.3516233740374446,0.31748527847230434,0.27131941821426153,0.234776156488806,0.22437668754719198,0.21469358750618994,0.21636879025027156,0.1967755479272455,0.17726135783595964,0.1798346396535635,0.18232409021584317,0.1607537460513413,0.15420486347284168,0.15148644801229239,0.14584662578999996,0.15279546240344644,0.1441236960235983,0.14291749452240765,0.13609647244447842,0.13069543114397675,0.13647845364175737,0.12616449513006955,0.12315576657420024,0.12096206203568727,0.11904448163113557,0.11734270607121289,0.11582864518277347,0.11448410880984738,0.11329587816726416,0.11225398734677583,0.11135040453518741,0.11057876286213286,0.10993392154341564,0.10941167641431093,0.10900870853220113,0.10872255230788141,0.108551558223553,0.10849455278366804,0.108551558223553,0.10872255230788141,0.10900870853220113,0.10941167641431093,0.10993392154341564,0.11057876286213286,0.11135040453518741,0.11225398734677583,0.11329587816726416,0.11448410880984738,0.11582864518277347,0.11734270607121289,0.11904448163113557,0.12096206203568727,0.12315576657420024,0.12616449513006955,0.13647845364175737,0.13069543114397675,0.13609647244447842,0.14291749452240765,0.1441236960235983,0.15279546240344644,0.14584662578999996,0.15148644801229239,0.15420486347284168,0.1607537460513413,0.18232409021584317,0.1798346396535635,0.17726135783595964,0.1967755479272455,0.21636879025027156,0.21469358750618994,0.22437668754719198,0.234776156488806,0.27131941821426153,0.31748527847230434,0.3516233740374446,0.45969894900918007,0.47112014051526785,0.45589295867830515,0.6900126226246357,0.6181703023612499,1.0121660809963942,1.3624521121382713,2.1467776838690042,2.0229283533990383,2.171948730945587,3.213805690407753,6.9161783047020435
5.926910212263465,6.083915293216705,2.374650862067938,1.1901805382221937,1.258903844282031,0.9652029327116907,0.4716822076588869,0.49722239281982183,0.4706247407011688,0.3381489161401987,0.2646130286157131,0.29282104363664985,0.21507830149494112,0.1770106577023398,0.20443257968872786,0.1510255005559884,0.13606301421532407,0.12220819154754281,0.11225528293289244,0.11608719080686569,0.11345130385598168,0.10076796385692433,0.0931488640489988,0.09837026911554858,0.08927522524027154,0.09418790403287858,0.092783237923868,0.08291979576461017,0.08255126280710101,0.07692853064509109,0.07180675893323496,0.06985806964803487,0.0698191378323827,0.06688590324483812,0.06696784688392654,0.06548268400365487,0.06445357005577534,0.06354312296025455,0.0627211884711869,0.06197937409160659,0.061313980899285525,0.0607211475726217,0.060198166902409866,0.05974246660480276,0.0593518388341181,0.05902467135456391,0.05875883172848262,0.05855344989686273,0.058407446631463245,0.05832007245044224,0.05829102825373411,0.05832007245044224,0.058407446631463245,0.05855344989686273,0.05875883172848262,0.05902467135456391,0.0593518388341181,0.05974246660480276,0.060198166902409866,0.0607211475726217,0.061313980899285525,0.06197937409160659,0.0627211884711869,0.06354312296025455,0.06445357005577534,0.06548268400365487,0.06696784688392654,0.06688590324483812,0.0698191378323827,0.06985806964803487,0.07180675893323496,0.07692853064509109,0.08255126280710101,0.08291979576461017,0.092783237923868,0.09418790403287858,0.08927522524027154,0.09837026911554858,0.0931488640489988,0.10076796385692433,0.11345130385598168,0.11608719080686569,0.11225528293289244,0.12220819154754281,0.13606301421532407,0.1510255005559884,0.20443257968872786,0.1770106577023398,0.21507830149494112,0.29282104363664985,0.2646130286157131,0.3381489161401987,0.4706247407011688,0.49722239281982183,0.4716822076588869,0.9652029327116907,1.258903844282031,1.1901805382221937,2.374650862067938,6.083915293216705
4.135662727057934,6.223509430885315,2.409874778240919,1.3505067192018032,1.1528590880334377,0.8753990400582552,0.6885878243483603,0.5061045065522194,0.43497150391340256,0.41351132094860077,0.394546827301383,0.3306930819526315,0.30082420213148,0.27760067395865917,0.24496790440753102,0.22228839294984937,0.20333436783403158,0.1845926425885409,0.18128789181355387,0.17142009967938066,0.1647947656456381,0.15604042587801814,0.15091933053918183,0.1436927067115903,0.1384463991271332,0.13624687679111958,0.13157727185171098,0.12737831426784396,0.12597716122400016,0.12083159817848355,0.11663288524141535,0.1148884582798928,0.11302622524090111,0.11044666974339634,0.10870743577834219,0.10674336575902998,0.1050766910193488,0.10358135204296559,0.10223328450229019,0.10102103801909834,0.09993585734628141,0.09897116001229733,0.09812128427438438,0.09738190146163106,0.0967482675332576,0.09621781413443387,0.09578720154240727,0.09545458108186722,0.09521814662730321,0.09507682867115363,0.0950296800583601,0.09507682867115363,0.09521814662730321,0.09545458108186722,0.09578720154240727,0.09621781413443387,0.0967482675332576,0.09738190146163106,0.09812128427438438,0.09897116001229733,0.09993585734628141,0.10102103801909834,0.10223328450229019,0.10358135204296559,0.1050766910193488,0.10674336575902998,0.10870743577834219,0.11044666974339634,0.11302622524090111,0.1148884582798928,0.11663288524141535,0.12083159817848355,0.12597716122400016,0.12737831426784396,0.13157727185171098,0.13624687679111958,0.1384463991271332,0.1436927067115903,0.15091933053918183,0.15604042587801814,0.1647947656456381,0.17142009967938066,0.18128789181355387,0.1845926425885409,0.20333436783403158,0.22228839294984937,0.24496790440753102,0.27760067395865917,0.30082420213148,0.3306930819526315,0.394546827301383,0.41351132094860077,0.43497150391340256,0.5061045065522194,0.6885878243483603,0.8753990400582552,1.1528590880334377,1.3505067192018032,2.409874778240919,6.223509430885315
5.431026581674814,6.61412775143981,2.386517133563757,1.1861661113798618,0.7218858730047941,0.5694403848610818,0.333743279799819,0.33759466791525483,0.24429922946728766,0.2636385983787477,0.2275855514453724,0.18441665591672063,0.1880806168774143,0.1514745142776519,0.12846822652500123,0.11203167145140469,0.10695166944060475,0.0938251179177314,0.0941579471109435,0.08329417151981033,0.0787763855769299,0.07733578313491307,0.07408958069572691,0.07264045068586711,0.06873860731138848,0.06678647664375603,0.06592470963369124,0.06329412647755817,0.06267478799418313,0.060268207016633824,0.05975833171396516,0.056590931650134735,0.05587193112296518,0.05466414612601511,0.053545608709100634,0.05260528856160818,0.05179354494612198,0.05105871869454859,0.05039354463224299,0.04979418564471416,0.049257147147727665,0.04877939356083516,0.048358587264374364,0.0479922556260135,0.04767851086216979,0.04741580323752714,0.04720259191526566,0.047037863987497985,0.046920744905946776,0.04685077225440182,0.04682749975472689,0.04685077225440182,0.046920744905946776,0.047037863987497985,0.04720259191526566,0.04741580323752714,0.04767851086216979,0.0479922556260135,0.048358587264374364,0.04877939356083516,0.049257147147727665,0.04979418564471416,0.05039354463224299,0.05105871869454859,0.05179354494612198,0.05260528856160818,0.053545608709100634,0.05466414612601511,0.05587193112296518,0.056590931650134735,0.05975833171396516,0.060268207016633824,0.06267478799418313,0.06329412647755817,0.06592470963369124,0.06678647664375603,0.06873860731138848,0.07264045068586711,0.07408958069572691,0.07733578313491307,0.0787763855769299,0.08329417151981033,0.0941579471109435,0.0938251179177314,0.10695166944060475,0.11203167145140469,0.12846822652500123,0.1514745142776519,0.1880806168774143,0.18441665591672063,0.2275855514453724,0.2636385983787477,0.24429922946728766,0.33759466791525483,0.333743279799819,0.5694403848610818,0.7218858730047941,1.1861661113798618,2.386517133563757,6.61412775143981
4.935454208403826,5.83539042621851,3.91145558655262,1.73986479267478,1.226541399024427,0.8227573288604617,0.6791219236329198,0.614113250747323,0.48257156857289374,0.4617456584237516,0.3873942233622074,0.3796523790806532,0.34332744986750185,0.30487276753410697,0.2598219441715628,0.2603481587138958,0.23588933615246788,0.22366171947214752,0.21620107092894614,0.20491031889105216,0.1967677150387317,0.18734568636864424,0.1803092024056241,0.17398060689447448,0.16887143650092185,0.1597402150509879,0.15761328703956679,0.15297302196267992,0.148574331542477,0.14404810831183568,0.14161959988996387,0.13813308259705082,0.13552995125064626,0.13240924233105034,0.13060179649619386,0.12834825756726786,0.1263729771017097,0.1245870043640025,0.12297256535384804,0.12151841097511351,0.12021613580873236,0.11905798886436969,0.11803727509686723,0.11714904429391026,0.11638814571779221,0.11575065704528242,0.11523339006816968,0.11483373946975917,0.11454964254517108,0.11437986447708681,0.11432329565286636,0.11437986447708681,0.11454964254517108,0.11483373946975917,0.11523339006816968,0.11575065704528242,0.11638814571779221,0.11714904429391026,0.11803727509686723,0.11905798886436969,0.12021613580873236,0.12151841097511351,0.12297256535384804,0.1245870043640025,0.1263729771017097,0.12834825756726786,0.13060179649619386,0.13240924233105034,0.13552995125064626,0.13813308259705082,0.14161959988996387,0.14404810831183568,0.148574331542477,0.15297302196267992,0.15761328703956679,0.1597402150509879,0.16887143650092185,0.17398060689447448,0.1803092024056241,0.18734568636864424,0.1967677150387317,0.20491031889105216,0.21620107092894614,0.22366171947214752,0.23588933615246788,0.2603481587138958,0.2598219441715628,0.30487276753410697,0.34332744986750185,0.3796523790806532,0.3873942233622074,0.4617456584237516,0.48257156857289374,0.614113250747323,0.6791219236329198,0.8227573288604617,1.226541399024427,1.73986479267478,3.91145558655262,5.83539042621851
5.779841862618923,6.300677493214607,3.0152319744229317,1.071884331293404,0.6752938777208328,0.574758349917829,0.4448070409707725,0.36707235686481,0.319626668933779,0.31011602468788624,0.22430869017262012,0.22424143448006362,0.22826560446992517,0.19762627314776182,0.14698738022707403,0.12377189379185438,0.12772921909345314,0.12063383811619133,0.10999362834263593,0.10644821799360216,0.09809062664862722,0.09422188741154969,0.09091053769225255,0.08950984256807715,0.08647044049575925,0.08272532862611115,0.08074726816266775,0.07723304268438369,0.0753444615402259,0.0732915626722388,0.0723094332497567,0.07077667134581134,0.06932472332846373,0.06839955976465717,0.06681280804332346,0.06553473829990253,0.06447210407350212,0.06352602486731485,0.06267749838298187,0.06191686971578747,0.061238043243065476,0.06063559470931068,0.06010566506301984,0.05964524467708543,0.0592509190319106,0.05892098683398217,0.058653478510677814,0.05844688613433391,0.05830008495831862,0.058212265314068645,0.05818314850330353,0.058212265314068645,0.05830008495831862,0.05844688613433391,0.058653478510677814,0.05892098683398217,0.0592509190319106,0.05964524467708543,0.06010566506301984,0.06063559470931068,0.061238043243065476,0.06191686971578747,0.06267749838298187,0.06352602486731485,0.06447210407350212,0.06553473829990253,0.06681280804332346,0.06839955976465717,0.06932472332846373,0.07077667134581134,0.0723094332497567,0.0732915626722388,0.0753444615402259,0.07723304268438369,0.08074726816266775,0.08272532862611115,0.08647044049575925,0.08950984256807715,0.09091053769225255,0.09422188741154969,0.09809062664862722,0.10644821799360216,0.10999362834263593,0.12063383811619133,0.12772921909345314,0.12377189379185438,0.14698738022707403,0.19762627314776182,0.22826560446992517,0.22424143448006362,0.22430869017262012,0.31011602468788624,0.319626668933779,0.36707235686481,0.4448070409707725,0.574758349917829,0.6752938777208328,1.071884331293404,3.0152319744229317,6.300677493214607
3.7771826069802046,6.439227759838104,4.013713084161282,1.4784478098154068,0.9188143527135253,0.9427042435854673,0.6769640687853098,0.6523017296567559,0.5010558911599219,0.48453493416309357,0.38342633843421936,0.402917199768126,0.3038259199820459,0.3041969307232648,0.27441168390214443,0.2557267227675766,0.2399514252319932,0.2293018540367484,0.2118548690341413,0.20540898968465626,0.18760354537516832,0.1826637196354568,0.17300341930240393,0.17062861425802112,0.16126008867286146,0.15770301898010075,0.15584314963780344,0.14913856657221913,0.14599807956255972,0.14189485972747207,0.1380269881337881,0.1364991324953735,0.13297635526396334,0.12848949618637562,0.12636801623739302,0.12458825553767383,0.12279203138314188,0.12111682281829417,0.11958230123855174,0.11819084454327822,0.11693882290273905,0.11582226981408894,0.11483684903942049,0.11397780338302255,0.11324108904227614,0.1126236345153302,0.11212229123339057,0.11173483193852007,0.1114593525417149,0.11129457247443497,0.11123967729508877,0.11129457247443497,0.1114593525417149,0.11173483193852007,0.11212229123339057,0.1126236345153302,0.11324108904227614,0.11397780338302255,0.11483684903942049,0.11582226981408894,0.11693882290273905,0.11819084454327822,0.11958230123855174,0.12111682281829417,0.12279203138314188,0.12458825553767383,0.12636801623739302,0.12848949618637562,0.13297635526396334,0.1364991324953735,0.1380269881337881,0.14189485972747207,0.14599807956255972,0.14913856657221913,0.15584314963780344,0.15770301898010075,0.16126008867286146,0.17062861425802112,0.17300341930240393,0.1826637196354568,0.18760354537516832,0.20540898968465626,0.2118548690341413,0.2293018540367484,0.2399514252319932,0.2557267227675766,0.27441168390214443,0.3041969307232648,0.3038259199820459,0.402917199768126,0.38342633843421936,0.48453493416309357,0.5010558911599219,0.6523017296567559,0.6769640687853098,0.9427042435854673,0.9188143527135253,1.4784478098154068,4.013713084161282,6.439227759838104
4.299717337824404,5.875834405422211,2.958866722881794,1.0546644777059555,0.7079131565988064,0.6889617508277297,0.500484845135361,0.4274770710617304,0.37764396145939827,0.24033249518834054,0.2590592671185732,0.22972366155590862,0.2281549535691738,0.14188720635138452,0.1680502312956378,0.14674049150198698,0.12650157895404845,0.117183515423676,0.11259613223955967,0.11091648659203202,0.10503827151842415,0.09813353198114783,0.09459493239410222,0.09013740596128628,0.08809267519973218,0.08551304315915331,0.08301239716820419,0.08182483550626785,0.07812553239637055,0.07691223049187101,0.07517776300664991,0.07359447263297625,0.07165504316799343,0.0696126384427771,0.06879347252834123,0.06758329464355484,0.06649674932123162,0.06551977507479023,0.06463989021722227,0.06384935103415046,0.06314199855842162,0.0625135333975777,0.06195986822422128,0.06147805359069025,0.061064933972375,0.060718814718711656,0.060437718355387915,0.06022025505080819,0.06006549332960276,0.05997287538048113,0.05994208808988333,0.05997287538048113,0.06006549332960276,0.06022025505080819,0.060437718355387915,0.060718814718711656,0.061064933972375,0.06147805359069025,0.06195986822422128,0.0625135333975777,0.06314199855842162,0.06384935103415046,0.06463989021722227,0.06551977507479023,0.06649674932123162,0.06758329464355484,0.06879347252834123,0.0696126384427771,0.07165504316799343,0.07359447263297625,0.07517776300664991,0.07691223049187101,0.07812553239637055,0.08182483550626785,0.08301239716820419,0.08551304315915331,0.08809267519973218,0.09013740596128628,0.09459493239410222,0.09813353198114783,0.10503827151842415,0.11091648659203202,0.11259613223955967,0.117183515423676,0.12650157895404845,0.14674049150198698,0.1680502312956378,0.14188720635138452,0.2281549535691738,0.22972366155590862,0.2590592671185732,0.24033249518834054,0.37764396145939827,0.4274770710617304,0.500484845135361,0.6889617508277297,0.7079131565988064,1.0546644777059555,2.958866722881794,5.875834405422211
3.0497393049299717,5.611253544688225,2.736913066357374,1.0143701494671404,0.7336461329832673,0.47229648660868406,0.37404910707846284,0.46134805865585804,0.3676034703385085,0.26902722381055355,0.25348770967684686,0.23103294242173433,0.20401635533198714,0.18289762909989804,0.17428673958056606,0.13574965402949601,0.13901893724687397,0.12913233775179833,0.11577732843579724,0.11078180477488786,0.10568656108807772,0.10087744682095945,0.0965719009982422,0.09397975725005381,0.0896285384951625,0.08701553463470191,0.08462297814548947,0.08198589592939243,0.0804104043636471,0.0776418362656841,0.07621160397684434,0.07432938867714256,0.07238867507840041,0.07107031955820275,0.07010701314720791,0.06880854378687218,0.06771184423996601,0.06672829725721385,0.06584272495820187,0.06504629857954569,0.06433366638520965,0.06370010534010362,0.06314201664645225,0.06265601523409714,0.06223962752119405,0.061890671462606406,0.06160728910617763,0.06138821713102516,0.06123241504246835,0.06113918475966784,0.06110816355794668,0.06113918475966784,0.06123241504246835,0.06138821713102516,0.06160728910617763,0.061890671462606406,0.06223962752119405,0.06265601523409714,0.06314201664645225,0.06370010534010362,0.06433366638520965,0.06504629857954569,0.06584272495820187,0.06672829725721385,0.06771184423996601,0.06880854378687218,0.07010701314720791,0.07107031955820275,0.07238867507840041,0.07432938867714256,0.07621160397684434,0.0776418362656841,0.0804104043636471,0.08198589592939243,0.08462297814548947,0.08701553463470191,0.0896285384951625,0.09397975725005381,0.0965719009982422,0.10087744682095945,0.10568656108807772,0.11078180477488786,0.11577732843579724,0.12913233775179833,0.13901893724687397,0.13574965402949601,0.17428673958056606,0.18289762909989804,0.20401635533198714,0.23103294242173433,0.25348770967684686,0.26902722381055355,0.3676034703385085,0.46134805865585804,0.37404910707846284,0.47229648660868406,0.7336461329832673,1.0143701494671404,2.736913066357374,5.611253544688225
2.706094229593873,3.678358970209956,1.7060836721211672,0.7079262575134635,0.4908024249598384,0.3692944794893265,0.306293815956451,0.3119601912330836,0.28388811368495226,0.24886369379237294,0.20435076160356402,0.19825049070641398,0.16046470787841827,0.15574901970103383,0.12986154854297638,0.10852523881476372,0.10631490650121123,0.0932357229758054,0.08751662238501012,0.08116646413691342,0.07870737498160452,0.074988002772443,0.07070827129064128,0.07001952611608431,0.06600697583053261,0.06374473217874765,0.06139354541664943,0.06011978135211393,0.05825894890585914,0.05706129811005667,0.0554960195440799,0.05418368033133447,0.05262339522596449,0.05195179191650823,0.05101693095639348,0.05012350110337138,0.04932684259256348,0.048607539501972497,0.04795847582863644,0.04737503285286948,0.046853124629706144,0.04638962121680379,0.04598170658573508,0.045626873907167464,0.0453231479623355,0.04506891255732626,0.04486260935664177,0.04470337019301951,0.0445901999482885,0.0445225287694484,0.044500000309199095,0.0445225287694484,0.0445901999482885,0.04470337019301951,0.04486260935664177,0.04506891255732626,0.0453231479623355,0.045626873907167464,0.04598170658573508,0.04638962121680379,0.046853124629706144,0.04737503285286948,0.04795847582863644,0.048607539501972497,0.04932684259256348,0.05012350110337138,0.05101693095639348,0.05195179191650823,0.05262339522596449,0.05418368033133447,0.0554960195440799,0.05706129811005667,0.05825894890585914,0.06011978135211393,0.06139354541664943,0.06374473217874765,0.06600697583053261,0.07001952611608431,0.07070827129064128,0.074988002772443,0.07870737498160452,0.08116646413691342,0.08751662238501012,0.0932357229758054,0.10631490650121123,0.10852523881476372,0.12986154854297638,0.15574901970103383,0.16046470787841827,0.19825049070641398,0.20435076160356402,0.24886369379237294,0.28388811368495226,0.3119601912330836,0.306293815956451,0.3692944794893265,0.4908024249598384,0.7079262575134635,1.7060836721211672,3.678358970209956
2.287765793502331,3.415865048766136,1.2173844333738089,0.6208008448593318,0.5196232087910175,0.2607170264236629,0.24901493196375668,0.2711372245103121,0.233574531506747,0.2678509885445237,0.17677255463786423,0.16983416629955173,0.14153002854436636,0.1359196073608473,0.08874623151496053,0.07917513337451965,0.07002883177483454,0.06769378935860004,0.06377684394828975,0.06152868221397512,0.05796439337427728,0.054785219792393036,0.054155840145540424,0.05075693444814533,0.049865068489452824,0.04794209109968506,0.04643722070613876,0.0450185023364611,0.04380762697837781,0.04281661025015637,0.04184012193582021,0.04081970374681987,0.03965578896168154,0.03969056032656226,0.03842858273128513,0.03780740135698579,0.037220541009446606,0.036687642670585774,0.036205574360792525,0.03577201077132486,0.035383987946261186,0.03503903876844561,0.03473523792490596,0.034471047642000485,0.03424476602958748,0.03405527315771906,0.03390151936764596,0.03378277692536358,0.033698361228744034,0.033647878604824655,0.03363110776990652,0.033647878604824655,0.033698361228744034,0.03378277692536358,0.03390151936764596,0.03405527315771906,0.03424476602958748,0.034471047642000485,0.03473523792490596,0.03503903876844561,0.035383987946261186,0.03577201077132486,0.036205574360792525,0.036687642670585774,0.037220541009446606,0.03780740135698579,0.03842858273128513,0.03969056032656226,0.03965578896168154,0.04081970374681987,0.04184012193582021,0.04281661025015637,0.04380762697837781,0.0450185023364611,0.04643722070613876,0.04794209109968506,0.049865068489452824,0.05075693444814533,0.054155840145540424,0.054785219792393036,0.05796439337427728,0.06152868221397512,0.06377684394828975,0.06769378935860004,0.07002883177483454,0.07917513337451965,0.08874623151496053,0.1359196073608473,0.14153002854436636,0.16983416629955173,0.17677255463786423,0.2678509885445237,0.233574531506747,0.2711372245103121,0.24901493196375668,0.2607170264236629,0.5196232087910175,0.6208008448593318,1.2173844333738089,3.415865048766136
2.0256382687948644,2.87454155087471,1.4601665139198303,0.6698733875527978,0.47842941526323557,0.35606046905741096,0.32138259429484606,0.3105656548868865,0.29595348332077265,0.20611306186765432,0.23819673201069236,0.17622678668703884,0.1214317346457392,0.13602530071511865,0.1090060219867155,0.10966494714375585,0.10033048127661459,0.07731764123309404,0.08808543207123876,0.07556855864822865,0.06952492363052443,0.07035206560976803,0.05947032768744975,0.0581287766690366,0.0534676763927564,0.05169004370691255,0.05449918913654983,0.05410023673903197,0.0538762086071074,0.04966151691041887,0.047910538443829864,0.046254142362158746,0.04438215453410521,0.0428944950690493,0.0426858423743397,0.04204415937419981,0.041458355088252574,0.04090928327059373,0.04040210775565356,0.03993911040015519,0.03952097229193896,0.03914686810458079,0.038815652835182846,0.03852656309027225,0.0382785057881847,0.03807013569166884,0.03790086536901072,0.03776999330148101,0.03767690283712,0.037621206836774945,0.037602704018354416,0.037621206836774945,0.03767690283712,0.03776999330148101,0.03790086536901072,0.03807013569166884,0.0382785057881847,0.03852656309027225,0.038815652835182846,0.03914686810458079,0.03952097229193896,0.03993911040015519,0.04040210775565356,0.04090928327059373,0.041458355088252574,0.04204415937419981,0.0426858423743397,0.0428944950690493,0.04438215453410521,0.046254142362158746,0.047910538443829864,0.04966151691041887,0.0538762086071074,0.05410023673903197,0.05449918913654983,0.05169004370691255,0.0534676763927564,0.0581287766690366,0.05947032768744975,0.07035206560976803,0.06952492363052443,0.07556855864822865,0.08808543207123876,0.07731764123309404,0.10033048127661459,0.10966494714375585,0.1090060219867155,0.13602530071511865,0.1214317346457392,0.17622678668703884,0.23819673201069236,0.20611306186765432,0.29595348332077265,0.3105656548868865,0.32138259429484606,0.35606046905741096,0.47842941526323557,0.6698733875527978,1.4601665139198303,2.87454155087471
2.1694305865094066,3.241204284131527,2.4847499523311853,1.745062306523323,1.341931514441967,1.1121908891946077,1.1196376793086529,0.6232892200350761,0.530653287190944,0.3496540021151304,0.3283101078122854,0.213095833780244,0.1844965019263327,0.1403370755724609,0.11464385082945228,0.11747244384605438,0.10586488016997464,0.10583031014539301,0.09543340909294784,0.08454000821802765,0.08212239667773247,0.07780212094075978,0.07506724481936544,0.05975872895214707,0.059108318644575775,0.06815862795338035,0.06614433694630861,0.05573851481312886,0.053496141743380576,0.04828307800926268,0.05426851595984772,0.039946923148818314,0.041604444035328925,0.037797598182805814,0.03691769082797691,0.03553613185067661,0.03482563150464557,0.03424415359040722,0.033737180405296385,0.03328854177379981,0.03289072966435924,0.032539418956730515,0.03223155785235576,0.03196469624526799,0.031736656004795805,0.031546198297291994,0.03139189802459441,0.03127284973743372,0.031188332330202684,0.03113778925035149,0.03112098015844822,0.03113778925035149,0.031188332330202684,0.03127284973743372,0.03139189802459441,0.031546198297291994,0.031736656004795805,0.03196469624526799,0.03223155785235576,0.032539418956730515,0.03289072966435924,0.03328854177379981,0.033737180405296385,0.03424415359040722,0.03482563150464557,0.03553613185067661,0.03691769082797691,0.037797598182805814,0.041604444035328925,0.039946923148818314,0.05426851595984772,0.04828307800926268,0.053496141743380576,0.05573851481312886,0.06614433694630861,0.06815862795338035,0.059108318644575775,0.05975872895214707,0.07506724481936544,0.07780212094075978,0.08212239667773247,0.08454000821802765,0.09543340909294784,0.10583031014539301,0.10586488016997464,0.11747244384605438,0.11464385082945228,0.1403370755724609,0.1844965019263327,0.213095833780244,0.3283101078122854,0.3496540021151304,0.530653287190944,0.6232892200350761,1.1196376793086529,1.1121908891946077,1.341931514441967,1.745062306523323,2.4847499523311853,3.241204284131527
3.8588512986898422,4.9219560995697975,3.6718769557774067,1.7835052534937859,1.8173372242599726,1.7825275901705027,1.1572727486491203,1.0418291711248457,0.6011030743829906,0.4317846321500838,0.4250188721343875,0.33571479632519186,0.2951219044625759,0.23134223138913512,0.17923269409220666,0.1815202203579247,0.17366172815673053,0.12686614389531314,0.12153697409667075,0.1448238966986537,0.11704640788957477,0.1244051661924459,0.10477857274236158,0.12688590679317713,0.09415723010897636,0.10535764828091487,0.09656410035677254,0.09140121669042856,0.09277266639401205,0.079858866520226,0.08081862545805052,0.0755662824085448,0.07234818203141913,0.0781669607385993,0.07064133485255297,0.068531764409272,0.0672653045039624,0.0661603012267733,0.06517599895596504,0.06429751781979576,0.06351510534295812,0.06282202219881583,0.06221249263762729,0.06168212743796175,0.06122763899475103,0.060845912565127946,0.06053512629296165,0.06029386849695584,0.06012141219252953,0.06001786922570318,0.059983265586197376,0.06001786922570318,0.06012141219252953,0.06029386849695584,0.06053512629296165,0.060845912565127946,0.06122763899475103,0.06168212743796175,0.06221249263762729,0.06282202219881583,0.06351510534295812,0.06429751781979576,0.06517599895596504,0.0661603012267733,0.0672653045039624,0.068531764409272,0.07064133485255297,0.0781669607385993,0.07234818203141913,0.0755662824085448,0.08081862545805052,0.079858866520226,0.09277266639401205,0.09140121669042856,0.09656410035677254,0.10535764828091487,0.09415723010897636,0.12688590679317713,0.10477857274236158,0.1244051661924459,0.11704640788957477,0.1448238966986537,0.12153697409667075,0.12686614389531314,0.17366172815673053,0.1815202203579247,0.17923269409220666,0.23134223138913512,0.2951219044625759,0.33571479632519186,0.4250188721343875,0.4317846321500838,0.6011030743829906,1.0418291711248457,1.1572727486491203,1.7825275901705027,1.8173372242599726,1.7835052534937859,3.6718769557774067,4.9219560995697975
3.962135022506118,5.866537667810917,3.0579490959644318,1.276941703632474,1.0377002600580454,1.3173333071172237,0.8376260539516807,0.5566834351047873,0.4721542277839035,0.41953773936256766,0.351239082403481,0.3272262876853347,0.2782908007502556,0.22299507935531437,0.22360885376110673,0.19268335029482841,0.19601627509109676,0.17961336474400014,0.17468760209158063,0.1642164409859106,0.15878689370583743,0.14703312009805813,0.1406376960221678,0.12984435039106756,0.13011894654482603,0.12899706867756322,0.1225842388230376,0.11867246316978708,0.11446873942622915,0.11254310584627092,0.11362671933602542,0.10798102751141414,0.10721556155476719,0.10157558275386691,0.10043694742489606,0.0985430870205164,0.09698913578176871,0.0955957387923263,0.0943401285330765,0.09321100119268522,0.09220089699374512,0.09130285336868837,0.09051223512506112,0.08982401510002092,0.0892350766225718,0.08874160947743803,0.08834129013121128,0.0880320395808667,0.08781229145824909,0.0876808114699088,0.08763708733022213,0.0876808114699088,0.08781229145824909,0.0880320395808667,0.08834129013121128,0.08874160947743803,0.0892350766225718,0.08982401510002092,0.09051223512506112,0.09130285336868837,0.09220089699374512,0.09321100119268522,0.0943401285330765,0.0955957387923263,0.09698913578176871,0.0985430870205164,0.10043694742489606,0.10157558275386691,0.10721556155476719,0.10798102751141414,0.11362671933602542,0.11254310584627092,0.11446873942622915,0.11867246316978708,0.1225842388230376,0.12899706867756322,0.13011894654482603,0.12984435039106756,0.1406376960221678,0.14703312009805813,0.15878689370583743,0.1642164409859106,0.17468760209158063,0.17961336474400014,0.19601627509109676,0.19268335029482841,0.22360885376110673,0.22299507935531437,0.2782908007502556,0.3272262876853347,0.351239082403481,0.41953773936256766,0.4721542277839035,0.5566834351047873,0.8376260539516807,1.3173333071172237,1.0377002600580454,1.276941703632474,3.0579490959644318,5.866537667810917
5.561096698045731,5.967890493571758,2.5965239256620407,1.612922651693225,0.9927110727876425,0.8428327422589064,0.5094796631019562,0.5556147708557546,0.3850797386839986,0.3506581257097423,0.3331520811188966,0.3174278314691037,0.23760754932300188,0.22676232212688774,0.20734943356364965,0.1889600035501644,0.18371066160034388,0.16989863460185006,0.16173566319048405,0.15338414115831256,0.15006532950792462,0.13878559286240488,0.1342424238100648,0.13234706164803356,0.12917222024407238,0.12167027872055769,0.11938630562508479,0.11664751550415531,0.1146484037162736,0.10960845067165792,0.10726731875911355,0.1055301315500401,0.10271642031148076,0.09999611362582073,0.09816893946845084,0.0967479839164298,0.095315750077134,0.09398875298211351,0.09277818413102068,0.09168338996823877,0.09070051842718385,0.08982553330133669,0.08905367041006684,0.08838166098576039,0.08780581536120735,0.08732327143661678,0.08693168920581229,0.08662918885238469,0.08641408657422289,0.08628555090399459,0.08624268881976604,0.08628555090399459,0.08641408657422289,0.08662918885238469,0.08693168920581229,0.08732327143661678,0.08780581536120735,0.08838166098576039,0.08905367041006684,0.08982553330133669,0.09070051842718385,0.09168338996823877,0.09277818413102068,0.09398875298211351,0.095315750077134,0.0967479839164298,0.09816893946845084,0.09999611362582073,0.10271642031148076,0.1055301315500401,0.10726731875911355,0.10960845067165792,0.1146484037162736,0.11664751550415531,0.11938630562508479,0.12167027872055769,0.12917222024407238,0.13234706164803356,0.1342424238100648,0.13878559286240488,0.15006532950792462,0.15338414115831256,0.16173566319048405,0.16989863460185006,0.18371066160034388,0.1889600035501644,0.20734943356364965,0.22676232212688774,0.23760754932300188,0.3174278314691037,0.3331520811188966,0.3506581257097423,0.3850797386839986,0.5556147708557546,0.5094796631019562,0.8428327422589064,0.9927110727876425,1.612922651693225,2.5965239256620407,5.967890493571758
4.410556465387344,5.354855686426163,3.7889018207788467,2.082129804417491,1.1737804152071476,0.8602257817983627,0.6644388847053051,0.5776618422241881,0.5253188693895936,0.4038981329649687,0.3944562308024615,0.3831695024855435,0.31606602296233177,0.27892068307846785,0.2612033145269379,0.2459864120464772,0.22646308573894203,0.21563573367893696,0.20753729459829628,0.19462731160456315,0.1834459081001114,0.17844502652587835,0.1742232273099944,0.16454486138536595,0.16167472346569411,0.15554449777118862,0.14997409953502938,0.14539488137234002,0.141297753303661,0.1386603597784415,0.13651682708587032,0.13184785869088955,0.12818700380739756,0.1277585873613134,0.12503944931086153,0.12281666307535488,0.1208760272274958,0.1191354104958009,0.11756927527312655,0.11616281082388014,0.11490533270989545,0.11378845942090265,0.11280540883308277,0.11195009324728744,0.11121788283344358,0.11060487138456665,0.11010754267772427,0.10972342428431148,0.10945041738159489,0.1092872074295883,0.10923284664750099,0.1092872074295883,0.10945041738159489,0.10972342428431148,0.11010754267772427,0.11060487138456665,0.11121788283344358,0.11195009324728744,0.11280540883308277,0.11378845942090265,0.11490533270989545,0.11616281082388014,0.11756927527312655,0.1191354104958009,0.1208760272274958,0.12281666307535488,0.12503944931086153,0.1277585873613134,0.12818700380739756,0.13184785869088955,0.13651682708587032,0.1386603597784415,0.141297753303661,0.14539488137234002,0.14997409953502938,0.15554449777118862,0.16167472346569411,0.16454486138536595,0.1742232273099944,0.17844502652587835,0.1834459081001114,0.19462731160456315,0.20753729459829628,0.21563573367893696,0.22646308573894203,0.2459864120464772,0.2612033145269379,0.27892068307846785,0.31606602296233177,0.3831695024855435,0.3944562308024615,0.4038981329649687,0.5253188693895936,0.5776618422241881,0.6644388847053051,0.8602257817983627,1.1737804152071476,2.082129804417491,3.7889018207788467,5.354855686426163
5.544799417257309,6.202205654233694,4.264683522284031,2.0818946231156588,1.1523640304803848,0.9527274537831545,0.503424780908972,0.39926735730841756,0.3490681378170848,0.4157539391890168,0.34562733117491007,0.3136657322756946,0.2071500513702631,0.200223159044981,0.14225584419909865,0.13948608678765595,0.11941194511018693,0.10576472175307572,0.09545145719312131,0.10059618577361107,0.09927664155839011,0.09062614035792649,0.0866405819542706,0.07797957927687094,0.07623850659001619,0.07655687746591866,0.0746672876412049,0.06868563231546432,0.07163025380577892,0.06671060284134,0.06495914404513314,0.06418667710386217,0.06261365429963917,0.062495468999259174,0.06024288258049637,0.059294410864822567,0.05836906301556155,0.0575253238203004,0.056762324064038694,0.05607588711427525,0.05546166788553819,0.054916041786782444,0.05443558288970962,0.05401754123158753,0.0536599486367777,0.05336039705434814,0.05311744037317112,0.05292984825791791,0.052796444098930806,0.052716675330884755,0.0526902936398983,0.052716675330884755,0.052796444098930806,0.05292984825791791,0.05311744037317112,0.05336039705434814,0.0536599486367777,0.05401754123158753,0.05443558288970962,0.054916041786782444,0.05546166788553819,0.05607588711427525,0.056762324064038694,0.0575253238203004,0.05836906301556155,0.059294410864822567,0.06024288258049637,0.062495468999259174,0.06261365429963917,0.06418667710386217,0.06495914404513314,0.06671060284134,0.07163025380577892,0.06868563231546432,0.0746672876412049,0.07655687746591866,0.07623850659001619,0.07797957927687094,0.0866405819542706,0.09062614035792649,0.09927664155839011,0.10059618577361107,0.09545145719312131,0.10576472175307572,0.11941194511018693,0.13948608678765595,0.14225584419909865,0.200223159044981,0.2071500513702631,0.3136657322756946,0.34562733117491007,0.4157539391890168,0.3490681378170848,0.39926735730841756,0.503424780908972,0.9527274537831545,1.1523640304803848,2.0818946231156588,4.264683522284031,6.202205654233694
2.9890047423541546,5.78563567250967,5.402165032923222,4.452207765076309,3.4148647487163544,2.54465551674366,1.4268894456326962,1.5287200957536697,0.7366399858146906,0.6936412556096911,0.680427398532629,0.5526816109195352,0.38471899181604385,0.4223225270397961,0.3694866565056145,0.32421010872349143,0.3182618939317763,0.28546357015147805,0.24906067363917828,0.24161789624486119,0.2310021275188774,0.20800471090478823,0.2053325588349253,0.18309964600484818,0.17764939879998565,0.1760336390871089,0.16395686706528068,0.17446684883907437,0.16029983124462888,0.1554420570610091,0.15840477065648884,0.15007507824338973,0.14405237941537052,0.14520694769453257,0.13897850312059745,0.13663112465292215,0.13444786769105121,0.1324680843972601,0.13067994837183505,0.12907179282046854,0.1276330308173783,0.12635511794360355,0.1252298887411598,0.12425110299955122,0.12341318558901548,0.1227113461936824,0.1221419888897799,0.12170224092551507,0.12138971345848404,0.12120281896204688,0.12114065513014793,0.12120281896204688,0.12138971345848404,0.12170224092551507,0.1221419888897799,0.1227113461936824,0.12341318558901548,0.12425110299955122,0.1252298887411598,0.12635511794360355,0.1276330308173783,0.12907179282046854,0.13067994837183505,0.1324680843972601,0.13444786769105121,0.13663112465292215,0.13897850312059745,0.14520694769453257,0.14405237941537052,0.15007507824338973,0.15840477065648884,0.1554420570610091,0.16029983124462888,0.17446684883907437,0.16395686706528068,0.1760336390871089,0.17764939879998565,0.18309964600484818,0.2053325588349253,0.20800471090478823,0.2310021275188774,0.24161789624486119,0.24906067363917828,0.28546357015147805,0.3182618939317763,0.32421010872349143,0.3694866565056145,0.4223225270397961,0.38471899181604385,0.5526816109195352,0.680427398532629,0.6936412556096911,0.7366399858146906,1.5287200957536697,1.4268894456326962,2.54465551674366,3.4148647487163544,4.452207765076309,5.402165032923222,5.78563567250967
3.8433660129085183,7.960487615317106,6.346160292625427,4.4380218386650085,2.494916696101427,2.5374256372451782,1.9120231941342354,1.658518958836794,0.9338191954884678,0.6901807589456439,0.7682800190523267,0.5717419413849711,0.34274706640280783,0.326187870465219,0.2694627915043384,0.28377834847196937,0.25011146906763315,0.21723557903897017,0.18986528785899282,0.1968639036640525,0.1907159425318241,0.17907004652079195,0.16885682111023925,0.1593131711706519,0.14763825375121087,0.14119615976233035,0.13843300298321992,0.13740444043651223,0.11761465773452073,0.1235328254988417,0.134018301818287,0.11717653030063957,0.10476592747727409,0.10697310382965952,0.10678151540923864,0.10371642396785319,0.10174022638238966,0.10007423302158713,0.09860719839343801,0.09730296698398888,0.09614299284294248,0.09511604538420215,0.0942139767576009,0.0934300564113073,0.0927598886191845,0.09219881653552875,0.09174389624968171,0.09139266231795773,0.09114303346723318,0.09099383873399347,0.0909441513940692,0.09099383873399347,0.09114303346723318,0.09139266231795773,0.09174389624968171,0.09219881653552875,0.0927598886191845,0.0934300564113073,0.0942139767576009,0.09511604538420215,0.09614299284294248,0.09730296698398888,0.09860719839343801,0.10007423302158713,0.10174022638238966,0.10371642396785319,0.10678151540923864,0.10697310382965952,0.10476592747727409,0.11717653030063957,0.134018301818287,0.1235328254988417,0.11761465773452073,0.13740444043651223,0.13843300298321992,0.14119615976233035,0.14763825375121087,0.1593131711706519,0.16885682111023925,0.17907004652079195,0.1907159425318241,0.1968639036640525,0.18986528785899282,0.21723557903897017,0.25011146906763315,0.28377834847196937,0.2694627915043384,0.326187870465219,0.34274706640280783,0.5717419413849711,0.7682800190523267,0.6901807589456439,0.9338191954884678,1.658518958836794,1.9120231941342354,2.5374256372451782,2.494916696101427,4.4380218386650085,6.346160292625427,7.960487615317106
4.7019960433244705,8.376252710819244,5.004053991287947,2.8470835853368044,2.4213399421423674,2.3515101224184036,1.5447796024382114,1.297049886547029,0.8627778487280011,0.7317589349113405,0.6193699287250638,0.5360746113583446,0.4672366860322654,0.3113328544422984,0.3515011668205261,0.31203085999004543,0.2986927558667958,0.29744983557611704,0.24625687405932695,0.25094314326997846,0.24634722410701215,0.23191175982356071,0.22562402789480984,0.20427698432467878,0.1958629093132913,0.1847974518314004,0.18548573274165392,0.18027055263519287,0.17183185589965433,0.16760797682218254,0.15899809380061924,0.16168913105502725,0.15884210605872795,0.1517590368166566,0.14799428288824856,0.14607662486378103,0.14401249447837472,0.1420720583992079,0.14028933132067323,0.13866960164159536,0.13721089297905564,0.13590862497221678,0.13475818710867316,0.1337546274298802,0.13289379596244544,0.1321719870902598,0.13158573140390217,0.1311325681162998,0.13081026112195104,0.13061765930615366,0.13055331632494926,0.13061765930615366,0.13081026112195104,0.1311325681162998,0.13158573140390217,0.1321719870902598,0.13289379596244544,0.1337546274298802,0.13475818710867316,0.13590862497221678,0.13721089297905564,0.13866960164159536,0.14028933132067323,0.1420720583992079,0.14401249447837472,0.14607662486378103,0.14799428288824856,0.1517590368166566,0.15884210605872795,0.16168913105502725,0.15899809380061924,0.16760797682218254,0.17183185589965433,0.18027055263519287,0.18548573274165392,0.1847974518314004,0.1958629093132913,0.20427698432467878,0.22562402789480984,0.23191175982356071,0.24634722410701215,0.25094314326997846,0.24625687405932695,0.29744983557611704,0.2986927558667958,0.31203085999004543,0.3515011668205261,0.3113328544422984,0.4672366860322654,0.5360746113583446,0.6193699287250638,0.7317589349113405,0.8627778487280011,1.297049886547029,1.5447796024382114,2.3515101224184036,2.4213399421423674,2.8470835853368044,5.004053991287947,8.376252710819244
7.746724799275398,8.145266458392143,4.467717265710235,1.7931590676307678,1.8184485360980034,1.2256680577993393,0.9191862866282463,0.7672937894240022,0.48798553459346294,0.32153618172742426,0.44694176968187094,0.3183540105819702,0.27436095813754946,0.2229706598445773,0.20606250315904617,0.20103896711952984,0.18227114551700652,0.18088547902880237,0.1671391341369599,0.1541164390509948,0.1441230026539415,0.13700294616864994,0.13348753534955904,0.13167381333187222,0.12709336599800736,0.12172742653638124,0.12094812357099727,0.11702512390911579,0.11312578374054283,0.11064884555526078,0.1099982081213966,0.10175728902686387,0.1031179340207018,0.10165839974069968,0.09854164987336844,0.09697518585016951,0.09544129151618108,0.09405020601116121,0.09279584244359285,0.09166940476279706,0.09066277730744332,0.08976926025934517,0.08898307045456022,0.08829957531997934,0.08771475637331605,0.08722523204050958,0.08682820299873129,0.08652158454060555,0.08630375476786867,0.08617353218141943,0.08613014221191406,0.08617353218141943,0.08630375476786867,0.08652158454060555,0.08682820299873129,0.08722523204050958,0.08771475637331605,0.08829957531997934,0.08898307045456022,0.08976926025934517,0.09066277730744332,0.09166940476279706,0.09279584244359285,0.09405020601116121,0.09544129151618108,0.09697518585016951,0.09854164987336844,0.10165839974069968,0.1031179340207018,0.10175728902686387,0.1099982081213966,0.11064884555526078,0.11312578374054283,0.11702512390911579,0.12094812357099727,0.12172742653638124,0.12709336599800736,0.13167381333187222,0.13348753534955904,0.13700294616864994,0.1441230026539415,0.1541164390509948,0.1671391341369599,0.18088547902880237,0.18227114551700652,0.20103896711952984,0.20606250315904617,0.2229706598445773,0.27436095813754946,0.3183540105819702,0.44694176968187094,0.32153618172742426,0.48798553459346294,0.7672937894240022,0.9191862866282463,1.2256680577993393,1.8184485360980034,1.7931590676307678,4.467717265710235,8.145266458392143
5.085807835683227,7.451149821281433,4.205720983911306,1.9910436663776636,1.3485132660716772,0.8866736078634858,0.8491242025047541,0.6749801305122674,0.6395801128819585,0.4995117951184511,0.47465520445257425,0.37486531119793653,0.33181298535782844,0.33029876358341426,0.287862595054321,0.2654353145917412,0.2547617997042835,0.23215141298715025,0.22174503799760714,0.213337269728072,0.19656015478540212,0.19146847014781088,0.18557424331083894,0.1776741648791358,0.1699838411877863,0.16474314741208218,0.15967584689497016,0.15576851871446706,0.15261444105999544,0.14829015635768883,0.14396789352758788,0.14086248923558742,0.1386469615972601,0.13543240184662864,0.13254918559687212,0.1303701323340647,0.12835345673374832,0.1265212340222206,0.12486389855621383,0.12337161781033501,0.12203533260617405,0.1208474232989829,0.11980108811985701,0.11889059186796658,0.11811096765450202,0.1174578687932808,0.11692811961984262,0.11651891574729234,0.11622803536010906,0.11605416279053316,0.11599633656442165,0.11605416279053316,0.11622803536010906,0.11651891574729234,0.11692811961984262,0.1174578687932808,0.11811096765450202,0.11889059186796658,0.11980108811985701,0.1208474232989829,0.12203533260617405,0.12337161781033501,0.12486389855621383,0.1265212340222206,0.12835345673374832,0.1303701323340647,0.13254918559687212,0.13543240184662864,0.1386469615972601,0.14086248923558742,0.14396789352758788,0.14829015635768883,0.15261444105999544,0.15576851871446706,0.15967584689497016,0.16474314741208218,0.1699838411877863,0.1776741648791358,0.18557424331083894,0.19146847014781088,0.19656015478540212,0.213337269728072,0.22174503799760714,0.23215141298715025,0.2547617997042835,0.2654353145917412,0.287862595054321,0.33029876358341426,0.33181298535782844,0.37486531119793653,0.47465520445257425,0.4995117951184511,0.6395801128819585,0.6749801305122674,0.8491242025047541,0.8866736078634858,1.3485132660716772,1.9910436663776636,4.205720983911306,7.451149821281433
6.045506469905376,5.727704161778092,3.054970867931843,1.3059832165017724,1.1524976827204227,0.6113071031868458,0.5825733486562967,0.4647050239145756,0.37303403904661536,0.40959835378453135,0.3839019949082285,0.2803868723567575,0.23937834124080837,0.22160817706026137,0.19470530899707228,0.18786421976983547,0.17095834983047098,0.1606735975947231,0.15363217797130346,0.14386578055564314,0.14027306262869388,0.13229879376012832,0.1282672161469236,0.12379302142653614,0.11905202688649297,0.11458311043679714,0.1102614481933415,0.10858061944600195,0.10568422183860093,0.10273335524834692,0.10017512470949441,0.09771353076212108,0.0969906992977485,0.09315079089719802,0.09188957454171032,0.09044948045630008,0.08908421092201024,0.08783109730575234,0.08669173461385071,0.08566272899042815,0.08474000031128526,0.08391857170499861,0.08319447631947696,0.08256410935427994,0.0820240555331111,0.08157174871303141,0.08120451925788075,0.08092091814614832,0.08071921090595424,0.08059871371369809,0.08055850490927696,0.08059871371369809,0.08071921090595424,0.08092091814614832,0.08120451925788075,0.08157174871303141,0.0820240555331111,0.08256410935427994,0.08319447631947696,0.08391857170499861,0.08474000031128526,0.08566272899042815,0.08669173461385071,0.08783109730575234,0.08908421092201024,0.09044948045630008,0.09188957454171032,0.09315079089719802,0.0969906992977485,0.09771353076212108,0.10017512470949441,0.10273335524834692,0.10568422183860093,0.10858061944600195,0.1102614481933415,0.11458311043679714,0.11905202688649297,0.12379302142653614,0.1282672161469236,0.13229879376012832,0.14027306262869388,0.14386578055564314,0.15363217797130346,0.1606735975947231,0.17095834983047098,0.18786421976983547,0.19470530899707228,0.22160817706026137,0.23937834124080837,0.2803868723567575,0.3839019949082285,0.40959835378453135,0.37303403904661536,0.4647050239145756,0.5825733486562967,0.6113071031868458,1.1524976827204227,1.3059832165017724,3.054970867931843,5.727704161778092
4.55174021422863,7.732104644179344,2.633372446987778,1.8863329757004976,1.2540060579776764,0.8694397239014506,0.6476790439337492,0.5473850781563669,0.4490602877922356,0.4185698451474309,0.31939941458404064,0.3183134696446359,0.2428182828007266,0.2286319409031421,0.21711552143096924,0.19660056778229773,0.20154757425189018,0.17810617294162512,0.1631055693142116,0.14821043866686523,0.15771046618465334,0.14493412536103278,0.14063652337063104,0.12858711823355407,0.12480545870494097,0.1252077193930745,0.11763149464968592,0.11787663435097784,0.11070300475694239,0.1120145587483421,0.10570988175459206,0.10303088906221092,0.09906755783595145,0.09940016129985452,0.09764020156580955,0.0960074634058401,0.09455330087803304,0.09323452110402286,0.09203930082730949,0.09096056025009602,0.0899926025304012,0.08913082798244432,0.08837052452145144,0.08770823676604778,0.08714048162801191,0.0866648746887222,0.08627870999043807,0.08598030818393454,0.08576810831436887,0.08564128284342587,0.08559892512857914,0.08564128284342587,0.08576810831436887,0.08598030818393454,0.08627870999043807,0.0866648746887222,0.08714048162801191,0.08770823676604778,0.08837052452145144,0.08913082798244432,0.0899926025304012,0.09096056025009602,0.09203930082730949,0.09323452110402286,0.09455330087803304,0.0960074634058401,0.09764020156580955,0.09940016129985452,0.09906755783595145,0.10303088906221092,0.10570988175459206,0.1120145587483421,0.11070300475694239,0.11787663435097784,0.11763149464968592,0.1252077193930745,0.12480545870494097,0.12858711823355407,0.14063652337063104,0.14493412536103278,0.15771046618465334,0.14821043866686523,0.1631055693142116,0.17810617294162512,0.20154757425189018,0.19660056778229773,0.21711552143096924,0.2286319409031421,0.2428182828007266,0.3183134696446359,0.31939941458404064,0.4185698451474309,0.4490602877922356,0.5473850781563669,0.6476790439337492,0.8694397239014506,1.2540060579776764,1.8863329757004976,2.633372446987778,7.732104644179344
4.996018026024103,5.476880967617035,5.8326481729745865,2.573109820485115,2.012247309088707,1.4765275157988071,1.287131934426725,1.1447341572493315,0.8133307010866702,0.6479068314656615,0.5352134201675653,0.43436650559306145,0.4921181071549654,0.3820905697066337,0.36926833959296346,0.3389850575476885,0.3266766720917076,0.3019423894584179,0.27171321539208293,0.2763621418271214,0.26066385791637003,0.24244715040549636,0.23409200576134026,0.23267380203469656,0.2178279596264474,0.2151920571923256,0.21428585378453135,0.19418301829136908,0.19408806270803325,0.18430474493652582,0.17316522123292089,0.17796737211756408,0.17206668108701706,0.1734527222579345,0.16853398000239395,0.16457150256610475,0.16175446711713448,0.15933106211014092,0.15718585942522623,0.15527519979514182,0.1535749187169131,0.15206888323882595,0.1507456578547135,0.14959607445052825,0.1486127875978127,0.147789701964939,0.1471224897832144,0.14660736461519264,0.1462412812979892,0.14602241956163198,0.1459495723247528,0.14602241956163198,0.1462412812979892,0.14660736461519264,0.1471224897832144,0.147789701964939,0.1486127875978127,0.14959607445052825,0.1507456578547135,0.15206888323882595,0.1535749187169131,0.15527519979514182,0.15718585942522623,0.15933106211014092,0.16175446711713448,0.16457150256610475,0.16853398000239395,0.1734527222579345,0.17206668108701706,0.17796737211756408,0.17316522123292089,0.18430474493652582,0.19408806270803325,0.19418301829136908,0.21428585378453135,0.2151920571923256,0.2178279596264474,0.23267380203469656,0.23409200576134026,0.24244715040549636,0.26066385791637003,0.2763621418271214,0.27171321539208293,0.3019423894584179,0.3266766720917076,0.3389850575476885,0.36926833959296346,0.3820905697066337,0.4921181071549654,0.43436650559306145,0.5352134201675653,0.6479068314656615,0.8133307010866702,1.1447341572493315,1.287131934426725,1.4765275157988071,2.012247309088707,2.573109820485115,5.8326481729745865,5.476880967617035
4.1955385219771415,6.835946794599295,4.163073359057307,2.0790124498307705,1.520414026454091,1.2701137540861964,1.108596507459879,0.8192898528650403,0.7099454151466489,0.44905258109793067,0.3825594182126224,0.327911124099046,0.2875954150222242,0.30223588622175157,0.27013522991910577,0.2073537167161703,0.23916672635823488,0.191418586531654,0.19191245874390006,0.18500929430592805,0.16638564819004387,0.17222366441274062,0.16147048043785617,0.14185094507411122,0.13781685455614934,0.13419397664256394,0.13265872618649155,0.12587402435019612,0.11894252547062933,0.11738371971296147,0.1205572495382512,0.10699294408550486,0.1041502682492137,0.10739611415192485,0.10147894715191796,0.09975364097044803,0.09809899303945713,0.09661351336399093,0.09527706488734111,0.09407585000735708,0.09300035663181916,0.09204297352698632,0.09119752794504166,0.09045884585066233,0.0898226477438584,0.08928526350064203,0.08884403573756572,0.08849656797974603,0.08824127748812316,0.08807835092011373,0.08801707369275391,0.08807835092011373,0.08824127748812316,0.08849656797974603,0.08884403573756572,0.08928526350064203,0.0898226477438584,0.09045884585066233,0.09119752794504166,0.09204297352698632,0.09300035663181916,0.09407585000735708,0.09527706488734111,0.09661351336399093,0.09809899303945713,0.09975364097044803,0.10147894715191796,0.10739611415192485,0.1041502682492137,0.10699294408550486,0.1205572495382512,0.11738371971296147,0.11894252547062933,0.12587402435019612,0.13265872618649155,0.13419397664256394,0.13781685455614934,0.14185094507411122,0.16147048043785617,0.17222366441274062,0.16638564819004387,0.18500929430592805,0.19191245874390006,0.191418586531654,0.23916672635823488,0.2073537167161703,0.27013522991910577,0.30223588622175157,0.2875954150222242,0.327911124099046,0.3825594182126224,0.44905258109793067,0.7099454151466489,0.8192898528650403,1.108596507459879,1.2701137540861964,1.520414026454091,2.0790124498307705,4.163073359057307,6.835946794599295
1.9204271733760834,7.202306866645813,4.3803733345121145,2.166392335668206,1.4760090075433254,0.9611593270674348,0.709394566481933,0.6334398556500673,0.5395438112318516,0.43639167421497405,0.3729360653087497,0.37210374791175127,0.3598478795029223,0.2935155341401696,0.2687170202843845,0.2669941489584744,0.24459442496299744,0.2294027847237885,0.21082081273198128,0.2033067208249122,0.1849432874005288,0.1896678333869204,0.17773854197002947,0.17696311208419502,0.16335796029306948,0.15847154683433473,0.1551411091350019,0.15132977883331478,0.1455685447435826,0.14154404983855784,0.14010014408268034,0.13512934499885887,0.13417461048811674,0.13166494690813124,0.128353436361067,0.12626832781825215,0.12430491962004453,0.12252213037572801,0.1209115298697725,0.1194630820536986,0.11816650023683906,0.11701464105863124,0.11600060877390206,0.11511819204315543,0.11436292505823076,0.11373022804036736,0.11321725777816027,0.11282086151186377,0.11253919685259461,0.11237071885261685,0.11231473367661238,0.11237071885261685,0.11253919685259461,0.11282086151186377,0.11321725777816027,0.11373022804036736,0.11436292505823076,0.11511819204315543,0.11600060877390206,0.11701464105863124,0.11816650023683906,0.1194630820536986,0.1209115298697725,0.12252213037572801,0.12430491962004453,0.12626832781825215,0.128353436361067,0.13166494690813124,0.13417461048811674,0.13512934499885887,0.14010014408268034,0.14154404983855784,0.1455685447435826,0.15132977883331478,0.1551411091350019,0.15847154683433473,0.16335796029306948,0.17696311208419502,0.17773854197002947,0.1896678333869204,0.1849432874005288,0.2033067208249122,0.21082081273198128,0.2294027847237885,0.24459442496299744,0.2669941489584744,0.2687170202843845,0.2935155341401696,0.3598478795029223,0.37210374791175127,0.3729360653087497,0.43639167421497405,0.5395438112318516,0.6334398556500673,0.709394566481933,0.9611593270674348,1.4760090075433254,2.166392335668206,4.3803733345121145,7.202306866645813
6.509391140192747,5.807821974158287,4.27441370813176,1.3200187585316598,0.8827278297394514,0.7616390800103545,0.4618963245302439,0.5422413912601769,0.3187416612636298,0.3099422422237694,0.24923144630156457,0.2742690481245518,0.22505600296426564,0.1718501034192741,0.15575124323368073,0.1451973036164418,0.14094367995858192,0.12557758868206292,0.1231030406197533,0.1130860032280907,0.10709905729163438,0.10464455967303365,0.09978886123280972,0.09517452609725296,0.09202363912481815,0.08965248757158406,0.0866253157146275,0.08352896088035777,0.0822028074762784,0.07952043809928,0.07665893677040003,0.07643550395732746,0.07336135042714886,0.0729325500287814,0.07155704089382198,0.07011255661200266,0.06896160363976378,0.06793765608745161,0.06701787006750237,0.06619204526214162,0.06545348741929047,0.06479722238145769,0.06421891408535885,0.06371540635882411,0.06328372825373663,0.06292161752935499,0.06262721887469525,0.062399198788625654,0.06223671026600641,0.06213916407432407,0.06210668385028839,0.06213916407432407,0.06223671026600641,0.062399198788625654,0.06262721887469525,0.06292161752935499,0.06328372825373663,0.06371540635882411,0.06421891408535885,0.06479722238145769,0.06545348741929047,0.06619204526214162,0.06701787006750237,0.06793765608745161,0.06896160363976378,0.07011255661200266,0.07155704089382198,0.0729325500287814,0.07336135042714886,0.07643550395732746,0.07665893677040003,0.07952043809928,0.0822028074762784,0.08352896088035777,0.0866253157146275,0.08965248757158406,0.09202363912481815,0.09517452609725296,0.09978886123280972,0.10464455967303365,0.10709905729163438,0.1130860032280907,0.1231030406197533,0.12557758868206292,0.14094367995858192,0.1451973036164418,0.15575124323368073,0.1718501034192741,0.22505600296426564,0.2742690481245518,0.24923144630156457,0.3099422422237694,0.3187416612636298,0.5422413912601769,0.4618963245302439,0.7616390800103545,0.8827278297394514,1.3200187585316598,4.27441370813176,5.807821974158287
3.5663802064955235,6.372883684933186,5.412223629653454,1.723563052713871,1.2372687375172973,1.0849549882113934,0.827839283272624,0.6797313103452325,0.579963076626882,0.5651703560724854,0.48004280193708837,0.39062936836853623,0.3828160044977267,0.3513047321466729,0.30937041784636676,0.2959672767901793,0.2750083196442574,0.2623504704097286,0.24419933027820662,0.23413777945097536,0.22477781161433086,0.21527287538629025,0.20764320524176583,0.19908118221792392,0.19312295119743794,0.18560253642499447,0.18094751029275358,0.17417340073734522,0.17007807779009454,0.1669302393856924,0.1621493361890316,0.15892406206694432,0.155034824332688,0.15226090085343458,0.14920837662066333,0.14682403270853683,0.14457872268394567,0.14252918743295595,0.1406715261982754,0.1389965879789088,0.13749550213105977,0.13616022194037214,0.1349836680747103,0.1339597115002107,0.1330822947784327,0.1323474822274875,0.13175118957587983,0.13129058152844664,0.13096307712839916,0.13076730225293431,0.1307021826505661,0.13076730225293431,0.13096307712839916,0.13129058152844664,0.13175118957587983,0.1323474822274875,0.1330822947784327,0.1339597115002107,0.1349836680747103,0.13616022194037214,0.13749550213105977,0.1389965879789088,0.1406715261982754,0.14252918743295595,0.14457872268394567,0.14682403270853683,0.14920837662066333,0.15226090085343458,0.155034824332688,0.15892406206694432,0.1621493361890316,0.1669302393856924,0.17007807779009454,0.17417340073734522,0.18094751029275358,0.18560253642499447,0.19312295119743794,0.19908118221792392,0.20764320524176583,0.21527287538629025,0.22477781161433086,0.23413777945097536,0.24419933027820662,0.2623504704097286,0.2750083196442574,0.2959672767901793,0.30937041784636676,0.3513047321466729,0.3828160044977267,0.39062936836853623,0.48004280193708837,0.5651703560724854,0.579963076626882,0.6797313103452325,0.827839283272624,1.0849549882113934,1.2372687375172973,1.723563052713871,5.412223629653454,6.372883684933186
5.454633612185717,6.006722129881382,3.1555130183696747,0.9161569476127625,0.5054207481443882,0.4556319006369449,0.3783274122979492,0.2959207644453272,0.36261963844299316,0.23973213322460651,0.24579180590808392,0.1756549619603902,0.16623264900408685,0.12075466674286872,0.11835238081403077,0.112536302767694,0.11080672417301685,0.09838015295099467,0.09285134915262461,0.08841631980612874,0.08647853106958792,0.08235900744330138,0.08075211806863081,0.07748859305866063,0.07448108994867653,0.07034507888602093,0.06819066902971826,0.06750906154047698,0.06558696267893538,0.06338906049495563,0.062465238326694816,0.06143455428536981,0.05840174516197294,0.058478218445088714,0.0573887046193704,0.056452294578775764,0.05559774159337394,0.054818638134747744,0.054111893608933315,0.05347445682855323,0.052903006959240884,0.052394431055290624,0.05194589463644661,0.051555379905039445,0.0512208103609737,0.05094041972188279,0.05071296278038062,0.05053720480646007,0.050412240088917315,0.05033752869348973,0.05031267460435629,0.05033752869348973,0.050412240088917315,0.05053720480646007,0.05071296278038062,0.05094041972188279,0.0512208103609737,0.051555379905039445,0.05194589463644661,0.052394431055290624,0.052903006959240884,0.05347445682855323,0.054111893608933315,0.054818638134747744,0.05559774159337394,0.056452294578775764,0.0573887046193704,0.058478218445088714,0.05840174516197294,0.06143455428536981,0.062465238326694816,0.06338906049495563,0.06558696267893538,0.06750906154047698,0.06819066902971826,0.07034507888602093,0.07448108994867653,0.07748859305866063,0.08075211806863081,0.08235900744330138,0.08647853106958792,0.08841631980612874,0.09285134915262461,0.09838015295099467,0.11080672417301685,0.112536302767694,0.11835238081403077,0.12075466674286872,0.16623264900408685,0.1756549619603902,0.24579180590808392,0.23973213322460651,0.36261963844299316,0.2959207644453272,0.3783274122979492,0.4556319006369449,0.5054207481443882,0.9161569476127625,3.1555130183696747,6.006722129881382
3.3736825324594975,5.359968928620219,3.8282047286629677,1.6119381580501795,1.5687481611967087,1.2387186363339424,1.0497728837653995,0.7469650879502296,0.6762508507817984,0.6283710803836584,0.3154621864669025,0.3340897192247212,0.38667129375971854,0.30698394728824496,0.28396743442863226,0.26816472120117396,0.25658676517196,0.23211209196597338,0.2357761028688401,0.22702699061483145,0.21536356071010232,0.1882412440609187,0.18901925149839371,0.18062961613759398,0.1584579459449742,0.16440661740489304,0.16148118569981307,0.14740232593612745,0.13990362954791635,0.13780991174280643,0.14045379380695522,0.13473209540825337,0.1296113624703139,0.12324310740223154,0.12387041581678204,0.1205377844744362,0.11847387668967713,0.11671458321507089,0.11515373893780634,0.11375827726442367,0.11251233961957041,0.11140581731160637,0.11043179749685805,0.1095842325448757,0.1088582402881002,0.1082503479992738,0.10775704281695653,0.10737591712677386,0.10710501148423646,0.10694296861765906,0.10688924882560968,0.10694296861765906,0.10710501148423646,0.10737591712677386,0.10775704281695653,0.1082503479992738,0.1088582402881002,0.1095842325448757,0.11043179749685805,0.11140581731160637,0.11251233961957041,0.11375827726442367,0.11515373893780634,0.11671458321507089,0.11847387668967713,0.1205377844744362,0.12387041581678204,0.12324310740223154,0.1296113624703139,0.13473209540825337,0.14045379380695522,0.13780991174280643,0.13990362954791635,0.14740232593612745,0.16148118569981307,0.16440661740489304,0.1584579459449742,0.18062961613759398,0.18901925149839371,0.1882412440609187,0.21536356071010232,0.22702699061483145,0.2357761028688401,0.23211209196597338,0.25658676517196,0.26816472120117396,0.28396743442863226,0.30698394728824496,0.38667129375971854,0.3340897192247212,0.3154621864669025,0.6283710803836584,0.6762508507817984,0.7469650879502296,1.0497728837653995,1.2387186363339424,1.5687481611967087,1.6119381580501795,3.8282047286629677,5.359968928620219
3.2227060655131936,5.221510425209999,4.970231667160988,2.3743619211018085,2.1903258562088013,1.6424596477299929,1.175981443375349,0.95711624994874,0.7454570792615414,0.52469168510288,0.5020835385657847,0.38505696691572666,0.33698487002402544,0.30944921844638884,0.28839882416650653,0.22724066500086337,0.23543558886740357,0.21775890130084008,0.22326823801267892,0.1892132451175712,0.17014268049388193,0.19810011237859726,0.16211581020615995,0.15944148134440184,0.14556227473076433,0.1551353046670556,0.14950518286786973,0.13520846678875387,0.13591088930843398,0.11646860133623704,0.1245592757477425,0.1284815410617739,0.11405552487121895,0.11575724865542725,0.10823818162316456,0.10658419039100409,0.10506867463118397,0.10365911317057908,0.1023665864195209,0.10119235853198916,0.10013492999132723,0.09919058613013476,0.09835639930679463,0.09762821494950913,0.09700376749970019,0.09648004759219475,0.09605446510249749,0.09572553995531052,0.0954915665788576,0.09535169109585695,0.09530510473996401,0.09535169109585695,0.0954915665788576,0.09572553995531052,0.09605446510249749,0.09648004759219475,0.09700376749970019,0.09762821494950913,0.09835639930679463,0.09919058613013476,0.10013492999132723,0.10119235853198916,0.1023665864195209,0.10365911317057908,0.10506867463118397,0.10658419039100409,0.10823818162316456,0.11575724865542725,0.11405552487121895,0.1284815410617739,0.1245592757477425,0.11646860133623704,0.13591088930843398,0.13520846678875387,0.14950518286786973,0.1551353046670556,0.14556227473076433,0.15944148134440184,0.16211581020615995,0.19810011237859726,0.17014268049388193,0.1892132451175712,0.22326823801267892,0.21775890130084008,0.23543558886740357,0.22724066500086337,0.28839882416650653,0.30944921844638884,0.33698487002402544,0.38505696691572666,0.5020835385657847,0.52469168510288,0.7454570792615414,0.95711624994874,1.175981443375349,1.6424596477299929,2.1903258562088013,2.3743619211018085,4.970231667160988,5.221510425209999
4.190767142921686,6.805475581437349,5.989696882665157,2.02559981495142,1.6817454099655151,0.946615893393755,0.8295759335160255,0.6587111074477434,0.5285502439364791,0.31571564078330994,0.2350735799409449,0.27309416560456157,0.1714041701052338,0.17475092003587633,0.18232783279381692,0.16595125989988446,0.14903949364088476,0.13294288772158325,0.11585806729272008,0.09682375739794225,0.10369505197741091,0.10683593225257937,0.09945117752067745,0.0877304527675733,0.08167941455030814,0.08288002957124263,0.07793559681158513,0.0725630576198455,0.07294882467249408,0.06745678573497571,0.07484334980836138,0.06646271931822412,0.06237854697974399,0.06495093298144639,0.06168060697382316,0.06033882685005665,0.059307594754500315,0.0584000741946511,0.05758880858775228,0.05686265119584277,0.056214062962681055,0.055638148260186426,0.055130864755483344,0.05468917883990798,0.054310325111146085,0.05399233242496848,0.05373357396456413,0.05353310736245476,0.05339010198076721,0.05330447117012227,0.05327579006552696,0.05330447117012227,0.05339010198076721,0.05353310736245476,0.05373357396456413,0.05399233242496848,0.054310325111146085,0.05468917883990798,0.055130864755483344,0.055638148260186426,0.056214062962681055,0.05686265119584277,0.05758880858775228,0.0584000741946511,0.059307594754500315,0.06033882685005665,0.06168060697382316,0.06495093298144639,0.06237854697974399,0.06646271931822412,0.07484334980836138,0.06745678573497571,0.07294882467249408,0.0725630576198455,0.07793559681158513,0.08288002957124263,0.08167941455030814,0.0877304527675733,0.09945117752067745,0.10683593225257937,0.10369505197741091,0.09682375739794225,0.11585806729272008,0.13294288772158325,0.14903949364088476,0.16595125989988446,0.18232783279381692,0.17475092003587633,0.1714041701052338,0.27309416560456157,0.2350735799409449,0.31571564078330994,0.5285502439364791,0.6587111074477434,0.8295759335160255,0.946615893393755,1.6817454099655151,2.02559981495142,5.989696882665157,6.805475581437349
3.590260363649577,4.428313784301281,4.235090792179108,1.5964299347251654,1.1819180641323328,0.8752780985087156,0.672564260661602,0.52436413615942,0.43820546194911003,0.31987239280715585,0.28130112821236253,0.23919559083878994,0.2164935264736414,0.17279567965306342,0.14780286385212094,0.1489255006890744,0.14195767656201497,0.13110287761082873,0.1199096841737628,0.11983181902905926,0.11584937485167757,0.11219779774546623,0.09737240371759981,0.09975876554381102,0.09437769497162662,0.0926825866336003,0.09072446165373549,0.08447548910044134,0.08313373569399118,0.07978446874767542,0.07872398311155848,0.07749949980643578,0.07609407410927815,0.07367801613872871,0.0728861604584381,0.071591575659113,0.07047734700608999,0.06946946615062188,0.06855860617361031,0.06773869576863945,0.06700464959430974,0.06635197013383731,0.06577721162466332,0.06527701993763912,0.06484860318596475,0.06448982596339192,0.064198720298009,0.06397385602758732,0.06381399235397112,0.06371845735702664,0.06368667772039771,0.06371845735702664,0.06381399235397112,0.06397385602758732,0.064198720298009,0.06448982596339192,0.06484860318596475,0.06527701993763912,0.06577721162466332,0.06635197013383731,0.06700464959430974,0.06773869576863945,0.06855860617361031,0.06946946615062188,0.07047734700608999,0.071591575659113,0.0728861604584381,0.07367801613872871,0.07609407410927815,0.07749949980643578,0.07872398311155848,0.07978446874767542,0.08313373569399118,0.08447548910044134,0.09072446165373549,0.0926825866336003,0.09437769497162662,0.09975876554381102,0.09737240371759981,0.11219779774546623,0.11584937485167757,0.11983181902905926,0.1199096841737628,0.13110287761082873,0.14195767656201497,0.1489255006890744,0.14780286385212094,0.17279567965306342,0.2164935264736414,0.23919559083878994,0.28130112821236253,0.31987239280715585,0.43820546194911003,0.52436413615942,0.672564260661602,0.8752780985087156,1.1819180641323328,1.5964299347251654,4.235090792179108,4.428313784301281
3.422656058333814,3.1337791979312897,4.529682211577892,1.160924254450947,0.7955368645489216,0.6138642244040966,0.31534699257463217,0.3861086112447083,0.2895049727521837,0.21261625224724412,0.1621239276137203,0.1692948251729831,0.13857341255061328,0.11789254494942725,0.10298688046168536,0.0950086951488629,0.08189534720440861,0.07675942440982908,0.07500040080049075,0.06595253787236288,0.06651430606143549,0.06407439394388348,0.06082289134792518,0.058052910258993506,0.05623049900168553,0.05394031372270547,0.051880006125429645,0.05063478846568614,0.048148850255529396,0.04794835558277555,0.047535715289996006,0.04620520338357892,0.04561329132411629,0.04373186323209666,0.04327485815156251,0.04256586484552827,0.04191098444425734,0.04131647540634731,0.04077841209800681,0.04029370562057011,0.03985949373964104,0.03947317560960073,0.039132704285293585,0.038836282856209436,0.038582348432100844,0.03836958409010549,0.03819692366596428,0.03806352335959673,0.03796862123272149,0.03791191205891664,0.03789299912750721,0.03791191205891664,0.03796862123272149,0.03806352335959673,0.03819692366596428,0.03836958409010549,0.038582348432100844,0.038836282856209436,0.039132704285293585,0.03947317560960073,0.03985949373964104,0.04029370562057011,0.04077841209800681,0.04131647540634731,0.04191098444425734,0.04256586484552827,0.04327485815156251,0.04373186323209666,0.04561329132411629,0.04620520338357892,0.047535715289996006,0.04794835558277555,0.048148850255529396,0.05063478846568614,0.051880006125429645,0.05394031372270547,0.05623049900168553,0.058052910258993506,0.06082289134792518,0.06407439394388348,0.06651430606143549,0.06595253787236288,0.07500040080049075,0.07675942440982908,0.08189534720440861,0.0950086951488629,0.10298688046168536,0.11789254494942725,0.13857341255061328,0.1692948251729831,0.1621239276137203,0.21261625224724412,0.2895049727521837,0.3861086112447083,0.31534699257463217,0.6138642244040966,0.7955368645489216,1.160924254450947,4.529682211577892,3.1337791979312897
3.1289416290819645,3.8602716848254204,3.9608348086476326,1.2221701247617602,0.6015354534611106,0.6066710967570543,0.466723813675344,0.36791869904845953,0.30072416784241796,0.3099873294122517,0.23822286305949092,0.20597162004560232,0.15763598668854684,0.15354206797201186,0.13676645932719111,0.12211029062746093,0.11137087788665667,0.10536245763069019,0.10194723610766232,0.09892994537949562,0.09519599261693656,0.09057665127329528,0.0870373640791513,0.0843043343629688,0.08230681624263525,0.07846184947993606,0.0765631094109267,0.07310428598430008,0.07193429744802415,0.07055135566042736,0.0695458974223584,0.06748859881190583,0.06580424366984516,0.06453619612148032,0.06355341692687944,0.06240731832804158,0.061421711230650544,0.06053723394870758,0.05974086403148249,0.059025420690886676,0.058385952725075185,0.0578177769202739,0.057317682541906834,0.05688266863580793,0.05651017825584859,0.05619849089998752,0.05594568862579763,0.05575034121284261,0.05561152775771916,0.055528545402921736,0.05550089851021767,0.055528545402921736,0.05561152775771916,0.05575034121284261,0.05594568862579763,0.05619849089998752,0.05651017825584859,0.05688266863580793,0.057317682541906834,0.0578177769202739,0.058385952725075185,0.059025420690886676,0.05974086403148249,0.06053723394870758,0.061421711230650544,0.06240731832804158,0.06355341692687944,0.06453619612148032,0.06580424366984516,0.06748859881190583,0.0695458974223584,0.07055135566042736,0.07193429744802415,0.07310428598430008,0.0765631094109267,0.07846184947993606,0.08230681624263525,0.0843043343629688,0.0870373640791513,0.09057665127329528,0.09519599261693656,0.09892994537949562,0.10194723610766232,0.10536245763069019,0.11137087788665667,0.12211029062746093,0.13676645932719111,0.15354206797201186,0.15763598668854684,0.20597162004560232,0.23822286305949092,0.3099873294122517,0.30072416784241796,0.36791869904845953,0.466723813675344,0.6066710967570543,0.6015354534611106,1.2221701247617602,3.9608348086476326,3.8602716848254204
3.1955147683620453,5.7765306904911995,3.1805598624050617,1.0251192091964185,0.5947598328348249,0.6395546682178974,0.5098650609143078,0.3300200834637508,0.3226475843694061,0.2870623511262238,0.2584162838757038,0.22775563225150108,0.1943891637492925,0.1651951699750498,0.15623338427394629,0.14615696761757135,0.1345619714120403,0.12768765888176858,0.11903388901555445,0.11239264614414424,0.10593434679321945,0.10477508249459788,0.1001364664407447,0.0955467545427382,0.09209650312550366,0.08747488306835294,0.08601083449320868,0.08324546209769323,0.0823125189053826,0.07843762933043763,0.07713234407128766,0.07380605398793705,0.07361031085019931,0.07188604815746658,0.07059993332950398,0.06944672067766078,0.06838183116633445,0.06741180314566009,0.06653210319927894,0.06573891374864615,0.06502780978917144,0.06439505450543948,0.06383738896693103,0.06335178215522319,0.06293584537343122,0.06258736524614505,0.06230467074783519,0.06208621972473338,0.06193098516087048,0.06183811230584979,0.06180715002119541,0.06183811230584979,0.06193098516087048,0.06208621972473338,0.06230467074783519,0.06258736524614505,0.06293584537343122,0.06335178215522319,0.06383738896693103,0.06439505450543948,0.06502780978917144,0.06573891374864615,0.06653210319927894,0.06741180314566009,0.06838183116633445,0.06944672067766078,0.07059993332950398,0.07188604815746658,0.07361031085019931,0.07380605398793705,0.07713234407128766,0.07843762933043763,0.0823125189053826,0.08324546209769323,0.08601083449320868,0.08747488306835294,0.09209650312550366,0.0955467545427382,0.1001364664407447,0.10477508249459788,0.10593434679321945,0.11239264614414424,0.11903388901555445,0.12768765888176858,0.1345619714120403,0.14615696761757135,0.15623338427394629,0.1651951699750498,0.1943891637492925,0.22775563225150108,0.2584162838757038,0.2870623511262238,0.3226475843694061,0.3300200834637508,0.5098650609143078,0.6395546682178974,0.5947598328348249,1.0251192091964185,3.1805598624050617,5.7765306904911995
4.0441176146268845,5.81395997107029,3.004669312387705,1.3073645364493132,0.6302441349253058,0.43601870350539684,0.4450348261743784,0.37850990518927574,0.30747825000435114,0.283150021918118,0.22591265803202987,0.19915599701926112,0.18201421154662967,0.16418003127910197,0.13568698900053278,0.1409756048815325,0.11617445503361523,0.11183610640000552,0.11037269339431077,0.09884504397632554,0.09408048359910026,0.09238234889926389,0.08994877769146115,0.08484159837826155,0.0813073210301809,0.08031055558240041,0.07676429554703645,0.0760457114665769,0.07262263059965335,0.07258627924602479,0.0689542256295681,0.06583461939590052,0.06643498901394196,0.0656978087790776,0.06438177812378854,0.06311158364405856,0.06206489141914062,0.06114328023977578,0.06032083695754409,0.059585970535408705,0.05893080745590851,0.05835009383736178,0.0578395863994956,0.05739604032714851,0.05701660111662932,0.05669899479835294,0.056441403954522684,0.05624262793571688,0.056101343099726364,0.056016916729277,0.055988797917962074,0.056016916729277,0.056101343099726364,0.05624262793571688,0.056441403954522684,0.05669899479835294,0.05701660111662932,0.05739604032714851,0.0578395863994956,0.05835009383736178,0.05893080745590851,0.059585970535408705,0.06032083695754409,0.06114328023977578,0.06206489141914062,0.06311158364405856,0.06438177812378854,0.0656978087790776,0.06643498901394196,0.06583461939590052,0.0689542256295681,0.07258627924602479,0.07262263059965335,0.0760457114665769,0.07676429554703645,0.08031055558240041,0.0813073210301809,0.08484159837826155,0.08994877769146115,0.09238234889926389,0.09408048359910026,0.09884504397632554,0.11037269339431077,0.11183610640000552,0.11617445503361523,0.1409756048815325,0.13568698900053278,0.16418003127910197,0.18201421154662967,0.19915599701926112,0.22591265803202987,0.283150021918118,0.30747825000435114,0.37850990518927574,0.4450348261743784,0.43601870350539684,0.6302441349253058,1.3073645364493132,3.004669312387705,5.81395997107029
3.6010638996958733,4.72840129584074,2.2592443246394396,1.0691713094711304,0.7587792547419667,0.68995719589293,0.507399333640933,0.3912127648945898,0.3092521766957361,0.29141280008479953,0.2811055616475642,0.21026453597005457,0.1942661078646779,0.17254342371597886,0.1479295063763857,0.1365685026103165,0.1285291621752549,0.12381450622342527,0.11269873607670888,0.11259644472738728,0.1066474667750299,0.099376275902614,0.09593476974987425,0.09293945721583441,0.08892053060117178,0.0856227562398999,0.08304058761859778,0.0797972053369449,0.07787924479634967,0.07612493342458038,0.0738212880823994,0.07235553891950985,0.07119536952814087,0.06957134170806967,0.06816538026032504,0.0669314529368421,0.06586750314454548,0.06490942991513293,0.06404513012967072,0.06326762847311329,0.06257179864041973,0.06195335276424885,0.06140879334998317,0.0609349688020302,0.060529169873916544,0.06018932585720904,0.05991354019352002,0.059700536490709055,0.05954911088338122,0.059458581410581246,0.05942848604172468,0.059458581410581246,0.05954911088338122,0.059700536490709055,0.05991354019352002,0.06018932585720904,0.060529169873916544,0.0609349688020302,0.06140879334998317,0.06195335276424885,0.06257179864041973,0.06326762847311329,0.06404513012967072,0.06490942991513293,0.06586750314454548,0.0669314529368421,0.06816538026032504,0.06957134170806967,0.07119536952814087,0.07235553891950985,0.0738212880823994,0.07612493342458038,0.07787924479634967,0.0797972053369449,0.08304058761859778,0.0856227562398999,0.08892053060117178,0.09293945721583441,0.09593476974987425,0.099376275902614,0.1066474667750299,0.11259644472738728,0.11269873607670888,0.12381450622342527,0.1285291621752549,0.1365685026103165,0.1479295063763857,0.17254342371597886,0.1942661078646779,0.21026453597005457,0.2811055616475642,0.29141280008479953,0.3092521766957361,0.3912127648945898,0.507399333640933,0.68995719589293,0.7587792547419667,1.0691713094711304,2.2592443246394396,4.72840129584074
2.0164873730391264,4.115422062575817,1.7971383482217789,1.158464259468019,0.5602070474997163,0.499823902733624,0.3868289403617382,0.3325411812402308,0.27614231687039137,0.2304423046298325,0.24417418567463756,0.15128265833482146,0.1751734900753945,0.15266965283080935,0.13385787466540933,0.1289064644370228,0.1192736467346549,0.11292349093127996,0.1050830411259085,0.10279983119107783,0.09658856794703752,0.091997014824301,0.09015722607728094,0.0861961311311461,0.082961808424443,0.07933340745512396,0.0783812846057117,0.07648825290380046,0.07372881262563169,0.07251899316906929,0.07071901205927134,0.06838049466023222,0.06760832143481821,0.06625987880397588,0.06477787217590958,0.06370389874791726,0.06271287525305524,0.06181245076004416,0.06099854927742854,0.060265860229264945,0.05961008951999247,0.05902733915718272,0.058514146716333926,0.058067851699888706,0.05768569029169157,0.05736573337344453,0.05710612511029467,0.05690563021926209,0.056763161439448595,0.05667798570357263,0.056649592239409685,0.05667798570357263,0.056763161439448595,0.05690563021926209,0.05710612511029467,0.05736573337344453,0.05768569029169157,0.058067851699888706,0.058514146716333926,0.05902733915718272,0.05961008951999247,0.060265860229264945,0.06099854927742854,0.06181245076004416,0.06271287525305524,0.06370389874791726,0.06477787217590958,0.06625987880397588,0.06760832143481821,0.06838049466023222,0.07071901205927134,0.07251899316906929,0.07372881262563169,0.07648825290380046,0.0783812846057117,0.07933340745512396,0.082961808424443,0.0861961311311461,0.09015722607728094,0.091997014824301,0.09658856794703752,0.10279983119107783,0.1050830411259085,0.11292349093127996,0.1192736467346549,0.1289064644370228,0.13385787466540933,0.15266965283080935,0.1751734900753945,0.15128265833482146,0.24417418567463756,0.2304423046298325,0.27614231687039137,0.3325411812402308,0.3868289403617382,0.499823902733624,0.5602070474997163,1.158464259468019,1.7971383482217789,4.115422062575817
2.1615940461633727,3.2429913748055696,1.972699474543333,0.7277111653238535,0.4687869097106159,0.3237625155597925,0.23069238581229,0.2569083960261196,0.20497166272252798,0.22070599673315883,0.19736435636878014,0.15231309700175188,0.14350036950781941,0.12364509678445756,0.09716107160784304,0.09269990777829662,0.08581657827016897,0.0793539546430111,0.07476500555640087,0.06980587966972962,0.06826390966307372,0.06420849537244067,0.061579002416692674,0.059888851625146344,0.05832342026405968,0.05588288672151975,0.05360428197309375,0.05247695397702046,0.05033065189491026,0.049872939474880695,0.048303229370503686,0.046868248089595,0.045895587507402524,0.0452792024880182,0.044423136321711354,0.043678645248292014,0.04299199271190446,0.04236943269643234,0.041806482659012545,0.041299832744698506,0.04084597185283201,0.04044237745256396,0.04008687675741385,0.03977719484100817,0.03951204749319004,0.03928964331134921,0.03910937959517469,0.03896997725678375,0.03887089065028704,0.03881160295713926,0.03879183891694993,0.03881160295713926,0.03887089065028704,0.03896997725678375,0.03910937959517469,0.03928964331134921,0.03951204749319004,0.03977719484100817,0.04008687675741385,0.04044237745256396,0.04084597185283201,0.041299832744698506,0.041806482659012545,0.04236943269643234,0.04299199271190446,0.043678645248292014,0.044423136321711354,0.0452792024880182,0.045895587507402524,0.046868248089595,0.048303229370503686,0.049872939474880695,0.05033065189491026,0.05247695397702046,0.05360428197309375,0.05588288672151975,0.05832342026405968,0.059888851625146344,0.061579002416692674,0.06420849537244067,0.06826390966307372,0.06980587966972962,0.07476500555640087,0.0793539546430111,0.08581657827016897,0.09269990777829662,0.09716107160784304,0.12364509678445756,0.14350036950781941,0.15231309700175188,0.19736435636878014,0.22070599673315883,0.20497166272252798,0.2569083960261196,0.23069238581229,0.3237625155597925,0.4687869097106159,0.7277111653238535,1.972699474543333,3.2429913748055696
1.5742684472352266,2.9019812270998955,1.6006352473050356,0.8036688892170787,0.4760550279170275,0.27213521813973784,0.24568088818341494,0.2280546184629202,0.1886865145061165,0.2177585158497095,0.1958172358572483,0.13971114926971495,0.13334310753270984,0.09560975548811257,0.09039331853273325,0.08045757235959172,0.07573765964480117,0.07088220721925609,0.06862553376413416,0.06281109049450606,0.061914779274957255,0.05939238757127896,0.05690458064782433,0.05479394533904269,0.05210843365784967,0.050884089403552935,0.04925071194884367,0.04761572167626582,0.046063097834121436,0.045534948469139636,0.04414576748968102,0.04323135202866979,0.042721026664366946,0.041564173821825534,0.04074046778259799,0.04009785535163246,0.03948846156708896,0.03893012765911408,0.03842293526395224,0.03796543236239813,0.037555378599790856,0.03719041563454084,0.036868892901111394,0.036589079682016745,0.03634919464820996,0.03614852749160491,0.035985561582492664,0.03585969301639125,0.035770218062680215,0.03571671069948934,0.03569892095401883,0.03571671069948934,0.035770218062680215,0.03585969301639125,0.035985561582492664,0.03614852749160491,0.03634919464820996,0.036589079682016745,0.036868892901111394,0.03719041563454084,0.037555378599790856,0.03796543236239813,0.03842293526395224,0.03893012765911408,0.03948846156708896,0.04009785535163246,0.04074046778259799,0.041564173821825534,0.042721026664366946,0.04323135202866979,0.04414576748968102,0.045534948469139636,0.046063097834121436,0.04761572167626582,0.04925071194884367,0.050884089403552935,0.05210843365784967,0.05479394533904269,0.05690458064782433,0.05939238757127896,0.061914779274957255,0.06281109049450606,0.06862553376413416,0.07088220721925609,0.07573765964480117,0.08045757235959172,0.09039331853273325,0.09560975548811257,0.13334310753270984,0.13971114926971495,0.1958172358572483,0.2177585158497095,0.1886865145061165,0.2280546184629202,0.24568088818341494,0.27213521813973784,0.4760550279170275,0.8036688892170787,1.6006352473050356,2.9019812270998955
1.0173465870320797,2.466096743941307,1.4566788021475077,0.6939060892909765,0.45332451770082116,0.3661196422763169,0.2897011376917362,0.23627073736861348,0.19518519926350564,0.25378858763724566,0.1874762480147183,0.17732906062155962,0.12561892706435174,0.09613860386889428,0.0983579334570095,0.0903823054395616,0.09567489312030375,0.07500796369276941,0.07550780603196472,0.07176776771666482,0.06704099883791059,0.057574566220864654,0.050583767239004374,0.054743198212236166,0.04986062506213784,0.0505888283951208,0.04800239414907992,0.046716734184883535,0.04329038260038942,0.04409589304123074,0.044570521800778806,0.04369695170316845,0.04085702449083328,0.039218541991431266,0.038369208632502705,0.03771207039244473,0.03713206521933898,0.03660565667087212,0.036128832201939076,0.03569880855502561,0.035313251515617594,0.034970149281434715,0.034667744097532704,0.034404450590955094,0.034178809815784916,0.03398962505161762,0.03383637429215014,0.03371785263880156,0.03363357816124335,0.03358322160784155,0.03356642532162368,0.03358322160784155,0.03363357816124335,0.03371785263880156,0.03383637429215014,0.03398962505161762,0.034178809815784916,0.034404450590955094,0.034667744097532704,0.034970149281434715,0.035313251515617594,0.03569880855502561,0.036128832201939076,0.03660565667087212,0.03713206521933898,0.03771207039244473,0.038369208632502705,0.039218541991431266,0.04085702449083328,0.04369695170316845,0.044570521800778806,0.04409589304123074,0.04329038260038942,0.046716734184883535,0.04800239414907992,0.0505888283951208,0.04986062506213784,0.054743198212236166,0.050583767239004374,0.057574566220864654,0.06704099883791059,0.07176776771666482,0.07550780603196472,0.07500796369276941,0.09567489312030375,0.0903823054395616,0.0983579334570095,0.09613860386889428,0.12561892706435174,0.17732906062155962,0.1874762480147183,0.25378858763724566,0.19518519926350564,0.23627073736861348,0.2897011376917362,0.3661196422763169,0.45332451770082116,0.6939060892909765,1.4566788021475077,2.466096743941307
1.9450473501347005,3.247862298041582,3.1795331332832575,1.1785394474864006,1.6136584170162678,1.3947044536471367,0.8051429658662528,0.5971697196364403,0.4191267751157284,0.3405244452878833,0.2669298849068582,0.21923347190022469,0.21498694526962936,0.16842318791896105,0.1773286316310987,0.16912106075324118,0.16211873921565711,0.13510326953837648,0.13684838940389454,0.15191004727967083,0.10751988959964365,0.10721098896465264,0.10147284940467216,0.1000519209774211,0.09364211210049689,0.08736755861900747,0.08673007425386459,0.07939367127255537,0.08778091392014176,0.08943723468109965,0.0794382297899574,0.07013992773136124,0.07679092604666948,0.07507096047629602,0.06803350197151303,0.06613830299465917,0.06488466481096111,0.06383557611843571,0.06292194371053483,0.06211686744063627,0.06140587707341183,0.06077931671461556,0.06023110990645364,0.05975598411168903,0.05935057705210056,0.059012077894294634,0.05873788184544537,0.05852634432085324,0.05837614204210695,0.05828646451118402,0.05825658980756998,0.05828646451118402,0.05837614204210695,0.05852634432085324,0.05873788184544537,0.059012077894294634,0.05935057705210056,0.05975598411168903,0.06023110990645364,0.06077931671461556,0.06140587707341183,0.06211686744063627,0.06292194371053483,0.06383557611843571,0.06488466481096111,0.06613830299465917,0.06803350197151303,0.07507096047629602,0.07679092604666948,0.07013992773136124,0.0794382297899574,0.08943723468109965,0.08778091392014176,0.07939367127255537,0.08673007425386459,0.08736755861900747,0.09364211210049689,0.1000519209774211,0.10147284940467216,0.10721098896465264,0.10751988959964365,0.15191004727967083,0.13684838940389454,0.13510326953837648,0.16211873921565711,0.16912106075324118,0.1773286316310987,0.16842318791896105,0.21498694526962936,0.21923347190022469,0.2669298849068582,0.3405244452878833,0.4191267751157284,0.5971697196364403,0.8051429658662528,1.3947044536471367,1.6136584170162678,1.1785394474864006,3.1795331332832575,3.247862298041582
3.022741988301277,5.951786808669567,3.1060712039470673,2.0467608720064163,2.0155873876065016,1.6312743090093136,1.054592321626842,0.8251791596412659,0.5322798630222678,0.5587397664785385,0.4191585388034582,0.3032783883390948,0.2720986269414425,0.2407019688980654,0.2237911676056683,0.24135261517949402,0.18427137657999992,0.18296362442197278,0.16517093405127525,0.16999556263908744,0.17000834690406919,0.1364523264928721,0.144352059927769,0.1360382090206258,0.13875675690360367,0.11866904684575275,0.11181328468956053,0.11755289323627949,0.11446035251719877,0.10286216530948877,0.10279632470337674,0.10120732442010194,0.0958751107682474,0.09266001801006496,0.08985383168328553,0.08838907047174871,0.0872401810484007,0.08615214133169502,0.08513561286963522,0.08420040307100862,0.08335047389846295,0.08258680591825396,0.08190879633184522,0.08131547388620675,0.08080510119907558,0.08037625951692462,0.08002742612734437,0.07975740951951593,0.07956524798646569,0.07945020741317421,0.07941203005611897,0.07945020741317421,0.07956524798646569,0.07975740951951593,0.08002742612734437,0.08037625951692462,0.08080510119907558,0.08131547388620675,0.08190879633184522,0.08258680591825396,0.08335047389846295,0.08420040307100862,0.08513561286963522,0.08615214133169502,0.0872401810484007,0.08838907047174871,0.08985383168328553,0.09266001801006496,0.0958751107682474,0.10120732442010194,0.10279632470337674,0.10286216530948877,0.11446035251719877,0.11755289323627949,0.11181328468956053,0.11866904684575275,0.13875675690360367,0.1360382090206258,0.144352059927769,0.1364523264928721,0.17000834690406919,0.16999556263908744,0.16517093405127525,0.18296362442197278,0.18427137657999992,0.24135261517949402,0.2237911676056683,0.2407019688980654,0.2720986269414425,0.3032783883390948,0.4191585388034582,0.5587397664785385,0.5322798630222678,0.8251791596412659,1.054592321626842,1.6312743090093136,2.0155873876065016,2.0467608720064163,3.1060712039470673,5.951786808669567
4.492310709320009,9.123421967029572,4.008492283523083,1.7887073904275894,1.1206739721819758,0.8345020208507776,0.6565262223593891,0.5191274732351303,0.42167784785851836,0.4141765353269875,0.3921008768957108,0.2568566181580536,0.23652904690243304,0.20198973978403956,0.18864346737973392,0.1723318558651954,0.16412025119643658,0.16055764677003026,0.14893775363452733,0.1526653589680791,0.14601045788731426,0.1519839499378577,0.12435349344741553,0.12468029069714248,0.12103816529270262,0.11924620263744146,0.10997680629952811,0.10712711056112312,0.10231744131306186,0.0999688723240979,0.0964089549088385,0.09710225358139724,0.09484009747393429,0.09366878384025767,0.09250764800526667,0.09010128462978173,0.0884328521497082,0.08702172519406304,0.0857857976006926,0.08469193245400675,0.08372305412922287,0.08286773875443032,0.08211815464892425,0.08146788318117615,0.08091226712713251,0.08044773440633435,0.08007129920952138,0.07978057953005191,0.07957402472311514,0.0794504231234896,0.07940942142158747,0.0794504231234896,0.07957402472311514,0.07978057953005191,0.08007129920952138,0.08044773440633435,0.08091226712713251,0.08146788318117615,0.08211815464892425,0.08286773875443032,0.08372305412922287,0.08469193245400675,0.0857857976006926,0.08702172519406304,0.0884328521497082,0.09010128462978173,0.09250764800526667,0.09366878384025767,0.09484009747393429,0.09710225358139724,0.0964089549088385,0.0999688723240979,0.10231744131306186,0.10712711056112312,0.10997680629952811,0.11924620263744146,0.12103816529270262,0.12468029069714248,0.12435349344741553,0.1519839499378577,0.14601045788731426,0.1526653589680791,0.14893775363452733,0.16055764677003026,0.16412025119643658,0.1723318558651954,0.18864346737973392,0.20198973978403956,0.23652904690243304,0.2568566181580536,0.3921008768957108,0.4141765353269875,0.42167784785851836,0.5191274732351303,0.6565262223593891,0.8345020208507776,1.1206739721819758,1.7887073904275894,4.008492283523083,9.123421967029572
4.355091606266797,8.671067595481873,4.228282682597637,1.4024916412308812,0.9656152278184891,0.8823271077126265,0.6119930688291788,0.5232404682319611,0.4474098370410502,0.39166689245030284,0.33480171393603086,0.29509583581238985,0.2510686405003071,0.23062995151849464,0.21542014880105853,0.20138276816578582,0.18975821463391185,0.1766339523019269,0.1690218010917306,0.16105557221453637,0.15952391165774316,0.14680641843006015,0.14026249176822603,0.13291344087338075,0.12784039555117488,0.12799368798732758,0.1207800826523453,0.11608860734850168,0.11379163846140727,0.1126684881746769,0.1082060499174986,0.1049665110767819,0.10326681769220158,0.10224826040212065,0.09924373388639651,0.09771152777830139,0.0962200298672542,0.09485204220982268,0.09360969146655407,0.0924889495363459,0.09148414093942847,0.09059039545536507,0.08980285146390088,0.08911693516711239,0.08852954614849295,0.08803756727138534,0.08763835180434398,0.08732998724735808,0.08711074877646752,0.08697967897751369,0.08693608338944614,0.08697967897751369,0.08711074877646752,0.08732998724735808,0.08763835180434398,0.08803756727138534,0.08852954614849295,0.08911693516711239,0.08980285146390088,0.09059039545536507,0.09148414093942847,0.0924889495363459,0.09360969146655407,0.09485204220982268,0.0962200298672542,0.09771152777830139,0.09924373388639651,0.10224826040212065,0.10326681769220158,0.1049665110767819,0.1082060499174986,0.1126684881746769,0.11379163846140727,0.11608860734850168,0.1207800826523453,0.12799368798732758,0.12784039555117488,0.13291344087338075,0.14026249176822603,0.14680641843006015,0.15952391165774316,0.16105557221453637,0.1690218010917306,0.1766339523019269,0.18975821463391185,0.20138276816578582,0.21542014880105853,0.23062995151849464,0.2510686405003071,0.29509583581238985,0.33480171393603086,0.39166689245030284,0.4474098370410502,0.5232404682319611,0.6119930688291788,0.8823271077126265,0.9656152278184891,1.4024916412308812,4.228282682597637,8.671067595481873
5.6259170370176435,6.778770357370377,3.404788739979267,1.709292195737362,1.1534294495359063,0.9588130079209805,0.7170704798772931,0.6236387370154262,0.5221755839884281,0.43400861602276564,0.4394775005057454,0.39333729865029454,0.34562096325680614,0.3223689666483551,0.2935050455853343,0.27678793855011463,0.25806134613230824,0.2446439570048824,0.2332388439681381,0.22240484389476478,0.21023573470301926,0.20129344519227743,0.1938741150079295,0.18737340881489217,0.17965994914993644,0.17524223716463894,0.16900575044564903,0.16611907514743507,0.16054126003291458,0.15585696895141155,0.15380327019374818,0.1502372807590291,0.14719428378157318,0.143193633062765,0.1411112758796662,0.13875227747485042,0.13662368734367192,0.13469069136772305,0.1329415695508942,0.13136581174330786,0.1299542105407454,0.12869896786287427,0.12759302009362727,0.12663033633725718,0.1258056844235398,0.1251151782926172,0.1245546784484759,0.12412175122881308,0.12381396250566468,0.1236299445736222,0.12356867920607328,0.1236299445736222,0.12381396250566468,0.12412175122881308,0.1245546784484759,0.1251151782926172,0.1258056844235398,0.12663033633725718,0.12759302009362727,0.12869896786287427,0.1299542105407454,0.13136581174330786,0.1329415695508942,0.13469069136772305,0.13662368734367192,0.13875227747485042,0.1411112758796662,0.143193633062765,0.14719428378157318,0.1502372807590291,0.15380327019374818,0.15585696895141155,0.16054126003291458,0.16611907514743507,0.16900575044564903,0.17524223716463894,0.17965994914993644,0.18737340881489217,0.1938741150079295,0.20129344519227743,0.21023573470301926,0.22240484389476478,0.2332388439681381,0.2446439570048824,0.25806134613230824,0.27678793855011463,0.2935050455853343,0.3223689666483551,0.34562096325680614,0.39333729865029454,0.4394775005057454,0.43400861602276564,0.5221755839884281,0.6236387370154262,0.7170704798772931,0.9588130079209805,1.1534294495359063,1.709292195737362,3.404788739979267,6.778770357370377
3.368542368989438,5.823318928480148,3.0173656791448593,1.438109677284956,0.9661007551476359,0.7569485865533352,0.5969674470834434,0.46412943210452795,0.4631374378222972,0.41107427794486284,0.3527302937582135,0.30314407660625875,0.29560086387209594,0.25281274470034987,0.23721367859980091,0.22127837367588654,0.20886885607615113,0.19448467233451083,0.18601629947079346,0.17755378974834457,0.16858356559532695,0.16302610730053857,0.15513275295961648,0.14915344669134356,0.14370522412355058,0.13980902964249253,0.13528944901190698,0.1307256409600086,0.12914138290216215,0.12552672780293506,0.12134253974363673,0.1186825673939893,0.11638289023539983,0.11498596228193492,0.11243539355928078,0.1105126256152289,0.10881010521552525,0.10727047780528665,0.10587935306830332,0.10462671185086947,0.10350469368859194,0.1025070220202906,0.10162804659921676,0.10086289144237526,0.100207487019361,0.09965853743779007,0.0992131588718621,0.09886898771219421,0.09862434311071411,0.09847805493336637,0.09842930175364017,0.09847805493336637,0.09862434311071411,0.09886898771219421,0.0992131588718621,0.09965853743779007,0.100207487019361,0.10086289144237526,0.10162804659921676,0.1025070220202906,0.10350469368859194,0.10462671185086947,0.10587935306830332,0.10727047780528665,0.10881010521552525,0.1105126256152289,0.11243539355928078,0.11498596228193492,0.11638289023539983,0.1186825673939893,0.12134253974363673,0.12552672780293506,0.12914138290216215,0.1307256409600086,0.13528944901190698,0.13980902964249253,0.14370522412355058,0.14915344669134356,0.15513275295961648,0.16302610730053857,0.16858356559532695,0.17755378974834457,0.18601629947079346,0.19448467233451083,0.20886885607615113,0.22127837367588654,0.23721367859980091,0.25281274470034987,0.29560086387209594,0.30314407660625875,0.3527302937582135,0.41107427794486284,0.4631374378222972,0.46412943210452795,0.5969674470834434,0.7569485865533352,0.9661007551476359,1.438109677284956,3.0173656791448593,5.823318928480148
3.9171454668976367,5.910556945949793,2.5304503701627254,0.9285767637193203,0.6317820600233972,0.6453059879131615,0.4630147609859705,0.3913229899480939,0.3740176195278764,0.295221533626318,0.29684319719672203,0.23148064548149705,0.20652533555403352,0.18156675063073635,0.17200780822895467,0.16208469890989363,0.15403427323326468,0.1475753493141383,0.13840174791403115,0.13314857427030802,0.12775151198729873,0.11620767670683563,0.11379007925279438,0.10940167005173862,0.10493868187768385,0.10264270659536123,0.09985243331175297,0.09728856291621923,0.094475555466488,0.09295511664822698,0.09113516903016716,0.0879028681665659,0.08772661187686026,0.08464140014257282,0.08292656776029617,0.08156241872347891,0.0802999889710918,0.0791517588077113,0.07811340456828475,0.07717866159509867,0.07634196849539876,0.07559857971500605,0.07494404446333647,0.07437449530698359,0.07388690701918676,0.07347857108106837,0.07314739923458546,0.07289155008038506,0.07270971202524379,0.07260113081429154,0.07256476627662778,0.07260113081429154,0.07270971202524379,0.07289155008038506,0.07314739923458546,0.07347857108106837,0.07388690701918676,0.07437449530698359,0.07494404446333647,0.07559857971500605,0.07634196849539876,0.07717866159509867,0.07811340456828475,0.0791517588077113,0.0802999889710918,0.08156241872347891,0.08292656776029617,0.08464140014257282,0.08772661187686026,0.0879028681665659,0.09113516903016716,0.09295511664822698,0.094475555466488,0.09728856291621923,0.09985243331175297,0.10264270659536123,0.10493868187768385,0.10940167005173862,0.11379007925279438,0.11620767670683563,0.12775151198729873,0.13314857427030802,0.13840174791403115,0.1475753493141383,0.15403427323326468,0.16208469890989363,0.17200780822895467,0.18156675063073635,0.20652533555403352,0.23148064548149705,0.29684319719672203,0.295221533626318,0.3740176195278764,0.3913229899480939,0.4630147609859705,0.6453059879131615,0.6317820600233972,0.9285767637193203,2.5304503701627254,5.910556945949793
5.69253471493721,5.5611701011657715,2.6518994197249413,0.9256401211023331,0.6541324704885483,0.4066952420398593,0.31929738889448345,0.2978693782351911,0.2694774316623807,0.2722603427246213,0.2037501665763557,0.2079528964823112,0.18830877030268312,0.15696369134820998,0.14427031157538295,0.13388916105031967,0.1298297253670171,0.12602416705340147,0.11796220880933106,0.10815643123351038,0.10633079091348918,0.09815983497537673,0.09493103576824069,0.09051133506000042,0.08731878944672644,0.08406280144117773,0.0823202240280807,0.07943109259940684,0.07892950647510588,0.07629299035761505,0.07544453081209213,0.07170191744808108,0.07103872019797564,0.06911710579879582,0.06840086029842496,0.06717459170613438,0.06612836406566203,0.06518505013082176,0.06433383515104651,0.06356754922308028,0.0628817604156211,0.06227177404798567,0.061734582181088626,0.06126718351151794,0.060866854852065444,0.06053150410298258,0.060259469551965594,0.0600492802914232,0.0598999154753983,0.059810568927787244,0.059780754148960114,0.059810568927787244,0.0598999154753983,0.0600492802914232,0.060259469551965594,0.06053150410298258,0.060866854852065444,0.06126718351151794,0.061734582181088626,0.06227177404798567,0.0628817604156211,0.06356754922308028,0.06433383515104651,0.06518505013082176,0.06612836406566203,0.06717459170613438,0.06840086029842496,0.06911710579879582,0.07103872019797564,0.07170191744808108,0.07544453081209213,0.07629299035761505,0.07892950647510588,0.07943109259940684,0.0823202240280807,0.08406280144117773,0.08731878944672644,0.09051133506000042,0.09493103576824069,0.09815983497537673,0.10633079091348918,0.10815643123351038,0.11796220880933106,0.12602416705340147,0.1298297253670171,0.13388916105031967,0.14427031157538295,0.15696369134820998,0.18830877030268312,0.2079528964823112,0.2037501665763557,0.2722603427246213,0.2694774316623807,0.2978693782351911,0.31929738889448345,0.4066952420398593,0.6541324704885483,0.9256401211023331,2.6518994197249413,5.5611701011657715
3.4321816824376583,5.874369442462921,1.9914312437176704,1.1103655388578773,0.7557278741151094,0.5673493291251361,0.5033912503859028,0.46245184261351824,0.3669292381964624,0.3522692807018757,0.2822397071868181,0.24943632073700428,0.2257455037906766,0.1938039312371984,0.17777528846636415,0.16364719811826944,0.15853519237134606,0.14911706681596115,0.1414497937221313,0.1359044283744879,0.12863515473145526,0.12359124931390397,0.11998232500627637,0.11332258279435337,0.11070170602761209,0.10636028622684535,0.10358490084763616,0.10135691679897718,0.09701867552939802,0.09568672312889248,0.09354556219477672,0.09173262902186252,0.08911310599069111,0.08822864877583925,0.08599241304182215,0.08452135105835623,0.08321363309005392,0.08203147702806746,0.08096369998384034,0.08000255019942415,0.0791420100722462,0.07837690376982209,0.07770291131237173,0.0771163211138628,0.07661403359088581,0.07619327203428838,0.07585199530694808,0.07558825231535593,0.07540078123020066,0.07528866581742477,0.07525140792131424,0.07528866581742477,0.07540078123020066,0.07558825231535593,0.07585199530694808,0.07619327203428838,0.07661403359088581,0.0771163211138628,0.07770291131237173,0.07837690376982209,0.0791420100722462,0.08000255019942415,0.08096369998384034,0.08203147702806746,0.08321363309005392,0.08452135105835623,0.08599241304182215,0.08822864877583925,0.08911310599069111,0.09173262902186252,0.09354556219477672,0.09568672312889248,0.09701867552939802,0.10135691679897718,0.10358490084763616,0.10636028622684535,0.11070170602761209,0.11332258279435337,0.11998232500627637,0.12359124931390397,0.12863515473145526,0.1359044283744879,0.1414497937221313,0.14911706681596115,0.15853519237134606,0.16364719811826944,0.17777528846636415,0.1938039312371984,0.2257455037906766,0.24943632073700428,0.2822397071868181,0.3522692807018757,0.3669292381964624,0.46245184261351824,0.5033912503859028,0.5673493291251361,0.7557278741151094,1.1103655388578773,1.9914312437176704,5.874369442462921
3.7189840646460652,5.082040715962648,2.2672423869371414,1.0571196153759956,0.7786765927448869,0.5221280390396714,0.4711306020617485,0.3883008351549506,0.33567584911361337,0.2868690104223788,0.24850145424716175,0.22022252541501075,0.18755293800495565,0.17925635061692446,0.17476833099499345,0.1564814009470865,0.1483025790657848,0.13773717475123703,0.13339103059843183,0.1271119402954355,0.1217118963249959,0.11652025044895709,0.112288239877671,0.10900370636954904,0.10542928683571517,0.1007605311460793,0.09868180670309812,0.09465856000315398,0.09227199788438156,0.0898581815417856,0.087634006224107,0.08682592102559283,0.08491948602022603,0.08351148193469271,0.08143148676026613,0.0801518447115086,0.07894518011016771,0.07784154859837145,0.07683994993567467,0.07593638566322625,0.07512644334929064,0.07440562214469537,0.07377028733026236,0.07321712130215019,0.07274320913711563,0.07234606426209211,0.0720238137873821,0.07177480502286926,0.07159781688824296,0.07149199064588174,0.07145677413791418,0.07149199064588174,0.07159781688824296,0.07177480502286926,0.0720238137873821,0.07234606426209211,0.07274320913711563,0.07321712130215019,0.07377028733026236,0.07440562214469537,0.07512644334929064,0.07593638566322625,0.07683994993567467,0.07784154859837145,0.07894518011016771,0.0801518447115086,0.08143148676026613,0.08351148193469271,0.08491948602022603,0.08682592102559283,0.087634006224107,0.0898581815417856,0.09227199788438156,0.09465856000315398,0.09868180670309812,0.1007605311460793,0.10542928683571517,0.10900370636954904,0.112288239877671,0.11652025044895709,0.1217118963249959,0.1271119402954355,0.13339103059843183,0.13773717475123703,0.1483025790657848,0.1564814009470865,0.17476833099499345,0.17925635061692446,0.18755293800495565,0.22022252541501075,0.24850145424716175,0.2868690104223788,0.33567584911361337,0.3883008351549506,0.4711306020617485,0.5221280390396714,0.7786765927448869,1.0571196153759956,2.2672423869371414,5.082040715962648
4.033908450976014,5.056178946979344,1.4292800165712833,0.6385613512247801,0.5633970096241683,0.45125233521685004,0.2891413732431829,0.2875245010945946,0.23504531057551503,0.21108215302228928,0.16047234542202204,0.14527073997305706,0.1609626836143434,0.13675707671791315,0.12318167230114341,0.1149415512336418,0.10498848994029686,0.10059400484897196,0.09426691668340936,0.08889264753088355,0.08595459861680865,0.08187509718118235,0.07768736372236162,0.07709710259223357,0.07264664757531136,0.07021383615210652,0.06889312603743747,0.06651606096420437,0.0648156501702033,0.06301156565314159,0.06162353343097493,0.06014227238483727,0.05889135738834739,0.05774032574845478,0.056560762255685404,0.055656601063674316,0.05479595510405488,0.05401037883711979,0.053299141087336466,0.0526585137413349,0.052084844501223415,0.05157472024438903,0.05112569747143425,0.050734862277749926,0.05040022457251325,0.050120034255087376,0.049892751092556864,0.04971714940620586,0.04959240686730482,0.04951778150280006,0.04949292726814747,0.04951778150280006,0.04959240686730482,0.04971714940620586,0.049892751092556864,0.050120034255087376,0.05040022457251325,0.050734862277749926,0.05112569747143425,0.05157472024438903,0.052084844501223415,0.0526585137413349,0.053299141087336466,0.05401037883711979,0.05479595510405488,0.055656601063674316,0.056560762255685404,0.05774032574845478,0.05889135738834739,0.06014227238483727,0.06162353343097493,0.06301156565314159,0.0648156501702033,0.06651606096420437,0.06889312603743747,0.07021383615210652,0.07264664757531136,0.07709710259223357,0.07768736372236162,0.08187509718118235,0.08595459861680865,0.08889264753088355,0.09426691668340936,0.10059400484897196,0.10498848994029686,0.1149415512336418,0.12318167230114341,0.13675707671791315,0.1609626836143434,0.14527073997305706,0.16047234542202204,0.21108215302228928,0.23504531057551503,0.2875245010945946,0.2891413732431829,0.45125233521685004,0.5633970096241683,0.6385613512247801,1.4292800165712833,5.056178946979344
1.5595963079249486,3.9768716916441917,1.5789117394015193,0.8059020047076046,0.5627323305234313,0.5230168784037232,0.41851728688925505,0.37828366132453084,0.2824702332727611,0.26710806554183364,0.22601167019456625,0.19812215375714004,0.20136108831502497,0.17154077056329697,0.1611792310141027,0.14746551495045424,0.13972160196863115,0.13357092160731554,0.1259882845915854,0.11952944484073669,0.11414955265354365,0.10986259998753667,0.1056548862834461,0.10151291254442185,0.09904035506770015,0.09486158302752301,0.0925421497086063,0.08969713270198554,0.08751784870401025,0.08525413542520255,0.08296652347780764,0.08159361308207735,0.07961383898509666,0.078186041850131,0.07713426713598892,0.07577393885003403,0.07459667162038386,0.07353612821316347,0.07257914706133306,0.0717184537788853,0.0709478238131851,0.07026311731897295,0.06965983280679211,0.0691347144311294,0.06868533091619611,0.06830858159810305,0.06800312252016738,0.067767093249131,0.06759932858403772,0.06749901606235653,0.067465617088601,0.06749901606235653,0.06759932858403772,0.067767093249131,0.06800312252016738,0.06830858159810305,0.06868533091619611,0.0691347144311294,0.06965983280679211,0.07026311731897295,0.0709478238131851,0.0717184537788853,0.07257914706133306,0.07353612821316347,0.07459667162038386,0.07577393885003403,0.07713426713598892,0.078186041850131,0.07961383898509666,0.08159361308207735,0.08296652347780764,0.08525413542520255,0.08751784870401025,0.08969713270198554,0.0925421497086063,0.09486158302752301,0.09904035506770015,0.10151291254442185,0.1056548862834461,0.10986259998753667,0.11414955265354365,0.11952944484073669,0.1259882845915854,0.13357092160731554,0.13972160196863115,0.14746551495045424,0.1611792310141027,0.17154077056329697,0.20136108831502497,0.19812215375714004,0.22601167019456625,0.26710806554183364,0.2824702332727611,0.37828366132453084,0.41851728688925505,0.5230168784037232,0.5627323305234313,0.8059020047076046,1.5789117394015193,3.9768716916441917
2.894087430089712,3.1087285801768303,2.1783671118319035,0.833840673789382,0.7004473134875298,0.584054019767791,0.3909945171326399,0.3589347437955439,0.2806350770406425,0.22539617167785764,0.17250524612609297,0.19063093047589064,0.14232318685390055,0.1337958526564762,0.13314443005947396,0.1315012844861485,0.11894318560371175,0.09884209395386279,0.10688686318462715,0.09335226725670509,0.1016564055607887,0.09228454550611787,0.07969205765402876,0.07717437110477476,0.0750655129813822,0.07504813640844077,0.07016474087140523,0.06654465158499079,0.07104156193236122,0.06469351517989708,0.06689986994024366,0.061369863389700186,0.06081403967982624,0.05897401724359952,0.056630552466231165,0.055707956958940485,0.054843536625412526,0.05405559550126782,0.05334254614353995,0.0527004387913621,0.052125709615211235,0.05161497914741631,0.05116492930392269,0.050773491439031204,0.050438254736945964,0.050157510762801394,0.04992969400518632,0.04975369006933761,0.04962856962993101,0.04955374558085168,0.04952884465456009,0.04955374558085168,0.04962856962993101,0.04975369006933761,0.04992969400518632,0.050157510762801394,0.050438254736945964,0.050773491439031204,0.05116492930392269,0.05161497914741631,0.052125709615211235,0.0527004387913621,0.05334254614353995,0.05405559550126782,0.054843536625412526,0.055707956958940485,0.056630552466231165,0.05897401724359952,0.06081403967982624,0.061369863389700186,0.06689986994024366,0.06469351517989708,0.07104156193236122,0.06654465158499079,0.07016474087140523,0.07504813640844077,0.0750655129813822,0.07717437110477476,0.07969205765402876,0.09228454550611787,0.1016564055607887,0.09335226725670509,0.10688686318462715,0.09884209395386279,0.11894318560371175,0.1315012844861485,0.13314443005947396,0.1337958526564762,0.14232318685390055,0.19063093047589064,0.17250524612609297,0.22539617167785764,0.2806350770406425,0.3589347437955439,0.3909945171326399,0.584054019767791,0.7004473134875298,0.833840673789382,2.1783671118319035,3.1087285801768303
3.5584702603518963,4.792967785149813,3.155351512134075,1.6917108912020922,1.5496510062366724,1.4310375340282917,0.9867060445249081,0.6474321708083153,0.43776486790739,0.3217858336865902,0.28450164874084294,0.20448087551631033,0.17813222180120647,0.20018733385950327,0.12410534208174795,0.12304199882782996,0.15713574644178152,0.12071498378645629,0.13936093752272427,0.11602475517429411,0.13451601704582572,0.10453038179548457,0.09538007946684957,0.09536389372078702,0.08470926788868383,0.06752108037471771,0.07917042193002999,0.07664028031285852,0.07292839768342674,0.06735672405920923,0.06762024678755552,0.05457088063121773,0.06511571069131605,0.06039575254544616,0.05436012358404696,0.05375236592954025,0.05292982672108337,0.052167265937896445,0.05147604929516092,0.05085392267210409,0.05029728525551036,0.049802833440480754,0.04936770789208822,0.048989014176186174,0.0486650378734339,0.04839380516204983,0.048173705697990954,0.048003785603214055,0.047882974467938766,0.04781079024542123,0.04778684489428997,0.04781079024542123,0.047882974467938766,0.048003785603214055,0.048173705697990954,0.04839380516204983,0.0486650378734339,0.048989014176186174,0.04936770789208822,0.049802833440480754,0.05029728525551036,0.05085392267210409,0.05147604929516092,0.052167265937896445,0.05292982672108337,0.05375236592954025,0.05436012358404696,0.06039575254544616,0.06511571069131605,0.05457088063121773,0.06762024678755552,0.06735672405920923,0.07292839768342674,0.07664028031285852,0.07917042193002999,0.06752108037471771,0.08470926788868383,0.09536389372078702,0.09538007946684957,0.10453038179548457,0.13451601704582572,0.11602475517429411,0.13936093752272427,0.12071498378645629,0.15713574644178152,0.12304199882782996,0.12410534208174795,0.20018733385950327,0.17813222180120647,0.20448087551631033,0.28450164874084294,0.3217858336865902,0.43776486790739,0.6474321708083153,0.9867060445249081,1.4310375340282917,1.5496510062366724,1.6917108912020922,3.155351512134075,4.792967785149813
2.790852330625057,7.640828400850296,3.3699405938386917,1.740644035860896,1.4629870168864727,1.3798991339281201,0.9797284658998251,0.61295281117782,0.524926268029958,0.4666209970600903,0.2962770387530327,0.2091100881807506,0.1698208712041378,0.20744737819768488,0.17629822378512472,0.14014387666247785,0.1504236818291247,0.11556509090587497,0.13851475762203336,0.11313859274378046,0.12221753806807101,0.09892662614583969,0.085386480554007,0.109996204264462,0.09727845492307097,0.09258486010367051,0.09033803280908614,0.08704452298115939,0.07570092077367008,0.06997373193735257,0.07770029496168718,0.07272777403704822,0.07435857329983264,0.06940088316332549,0.06430268776603043,0.06400013179518282,0.06318959814962,0.06235603691311553,0.06156930944416672,0.0608466980047524,0.060192470147740096,0.059607321687508374,0.05908947886200622,0.05863749253330752,0.05824999406468123,0.05792487639700994,0.057660881720948964,0.057456813112366945,0.05731173465028405,0.05722500808769837,0.05719603784382343,0.05722500808769837,0.05731173465028405,0.057456813112366945,0.057660881720948964,0.05792487639700994,0.05824999406468123,0.05863749253330752,0.05908947886200622,0.059607321687508374,0.060192470147740096,0.0608466980047524,0.06156930944416672,0.06235603691311553,0.06318959814962,0.06400013179518282,0.06430268776603043,0.06940088316332549,0.07435857329983264,0.07272777403704822,0.07770029496168718,0.06997373193735257,0.07570092077367008,0.08704452298115939,0.09033803280908614,0.09258486010367051,0.09727845492307097,0.109996204264462,0.085386480554007,0.09892662614583969,0.12221753806807101,0.11313859274378046,0.13851475762203336,0.11556509090587497,0.1504236818291247,0.14014387666247785,0.17629822378512472,0.20744737819768488,0.1698208712041378,0.2091100881807506,0.2962770387530327,0.4666209970600903,0.524926268029958,0.61295281117782,0.9797284658998251,1.3798991339281201,1.4629870168864727,1.740644035860896,3.3699405938386917,7.640828400850296
4.650742292404175,8.957913875579834,3.909884113818407,1.8691545818001032,1.2966977953910828,1.0707999765872955,0.7016772059723735,0.5122504029422998,0.4855356253683567,0.40522748650982976,0.34134066267870367,0.29717697959858924,0.2626010029343888,0.2520045065321028,0.23543779813917354,0.2136959668714553,0.2046103833708912,0.18715341039933264,0.18965110200224444,0.1701140397344716,0.1648225051467307,0.1645581928314641,0.15561573446029797,0.14193091646302491,0.1417563542490825,0.1305438710260205,0.13122354412917048,0.1227160286216531,0.12372370524099097,0.12528875918360427,0.117105511657428,0.11565375985082937,0.11247017077403143,0.10915836141793989,0.10700137523235753,0.1052652700454928,0.10370385370333679,0.10227001120802015,0.10096391823026352,0.09978251837310381,0.0987215475179255,0.09777625990682282,0.09694235998904333,0.09621601554681547,0.09559337186510675,0.09507144955568947,0.09464781006681733,0.09432052006013691,0.0940877343819011,0.09394858550513163,0.09390224888920784,0.09394858550513163,0.0940877343819011,0.09432052006013691,0.09464781006681733,0.09507144955568947,0.09559337186510675,0.09621601554681547,0.09694235998904333,0.09777625990682282,0.0987215475179255,0.09978251837310381,0.10096391823026352,0.10227001120802015,0.10370385370333679,0.1052652700454928,0.10700137523235753,0.10915836141793989,0.11247017077403143,0.11565375985082937,0.117105511657428,0.12528875918360427,0.12372370524099097,0.1227160286216531,0.13122354412917048,0.1305438710260205,0.1417563542490825,0.14193091646302491,0.15561573446029797,0.1645581928314641,0.1648225051467307,0.1701140397344716,0.18965110200224444,0.18715341039933264,0.2046103833708912,0.2136959668714553,0.23543779813917354,0.2520045065321028,0.2626010029343888,0.29717697959858924,0.34134066267870367,0.40522748650982976,0.4855356253683567,0.5122504029422998,0.7016772059723735,1.0707999765872955,1.2966977953910828,1.8691545818001032,3.909884113818407,8.957913875579834
5.902934681624174,7.995695576071739,3.697768196463585,1.8405275158584118,1.2734899716451764,0.9413888216949999,0.7490877127274871,0.7112787216901779,0.5441724918782711,0.41973782517015934,0.41012638923712075,0.36838097171857953,0.32920194091275334,0.3080541705712676,0.29754860582761467,0.27568111615255475,0.2576424984727055,0.24538030568510294,0.23154205363243818,0.2200050427345559,0.21227665315382183,0.20589557685889304,0.19421882322058082,0.18478404288180172,0.18017011578194797,0.1726619912078604,0.16750024282373488,0.1594927740516141,0.1612197826616466,0.15434721251949668,0.1512228415813297,0.14792990079149604,0.1455709703732282,0.14257588109467179,0.13945433392655104,0.13724410452414304,0.1351699725491926,0.1332783771213144,0.13156280328985304,0.13001537916716188,0.1286280086496845,0.12739328434690833,0.12630484299734235,0.12535692180972546,0.12454488244839013,0.12386445607990026,0.12331234675366431,0.12288565514609218,0.12258229858707637,0.12240097008179873,0.1223406232893467,0.12240097008179873,0.12258229858707637,0.12288565514609218,0.12331234675366431,0.12386445607990026,0.12454488244839013,0.12535692180972546,0.12630484299734235,0.12739328434690833,0.1286280086496845,0.13001537916716188,0.13156280328985304,0.1332783771213144,0.1351699725491926,0.13724410452414304,0.13945433392655104,0.14257588109467179,0.1455709703732282,0.14792990079149604,0.1512228415813297,0.15434721251949668,0.1612197826616466,0.1594927740516141,0.16750024282373488,0.1726619912078604,0.18017011578194797,0.18478404288180172,0.19421882322058082,0.20589557685889304,0.21227665315382183,0.2200050427345559,0.23154205363243818,0.24538030568510294,0.2576424984727055,0.27568111615255475,0.29754860582761467,0.3080541705712676,0.32920194091275334,0.36838097171857953,0.41012638923712075,0.41973782517015934,0.5441724918782711,0.7112787216901779,0.7490877127274871,0.9413888216949999,1.2734899716451764,1.8405275158584118,3.697768196463585,7.995695576071739
5.575785653665662,8.148233711719513,2.3552556559443474,1.4162795590236783,0.8940633852034807,0.670212596305646,0.5591177793685347,0.4904125900939107,0.4059543637558818,0.33737226901575923,0.3306026472710073,0.2819144278764725,0.2460036143893376,0.23905836592894047,0.2153196046128869,0.2057838358450681,0.19107421429362148,0.1804899958660826,0.1702139510307461,0.16201041248859838,0.15615253755822778,0.15060890989843756,0.14364031876903027,0.14026286464650184,0.13337702711578459,0.1290683393017389,0.12587119557429105,0.12267824896844104,0.11955902480985969,0.11669617053121328,0.11464610404800624,0.1121639558696188,0.10859383369097486,0.1063152058632113,0.10458712297258899,0.10298518184572458,0.1014317108783871,0.10000654682517052,0.09871217620093375,0.09754434280330315,0.09649730264209211,0.09556577261537313,0.09474485099781305,0.09403013909468427,0.09341797360684723,0.09290509828133509,0.09248899412341416,0.09216743701836094,0.09193885582499206,0.09180225484305993,0.09175675921142101,0.09180225484305993,0.09193885582499206,0.09216743701836094,0.09248899412341416,0.09290509828133509,0.09341797360684723,0.09403013909468427,0.09474485099781305,0.09556577261537313,0.09649730264209211,0.09754434280330315,0.09871217620093375,0.10000654682517052,0.1014317108783871,0.10298518184572458,0.10458712297258899,0.1063152058632113,0.10859383369097486,0.1121639558696188,0.11464610404800624,0.11669617053121328,0.11955902480985969,0.12267824896844104,0.12587119557429105,0.1290683393017389,0.13337702711578459,0.14026286464650184,0.14364031876903027,0.15060890989843756,0.15615253755822778,0.16201041248859838,0.1702139510307461,0.1804899958660826,0.19107421429362148,0.2057838358450681,0.2153196046128869,0.23905836592894047,0.2460036143893376,0.2819144278764725,0.3306026472710073,0.33737226901575923,0.4059543637558818,0.4904125900939107,0.5591177793685347,0.670212596305646,0.8940633852034807,1.4162795590236783,2.3552556559443474,8.148233711719513
5.925737794488668,5.997246503829956,2.3117618709802628,1.0352391572669148,0.689802523702383,0.5627019635867327,0.41302987141534686,0.359569035936147,0.33407578663900495,0.28472498059272766,0.27948791859671474,0.23123208386823535,0.20932019664905965,0.1846396909095347,0.1707767394836992,0.16296971938572824,0.15367912803776562,0.14154155901633203,0.13528882461832836,0.12829473719466478,0.12327823537634686,0.11865714989835396,0.11390425512217917,0.11153806489892304,0.10523335624020547,0.10251277458155528,0.09791238409525249,0.09560087618592661,0.09323159919586033,0.09112084275693633,0.08920596292591654,0.08676232796278782,0.08591231316677295,0.08358102524653077,0.08210057982068975,0.08077414518629666,0.0795315136492718,0.07839886107831262,0.07737333250406664,0.07644919374433812,0.0756217809394002,0.07488605625985656,0.07423800391552504,0.07367394991160836,0.07319086736242753,0.07278626287006773,0.0724579483648995,0.07220438338117674,0.07202414068160579,0.07191643459373154,0.07188056083396077,0.07191643459373154,0.07202414068160579,0.07220438338117674,0.0724579483648995,0.07278626287006773,0.07319086736242753,0.07367394991160836,0.07423800391552504,0.07488605625985656,0.0756217809394002,0.07644919374433812,0.07737333250406664,0.07839886107831262,0.0795315136492718,0.08077414518629666,0.08210057982068975,0.08358102524653077,0.08591231316677295,0.08676232796278782,0.08920596292591654,0.09112084275693633,0.09323159919586033,0.09560087618592661,0.09791238409525249,0.10251277458155528,0.10523335624020547,0.11153806489892304,0.11390425512217917,0.11865714989835396,0.12327823537634686,0.12829473719466478,0.13528882461832836,0.14154155901633203,0.15367912803776562,0.16296971938572824,0.1707767394836992,0.1846396909095347,0.20932019664905965,0.23123208386823535,0.27948791859671474,0.28472498059272766,0.33407578663900495,0.359569035936147,0.41302987141534686,0.5627019635867327,0.689802523702383,1.0352391572669148,2.3117618709802628,5.997246503829956
6.723708666861057,6.4139606058597565,2.867721114307642,1.3274542931467295,0.8663569428026676,0.7360354010015726,0.5551358545199037,0.4681019661948085,0.37318079557735473,0.3572263759560883,0.3205357473343611,0.2727657270152122,0.23268703767098486,0.23172444535885006,0.20427969784941524,0.19744068756699562,0.18314071859640535,0.17706573475152254,0.16480830070213415,0.15464873687596992,0.14705357910133898,0.14221387734869495,0.13775271526537836,0.1326924859895371,0.1277190176770091,0.12649645819328725,0.11827463589725085,0.11498450447106734,0.11453022493515164,0.11124949608347379,0.10864081428735517,0.10531539452495053,0.10475161590147763,0.10137492496869527,0.10001340646704193,0.09830450336448848,0.09679433940618765,0.09542903253168333,0.09419503266690299,0.09308384907490108,0.09208865066466387,0.09120338490174618,0.09042346780188382,0.08974458400916774,0.08916305987804662,0.08867589509463869,0.0882806325389538,0.08797519070503768,0.08775805441837292,0.08762820367701352,0.08758508414030075,0.08762820367701352,0.08775805441837292,0.08797519070503768,0.0882806325389538,0.08867589509463869,0.08916305987804662,0.08974458400916774,0.09042346780188382,0.09120338490174618,0.09208865066466387,0.09308384907490108,0.09419503266690299,0.09542903253168333,0.09679433940618765,0.09830450336448848,0.10001340646704193,0.10137492496869527,0.10475161590147763,0.10531539452495053,0.10864081428735517,0.11124949608347379,0.11453022493515164,0.11498450447106734,0.11827463589725085,0.12649645819328725,0.1277190176770091,0.1326924859895371,0.13775271526537836,0.14221387734869495,0.14705357910133898,0.15464873687596992,0.16480830070213415,0.17706573475152254,0.18314071859640535,0.19744068756699562,0.20427969784941524,0.23172444535885006,0.23268703767098486,0.2727657270152122,0.3205357473343611,0.3572263759560883,0.37318079557735473,0.4681019661948085,0.5551358545199037,0.7360354010015726,0.8663569428026676,1.3274542931467295,2.867721114307642,6.4139606058597565
4.422468824777752,6.318281987681985,2.805851988494396,0.9979563783854246,0.7608839049935341,0.5441345914732665,0.5344403842464089,0.389298262540251,0.3038500128313899,0.31031657161656767,0.2667954536154866,0.2208174855913967,0.19383747735992074,0.19792743970174342,0.17141576390713453,0.15965170646086335,0.15161916462238878,0.14069224789272994,0.13781750219641253,0.12729169672820717,0.12673385255038738,0.12242037151008844,0.1120918623637408,0.10623086028499529,0.1050061498535797,0.10113733139587566,0.09863091609440744,0.09758336492814124,0.09356642118655145,0.09211069735465571,0.08984719723230228,0.0875021934043616,0.08616298466222361,0.08378631382947788,0.08252155734226108,0.081191192031838,0.07994767586933449,0.07881404139334336,0.07778742129448801,0.07686240714974701,0.0760339850676246,0.07529749994864687,0.07464853854617104,0.07408385747112334,0.07360037748003379,0.07319537416333333,0.07286676263902336,0.07261295267380774,0.07243251928593963,0.0723246579291299,0.07228872226551175,0.0723246579291299,0.07243251928593963,0.07261295267380774,0.07286676263902336,0.07319537416333333,0.07360037748003379,0.07408385747112334,0.07464853854617104,0.07529749994864687,0.0760339850676246,0.07686240714974701,0.07778742129448801,0.07881404139334336,0.07994767586933449,0.081191192031838,0.08252155734226108,0.08378631382947788,0.08616298466222361,0.0875021934043616,0.08984719723230228,0.09211069735465571,0.09356642118655145,0.09758336492814124,0.09863091609440744,0.10113733139587566,0.1050061498535797,0.10623086028499529,0.1120918623637408,0.12242037151008844,0.12673385255038738,0.12729169672820717,0.13781750219641253,0.14069224789272994,0.15161916462238878,0.15965170646086335,0.17141576390713453,0.19792743970174342,0.19383747735992074,0.2208174855913967,0.2667954536154866,0.31031657161656767,0.3038500128313899,0.389298262540251,0.5344403842464089,0.5441345914732665,0.7608839049935341,0.9979563783854246,2.805851988494396,6.318281987681985
3.914587950333953,6.898801028728485,2.335693094879389,1.1528440080583096,0.8215070087462664,0.603122373111546,0.4951046728529036,0.45197643991559744,0.39223553240299225,0.33604952110908926,0.2723593832924962,0.2629121218342334,0.23546972160693258,0.2264887746423483,0.20458717667497694,0.18926962185651064,0.1797638274729252,0.16977029584813863,0.1604831675067544,0.15491849998943508,0.145849711203482,0.1429484108230099,0.13365992438048124,0.12968807789729908,0.12473094381857663,0.1220111062284559,0.11619106272701174,0.11395569337764755,0.11078897828701884,0.10779450193513185,0.10557111294474453,0.10396077868063003,0.10153490654192865,0.09918953664600849,0.097033484315034,0.09560439933557063,0.09419788426021114,0.09289637458277866,0.09170905931387097,0.09063526435056701,0.0896707943174988,0.0888116893474944,0.08805369079345837,0.08739343605702743,0.08682752447202802,0.08635349047835916,0.08596848917659372,0.0856709954678081,0.08545949857216328,0.0853331612306647,0.08529097586870193,0.0853331612306647,0.08545949857216328,0.0856709954678081,0.08596848917659372,0.08635349047835916,0.08682752447202802,0.08739343605702743,0.08805369079345837,0.0888116893474944,0.0896707943174988,0.09063526435056701,0.09170905931387097,0.09289637458277866,0.09419788426021114,0.09560439933557063,0.097033484315034,0.09918953664600849,0.10153490654192865,0.10396077868063003,0.10557111294474453,0.10779450193513185,0.11078897828701884,0.11395569337764755,0.11619106272701174,0.1220111062284559,0.12473094381857663,0.12968807789729908,0.13365992438048124,0.1429484108230099,0.145849711203482,0.15491849998943508,0.1604831675067544,0.16977029584813863,0.1797638274729252,0.18926962185651064,0.20458717667497694,0.2264887746423483,0.23546972160693258,0.2629121218342334,0.2723593832924962,0.33604952110908926,0.39223553240299225,0.45197643991559744,0.4951046728529036,0.603122373111546,0.8215070087462664,1.1528440080583096,2.335693094879389,6.898801028728485
4.317486558109522,5.690912686288357,2.1221122425049543,0.9406304135918617,0.7130660428665578,0.5163862644694746,0.3897579007316381,0.381976380944252,0.3166793882846832,0.31118626066017896,0.26904333336278796,0.2232478018850088,0.189484687987715,0.17352225276408717,0.16482628806261346,0.1547154881991446,0.14521422231337056,0.1390810334123671,0.1295300661586225,0.123689096479211,0.11844617320457473,0.11336577968904749,0.10813661973224953,0.1062975850654766,0.10138403906603344,0.09868846958852373,0.09579059461248107,0.09333170326135587,0.09010065902839415,0.08811707372660749,0.08570958269410767,0.08426770186633803,0.08179440927051473,0.08014266075042542,0.07911785563919693,0.07780971931060776,0.07662905601318926,0.07555418839910999,0.07457947699003853,0.07370010117301717,0.07291148183867335,0.07220963927102275,0.07159100295393728,0.07105215828050859,0.07059051739634015,0.07020380671019666,0.06989002652699128,0.06964745372533798,0.06947505928110331,0.0693719650444109,0.06933765299618244,0.0693719650444109,0.06947505928110331,0.06964745372533798,0.06989002652699128,0.07020380671019666,0.07059051739634015,0.07105215828050859,0.07159100295393728,0.07220963927102275,0.07291148183867335,0.07370010117301717,0.07457947699003853,0.07555418839910999,0.07662905601318926,0.07780971931060776,0.07911785563919693,0.08014266075042542,0.08179440927051473,0.08426770186633803,0.08570958269410767,0.08811707372660749,0.09010065902839415,0.09333170326135587,0.09579059461248107,0.09868846958852373,0.10138403906603344,0.1062975850654766,0.10813661973224953,0.11336577968904749,0.11844617320457473,0.123689096479211,0.1295300661586225,0.1390810334123671,0.14521422231337056,0.1547154881991446,0.16482628806261346,0.17352225276408717,0.189484687987715,0.2232478018850088,0.26904333336278796,0.31118626066017896,0.3166793882846832,0.381976380944252,0.3897579007316381,0.5163862644694746,0.7130660428665578,0.9406304135918617,2.1221122425049543,5.690912686288357
3.422334924340248,5.598591901361942,1.670063178986311,0.8808226408436894,0.6515775788575411,0.5033970498479903,0.4762128898873925,0.3706943776924163,0.3135112172458321,0.2982373093254864,0.2649088464677334,0.21796368551440537,0.18705739662982523,0.18100495357066393,0.16984389396384358,0.15946926036849618,0.15066234581172466,0.14304175786674023,0.134934168192558,0.12984778999816626,0.12353104050271213,0.11900750477798283,0.11440802388824522,0.1098355035064742,0.1058227305766195,0.10291197651531547,0.09981799020897597,0.09682528697885573,0.0943900115089491,0.09198551380541176,0.09006371069699526,0.08795593807008117,0.08604653447400779,0.08423820696771145,0.08300652611069381,0.0816053404705599,0.08035256701987237,0.07921846001408994,0.07819337456021458,0.07726995379198343,0.0764430530834943,0.07570751465391368,0.07505952764768153,0.07449555094353855,0.07401252468116581,0.07360760646406561,0.0732792429625988,0.0730255221715197,0.07284519111271948,0.07273732696194202,0.07270151004195213,0.07273732696194202,0.07284519111271948,0.0730255221715197,0.0732792429625988,0.07360760646406561,0.07401252468116581,0.07449555094353855,0.07505952764768153,0.07570751465391368,0.0764430530834943,0.07726995379198343,0.07819337456021458,0.07921846001408994,0.08035256701987237,0.0816053404705599,0.08300652611069381,0.08423820696771145,0.08604653447400779,0.08795593807008117,0.09006371069699526,0.09198551380541176,0.0943900115089491,0.09682528697885573,0.09981799020897597,0.10291197651531547,0.1058227305766195,0.1098355035064742,0.11440802388824522,0.11900750477798283,0.12353104050271213,0.12984778999816626,0.134934168192558,0.14304175786674023,0.15066234581172466,0.15946926036849618,0.16984389396384358,0.18100495357066393,0.18705739662982523,0.21796368551440537,0.2649088464677334,0.2982373093254864,0.3135112172458321,0.3706943776924163,0.4762128898873925,0.5033970498479903,0.6515775788575411,0.8808226408436894,1.670063178986311,5.598591901361942
2.8639187905937433,4.288718402385712,1.5138256810605526,0.6726991822943091,0.47321035456843674,0.3644879250205122,0.30265385867096484,0.2547003619838506,0.2669934593141079,0.24437495740130544,0.18202220182865858,0.18961859471164644,0.13914829876739532,0.12529932847246528,0.1167286082636565,0.10768993052624865,0.10260397443198599,0.09815448813606054,0.08977400857838802,0.0865885917792184,0.08242223259003367,0.07920421412563883,0.07620503424550407,0.07423412907519378,0.07079604722093791,0.06836498790653422,0.06610057326906826,0.0647285036102403,0.06269747202168219,0.0614932068856433,0.06000361527549103,0.058066544250323204,0.05747797564254142,0.05579509470408084,0.05491748974600341,0.05405346013867529,0.05323285277700052,0.05248115369613515,0.05179873177257832,0.051183040464820806,0.05063111469644355,0.050139923114329576,0.04970718247204786,0.04933039045135956,0.04900762896431843,0.0487374213480507,0.04851797722221818,0.04834848383325152,0.04822800556576112,0.04815602837334154,0.04813196882605553,0.04815602837334154,0.04822800556576112,0.04834848383325152,0.04851797722221818,0.0487374213480507,0.04900762896431843,0.04933039045135956,0.04970718247204786,0.050139923114329576,0.05063111469644355,0.051183040464820806,0.05179873177257832,0.05248115369613515,0.05323285277700052,0.05405346013867529,0.05491748974600341,0.05579509470408084,0.05747797564254142,0.058066544250323204,0.06000361527549103,0.0614932068856433,0.06269747202168219,0.0647285036102403,0.06610057326906826,0.06836498790653422,0.07079604722093791,0.07423412907519378,0.07620503424550407,0.07920421412563883,0.08242223259003367,0.0865885917792184,0.08977400857838802,0.09815448813606054,0.10260397443198599,0.10768993052624865,0.1167286082636565,0.12529932847246528,0.13914829876739532,0.18961859471164644,0.18202220182865858,0.24437495740130544,0.2669934593141079,0.2547003619838506,0.30265385867096484,0.3644879250205122,0.47321035456843674,0.6726991822943091,1.5138256810605526,4.288718402385712
2.378387989476323,4.496254496276379,4.7166695557534695,3.7397091891616583,1.778613856062293,1.2400842728093266,1.2295820228755474,0.5740238297730684,0.46486127167008817,0.45943564898334444,0.4248111490160227,0.33878013864159584,0.2805171627551317,0.25445056753233075,0.1842985013499856,0.14104716363362968,0.16197812650352716,0.12206624983809888,0.13065919745713472,0.12798772635869682,0.12415275222156197,0.111617601942271,0.09717535728123039,0.09956084110308439,0.08579616755014285,0.07710578537080437,0.08353891817387193,0.08644440409261733,0.08213730785064399,0.07591995946131647,0.0734127905452624,0.07399413699749857,0.07160582731012255,0.06781096570193768,0.06612101919017732,0.0653160794172436,0.06434596667531878,0.06342578819021583,0.06258127733599395,0.0618159860605374,0.06112893344834447,0.06051705399295315,0.05997811001725495,0.059508885082323104,0.05910711258184165,0.058770690695382655,0.058497771562542766,0.058286955289077014,0.05813713511452079,0.05804756190627813,0.05801773443818092,0.05804756190627813,0.05813713511452079,0.058286955289077014,0.058497771562542766,0.058770690695382655,0.05910711258184165,0.059508885082323104,0.05997811001725495,0.06051705399295315,0.06112893344834447,0.0618159860605374,0.06258127733599395,0.06342578819021583,0.06434596667531878,0.0653160794172436,0.06612101919017732,0.06781096570193768,0.07160582731012255,0.07399413699749857,0.0734127905452624,0.07591995946131647,0.08213730785064399,0.08644440409261733,0.08353891817387193,0.07710578537080437,0.08579616755014285,0.09956084110308439,0.09717535728123039,0.111617601942271,0.12415275222156197,0.12798772635869682,0.13065919745713472,0.12206624983809888,0.16197812650352716,0.14104716363362968,0.1842985013499856,0.25445056753233075,0.2805171627551317,0.33878013864159584,0.4248111490160227,0.45943564898334444,0.46486127167008817,0.5740238297730684,1.2295820228755474,1.2400842728093266,1.778613856062293,3.7397091891616583,4.7166695557534695,4.496254496276379
2.709971438162029,5.753490179777145,6.807655476033688,5.178860127925873,3.574238583445549,2.7140006981790066,1.4909540405496955,1.3294890597462654,0.899798447266221,0.6194376964122057,0.5809966837987304,0.5418848134577274,0.49449405376799405,0.3252223771996796,0.3260413953103125,0.2483208579069469,0.2557845580158755,0.20098496228456497,0.24586869031190872,0.21848874702118337,0.2193039421690628,0.1724193268455565,0.16241771762724966,0.1654068361967802,0.1636252044700086,0.1502063600346446,0.1373112548608333,0.14468703141028527,0.1452691846061498,0.13679276872426271,0.1197432455373928,0.13273187389131635,0.12105986883398145,0.12077319389209151,0.11818490939913318,0.11501184914959595,0.1129968921886757,0.11128574179019779,0.10977702937088907,0.10843525402015075,0.1072423520963639,0.10618629981763661,0.10525865817908198,0.1044527319027111,0.10376364039257169,0.10318682878278196,0.10271922900574282,0.1023580416222103,0.10210152063518763,0.10194819112075493,0.10189711954444647,0.10194819112075493,0.10210152063518763,0.1023580416222103,0.10271922900574282,0.10318682878278196,0.10376364039257169,0.1044527319027111,0.10525865817908198,0.10618629981763661,0.1072423520963639,0.10843525402015075,0.10977702937088907,0.11128574179019779,0.1129968921886757,0.11501184914959595,0.11818490939913318,0.12077319389209151,0.12105986883398145,0.13273187389131635,0.1197432455373928,0.13679276872426271,0.1452691846061498,0.14468703141028527,0.1373112548608333,0.1502063600346446,0.1636252044700086,0.1654068361967802,0.16241771762724966,0.1724193268455565,0.2193039421690628,0.21848874702118337,0.24586869031190872,0.20098496228456497,0.2557845580158755,0.2483208579069469,0.3260413953103125,0.3252223771996796,0.49449405376799405,0.5418848134577274,0.5809966837987304,0.6194376964122057,0.899798447266221,1.3294890597462654,1.4909540405496955,2.7140006981790066,3.574238583445549,5.178860127925873,6.807655476033688,5.753490179777145
2.7311441423371434,9.111709490418434,4.4148691855371,3.3518201671540737,2.4529368355870247,1.9487659689038992,1.5382136553525925,1.1813147040084004,0.8772943317890167,0.6680311597883701,0.47584156319499016,0.3788439645431936,0.3966831648722291,0.31109897792339325,0.30016207578592,0.2494675136404112,0.22944074543192983,0.21472788357641548,0.21633138903416693,0.18937187129631639,0.1757380438502878,0.17012846539728343,0.1736112495418638,0.14955886150710285,0.14488519169390202,0.14735845575341955,0.12986372446175665,0.14250520814675838,0.13109663838986307,0.12900944286957383,0.12881589378230274,0.12344278022646904,0.11641191737726331,0.11024678728426807,0.11207685235422105,0.1100688026053831,0.10836036934051663,0.10681096708867699,0.10540669434703887,0.10414054233115166,0.1030054863076657,0.1019957069074735,0.1011058985022828,0.100331173511222,0.09966752887703478,0.0991117509547621,0.0986609224928543,0.09831253299489617,0.09806495567318052,0.09791685082018375,0.09786768164485693,0.09791685082018375,0.09806495567318052,0.09831253299489617,0.0986609224928543,0.0991117509547621,0.09966752887703478,0.100331173511222,0.1011058985022828,0.1019957069074735,0.1030054863076657,0.10414054233115166,0.10540669434703887,0.10681096708867699,0.10836036934051663,0.1100688026053831,0.11207685235422105,0.11024678728426807,0.11641191737726331,0.12344278022646904,0.12881589378230274,0.12900944286957383,0.13109663838986307,0.14250520814675838,0.12986372446175665,0.14735845575341955,0.14488519169390202,0.14955886150710285,0.1736112495418638,0.17012846539728343,0.1757380438502878,0.18937187129631639,0.21633138903416693,0.21472788357641548,0.22944074543192983,0.2494675136404112,0.30016207578592,0.31109897792339325,0.3966831648722291,0.3788439645431936,0.47584156319499016,0.6680311597883701,0.8772943317890167,1.1813147040084004,1.5382136553525925,1.9487659689038992,2.4529368355870247,3.3518201671540737,4.4148691855371,9.111709490418434
5.278655253350735,9.351336658000946,5.099472356960177,2.5443821772933006,1.8716211281716824,1.8095015902072191,1.1062744297087193,0.8584697316400707,0.7156611878890544,0.6337637817487121,0.5364161171019077,0.4766003107652068,0.37955877953208983,0.3711336557753384,0.3282717396505177,0.3363314727321267,0.2723629476968199,0.2729353839531541,0.2471352918073535,0.24149013520218432,0.22676950477762148,0.21749273780733347,0.21782195864943787,0.19494976161513478,0.18855111789889634,0.18387859989888966,0.17076534547959454,0.1714151602354832,0.1649205092107877,0.16758356252103113,0.15867875807452947,0.1560084115481004,0.1534781051450409,0.15440513426437974,0.1483953546558041,0.1454149382916512,0.14298640916240402,0.14084924646886066,0.13894543806964066,0.1372458314144751,0.1357322284457041,0.13439147084136494,0.13321345813164953,0.1321901054616319,0.1313149023189908,0.1305825981835369,0.12998907250585034,0.1295307339023566,0.12920510265394114,0.12901040031283628,0.1289457017555833,0.12901040031283628,0.12920510265394114,0.1295307339023566,0.12998907250585034,0.1305825981835369,0.1313149023189908,0.1321901054616319,0.13321345813164953,0.13439147084136494,0.1357322284457041,0.1372458314144751,0.13894543806964066,0.14084924646886066,0.14298640916240402,0.1454149382916512,0.1483953546558041,0.15440513426437974,0.1534781051450409,0.1560084115481004,0.15867875807452947,0.16758356252103113,0.1649205092107877,0.1714151602354832,0.17076534547959454,0.18387859989888966,0.18855111789889634,0.19494976161513478,0.21782195864943787,0.21749273780733347,0.22676950477762148,0.24149013520218432,0.2471352918073535,0.2729353839531541,0.2723629476968199,0.3363314727321267,0.3282717396505177,0.3711336557753384,0.37955877953208983,0.4766003107652068,0.5364161171019077,0.6337637817487121,0.7156611878890544,0.8584697316400707,1.1062744297087193,1.8095015902072191,1.8716211281716824,2.5443821772933006,5.099472356960177,9.351336658000946
5.609215583652258,8.933979153633118,2.4649181105196476,1.7770064733922482,0.9641616828739643,1.0142111349850893,0.6061557528446428,0.4920931779779494,0.3878088388592005,0.3543056081980467,0.24418500973843038,0.22013704758137465,0.17261246242560446,0.16249535290990025,0.13941445696400478,0.13940197578631341,0.14163817605003715,0.11311492468666984,0.12378425686620176,0.11254262656439096,0.10315680380153935,0.10241534310625866,0.09473575174342841,0.08968114817980677,0.08307785450597294,0.08502668217988685,0.0798008915153332,0.07719903322868049,0.07522481451451313,0.07246425782795995,0.07140516048821155,0.07090511335991323,0.06651857514225412,0.06818406603997573,0.06634428448160179,0.0649533960968256,0.06384204744244926,0.06286450693733059,0.06199237663531676,0.061212469154270366,0.06051749689504504,0.05990140655194409,0.05935991634032689,0.058889486332191154,0.05848713463637978,0.058150329074123874,0.05787743552355096,0.057666690059704706,0.05751692914054729,0.057427450839895755,0.057397790253162384,0.057427450839895755,0.05751692914054729,0.057666690059704706,0.05787743552355096,0.058150329074123874,0.05848713463637978,0.058889486332191154,0.05935991634032689,0.05990140655194409,0.06051749689504504,0.061212469154270366,0.06199237663531676,0.06286450693733059,0.06384204744244926,0.0649533960968256,0.06634428448160179,0.06818406603997573,0.06651857514225412,0.07090511335991323,0.07140516048821155,0.07246425782795995,0.07522481451451313,0.07719903322868049,0.0798008915153332,0.08502668217988685,0.08307785450597294,0.08968114817980677,0.09473575174342841,0.10241534310625866,0.10315680380153935,0.11254262656439096,0.12378425686620176,0.11311492468666984,0.14163817605003715,0.13940197578631341,0.13941445696400478,0.16249535290990025,0.17261246242560446,0.22013704758137465,0.24418500973843038,0.3543056081980467,0.3878088388592005,0.4920931779779494,0.6061557528446428,1.0142111349850893,0.9641616828739643,1.7770064733922482,2.4649181105196476,8.933979153633118
5.154554144944996,7.1856096014380455,3.5329526886343956,1.8600241281092167,1.1879805754870176,0.9537185905501246,0.7383448127657175,0.5709401511121541,0.5853943889960647,0.4724676054902375,0.43008654983714223,0.3661018116399646,0.3451358899474144,0.3016410795971751,0.28578659472987056,0.266319673974067,0.24982454744167626,0.2349821082316339,0.22130097972694784,0.20935411448590457,0.2012015306390822,0.19297046680003405,0.18688837380614132,0.17999679874628782,0.17188450088724494,0.16720448643900454,0.16201370756607503,0.15956999629270285,0.153859386802651,0.15089211415033787,0.1462481174385175,0.14366572559811175,0.13994636037386954,0.13862138718832284,0.1354082942707464,0.13308597938157618,0.13101964094676077,0.12915311881806701,0.127467819605954,0.12595116149168462,0.12459388049319386,0.12338722834829241,0.12232445261906832,0.12139964289963245,0.12060766911599785,0.11994436418171972,0.11940611340105534,0.11899040068965405,0.11869487387593836,0.11851816542912275,0.11845930851995945,0.11851816542912275,0.11869487387593836,0.11899040068965405,0.11940611340105534,0.11994436418171972,0.12060766911599785,0.12139964289963245,0.12232445261906832,0.12338722834829241,0.12459388049319386,0.12595116149168462,0.127467819605954,0.12915311881806701,0.13101964094676077,0.13308597938157618,0.1354082942707464,0.13862138718832284,0.13994636037386954,0.14366572559811175,0.1462481174385175,0.15089211415033787,0.153859386802651,0.15956999629270285,0.16201370756607503,0.16720448643900454,0.17188450088724494,0.17999679874628782,0.18688837380614132,0.19297046680003405,0.2012015306390822,0.20935411448590457,0.22130097972694784,0.2349821082316339,0.24982454744167626,0.266319673974067,0.28578659472987056,0.3016410795971751,0.3451358899474144,0.3661018116399646,0.43008654983714223,0.4724676054902375,0.5853943889960647,0.5709401511121541,0.7383448127657175,0.9537185905501246,1.1879805754870176,1.8600241281092167,3.5329526886343956,7.1856096014380455
4.338994727004319,6.547582626342773,3.206424631178379,2.085855856537819,1.4668886419385672,0.9752888586372137,0.7772157997824252,0.6079282318241894,0.6133254421874881,0.4747339952737093,0.43085315846838057,0.3315012198872864,0.34054319374263287,0.3057342891115695,0.29269686969928443,0.26896008802577853,0.24436586059164256,0.2377157500013709,0.21992806706111878,0.21083019408979453,0.20569361408706754,0.19399827040615492,0.18445113493362442,0.18022625154117122,0.17442226910497993,0.16758737730560824,0.16341805167030543,0.15698272647568956,0.15378769295057282,0.1491794084868161,0.14718777500092983,0.14152841828763485,0.13998870280920528,0.13715143644367345,0.13461697162711062,0.13237524923169985,0.13032865306013264,0.12847182908444665,0.12679261312587187,0.12528086302336305,0.12392696714960039,0.12272329500410706,0.12166290503228083,0.12074033168028109,0.11995007895166054,0.1192881683818996,0.11875124112702906,0.11833646046579815,0.1180416370043531,0.11786534942802973,0.1178066823631525,0.11786534942802973,0.1180416370043531,0.11833646046579815,0.11875124112702906,0.1192881683818996,0.11995007895166054,0.12074033168028109,0.12166290503228083,0.12272329500410706,0.12392696714960039,0.12528086302336305,0.12679261312587187,0.12847182908444665,0.13032865306013264,0.13237524923169985,0.13461697162711062,0.13715143644367345,0.13998870280920528,0.14152841828763485,0.14718777500092983,0.1491794084868161,0.15378769295057282,0.15698272647568956,0.16341805167030543,0.16758737730560824,0.17442226910497993,0.18022625154117122,0.18445113493362442,0.19399827040615492,0.20569361408706754,0.21083019408979453,0.21992806706111878,0.2377157500013709,0.24436586059164256,0.26896008802577853,0.29269686969928443,0.3057342891115695,0.34054319374263287,0.3315012198872864,0.43085315846838057,0.4747339952737093,0.6133254421874881,0.6079282318241894,0.7772157997824252,0.9752888586372137,1.4668886419385672,2.085855856537819,3.206424631178379,6.547582626342773
5.755384672433138,6.161386154592037,3.225186251103878,1.9068908356130123,1.1288088276050985,0.9752020543674007,0.6642910134978592,0.6005955711007118,0.466855620034039,0.36939310375601053,0.3093322563217953,0.2992741330526769,0.25804980169050395,0.2430786897893995,0.21376741072162986,0.19543554619303904,0.18180147872772068,0.16761262738145888,0.16328216588590294,0.15298853212152608,0.15010910149430856,0.1360068746143952,0.13229594356380403,0.13073334377259016,0.12436303339200094,0.12085545477748383,0.11429426667746156,0.11407600634265691,0.10823117414838634,0.1067565138801001,0.10597232048166916,0.10413759941002354,0.09928519287495874,0.09694802564627025,0.0962543554524018,0.09446657882654108,0.0929638995512505,0.09161602781387046,0.090401646841201,0.08931025241327006,0.088334085943643,0.0874669843542506,0.08670355614594882,0.08603937245061388,0.08547107331105508,0.08499505426152609,0.084608853510872,0.08431065606418997,0.08409871147887316,0.08397201619663974,0.08392987539991736,0.08397201619663974,0.08409871147887316,0.08431065606418997,0.084608853510872,0.08499505426152609,0.08547107331105508,0.08603937245061388,0.08670355614594882,0.0874669843542506,0.088334085943643,0.08931025241327006,0.090401646841201,0.09161602781387046,0.0929638995512505,0.09446657882654108,0.0962543554524018,0.09694802564627025,0.09928519287495874,0.10413759941002354,0.10597232048166916,0.1067565138801001,0.10823117414838634,0.11407600634265691,0.11429426667746156,0.12085545477748383,0.12436303339200094,0.13073334377259016,0.13229594356380403,0.1360068746143952,0.15010910149430856,0.15298853212152608,0.16328216588590294,0.16761262738145888,0.18180147872772068,0.19543554619303904,0.21376741072162986,0.2430786897893995,0.25804980169050395,0.2992741330526769,0.3093322563217953,0.36939310375601053,0.466855620034039,0.6005955711007118,0.6642910134978592,0.9752020543674007,1.1288088276050985,1.9068908356130123,3.225186251103878,6.161386154592037
4.351359210908413,6.066292844712734,3.1800622660666704,1.7009794749319553,1.0122962314635515,1.0418777726590633,0.5471429964527488,0.49210894713178277,0.31369966734200716,0.30701707606203854,0.2808140139095485,0.22487264266237617,0.19490170944482088,0.18277219211449847,0.16310905059799552,0.15097942086867988,0.13817540160380304,0.1330465883947909,0.12790617044083774,0.12303780857473612,0.11169234535191208,0.11088704376015812,0.10342162125743926,0.10228659748099744,0.09708155319094658,0.09338162821950391,0.09324093611212447,0.08891024172771722,0.0887134134536609,0.08591580379288644,0.08125191734870896,0.08001026042620651,0.07943468872690573,0.07732798799406737,0.07592294062487781,0.07470621285028756,0.0735733731999062,0.07254017621744424,0.07160268572624773,0.07075697931577452,0.0699986339895986,0.06932368688285351,0.06872868779464625,0.06821037121699192,0.06776640779571608,0.06739444666891359,0.06709244742523879,0.06685922187170945,0.06669339427025989,0.06659428853890859,0.0665612556040287,0.06659428853890859,0.06669339427025989,0.06685922187170945,0.06709244742523879,0.06739444666891359,0.06776640779571608,0.06821037121699192,0.06872868779464625,0.06932368688285351,0.0699986339895986,0.07075697931577452,0.07160268572624773,0.07254017621744424,0.0735733731999062,0.07470621285028756,0.07592294062487781,0.07732798799406737,0.07943468872690573,0.08001026042620651,0.08125191734870896,0.08591580379288644,0.0887134134536609,0.08891024172771722,0.09324093611212447,0.09338162821950391,0.09708155319094658,0.10228659748099744,0.10342162125743926,0.11088704376015812,0.11169234535191208,0.12303780857473612,0.12790617044083774,0.1330465883947909,0.13817540160380304,0.15097942086867988,0.16310905059799552,0.18277219211449847,0.19490170944482088,0.22487264266237617,0.2808140139095485,0.30701707606203854,0.31369966734200716,0.49210894713178277,0.5471429964527488,1.0418777726590633,1.0122962314635515,1.7009794749319553,3.1800622660666704,6.066292844712734
3.5843176916241646,5.956769809126854,2.6838928423821926,1.4740624483674765,0.9723409721627831,1.0324485152959824,0.6678811977617443,0.4611046304926276,0.44186325976625085,0.40886786533519626,0.3332610899815336,0.29353460716083646,0.26279969833558425,0.23550738766789436,0.21999572264030576,0.20784382708370686,0.19047517725266516,0.18181334878318012,0.17403834057040513,0.16452452191151679,0.15471919323317707,0.1487232092767954,0.1414335381705314,0.1407628133893013,0.134529210627079,0.13131615589372814,0.12610203446820378,0.12312635802663863,0.11953273857943714,0.11643314338289201,0.11355035752058029,0.11033604084514081,0.10845086141489446,0.10582142055500299,0.10467699554283172,0.1028276162687689,0.1012239329284057,0.09977934113703668,0.09847591375000775,0.09730313741602004,0.09625342465005815,0.09532017877791077,0.09449816797859967,0.09378289710730314,0.09317051467951387,0.09265735384542495,0.09224113018717617,0.09191960596945137,0.09169103810563684,0.0915544267045334,0.09150890912860632,0.0915544267045334,0.09169103810563684,0.09191960596945137,0.09224113018717617,0.09265735384542495,0.09317051467951387,0.09378289710730314,0.09449816797859967,0.09532017877791077,0.09625342465005815,0.09730313741602004,0.09847591375000775,0.09977934113703668,0.1012239329284057,0.1028276162687689,0.10467699554283172,0.10582142055500299,0.10845086141489446,0.11033604084514081,0.11355035752058029,0.11643314338289201,0.11953273857943714,0.12312635802663863,0.12610203446820378,0.13131615589372814,0.134529210627079,0.1407628133893013,0.1414335381705314,0.1487232092767954,0.15471919323317707,0.16452452191151679,0.17403834057040513,0.18181334878318012,0.19047517725266516,0.20784382708370686,0.21999572264030576,0.23550738766789436,0.26279969833558425,0.29353460716083646,0.3332610899815336,0.40886786533519626,0.44186325976625085,0.4611046304926276,0.6678811977617443,1.0324485152959824,0.9723409721627831,1.4740624483674765,2.6838928423821926,5.956769809126854
4.075966501608491,6.338074192404747,1.8733405005186796,1.074888402596116,0.8428585864603519,0.6574149616062641,0.44961232459172606,0.3436845720279962,0.3127217310247943,0.2430322493892163,0.24191274913027883,0.1952628122526221,0.19201489817351103,0.16377661540172994,0.15226056484971195,0.14137024828232825,0.1335029118345119,0.12772661074995995,0.11840912949992344,0.11590111575787887,0.11053375457413495,0.10675957798957825,0.10145362420007586,0.0986947079654783,0.09369673446053639,0.09219485439825803,0.08902030150056817,0.08644154149806127,0.0842908343183808,0.0817060325643979,0.08035127387847751,0.07857975299702957,0.07677015513763763,0.07541651991778053,0.0740303558704909,0.07283231214387342,0.07171611292869784,0.07070074210059829,0.06978174953837879,0.06895374317537062,0.0682123637816403,0.0675530644657556,0.06697205529781058,0.0664661944610998,0.06603320257272571,0.06567064806586131,0.06537624419433996,0.06514884016360156,0.06498726471909322,0.06489061046158895,0.06485843355767429,0.06489061046158895,0.06498726471909322,0.06514884016360156,0.06537624419433996,0.06567064806586131,0.06603320257272571,0.0664661944610998,0.06697205529781058,0.0675530644657556,0.0682123637816403,0.06895374317537062,0.06978174953837879,0.07070074210059829,0.07171611292869784,0.07283231214387342,0.0740303558704909,0.07541651991778053,0.07677015513763763,0.07857975299702957,0.08035127387847751,0.0817060325643979,0.0842908343183808,0.08644154149806127,0.08902030150056817,0.09219485439825803,0.09369673446053639,0.0986947079654783,0.10145362420007586,0.10675957798957825,0.11053375457413495,0.11590111575787887,0.11840912949992344,0.12772661074995995,0.1335029118345119,0.14137024828232825,0.15226056484971195,0.16377661540172994,0.19201489817351103,0.1952628122526221,0.24191274913027883,0.2430322493892163,0.3127217310247943,0.3436845720279962,0.44961232459172606,0.6574149616062641,0.8428585864603519,1.074888402596116,1.8733405005186796,6.338074192404747
2.5353537993505597,5.6440626829862595,2.033928219228983,1.0007872600108385,0.7860785839147866,0.5529657588340342,0.3878642190247774,0.4148521423339844,0.3223588722757995,0.2874652282334864,0.26363038877025247,0.2341522229835391,0.2150702124927193,0.19023710675537586,0.17372481734491885,0.16646001697517931,0.15735074179247022,0.14672150660771877,0.1387878730893135,0.13348335318733007,0.12665943859610707,0.12156961008440703,0.11750732851214707,0.11367909365799278,0.10989354632329196,0.10576139541808516,0.10244623117614537,0.09958131588064134,0.09651599242351949,0.09453908505383879,0.09274321666453034,0.08998161251656711,0.08861598116345704,0.08625557797495276,0.08494297880679369,0.08353148796595633,0.08225009450688958,0.08108502032700926,0.08003013080451638,0.07907959574367851,0.07822821231093258,0.07747074018698186,0.07680355780757964,0.07622274477034807,0.07572532200720161,0.07530864130239934,0.07497056014835835,0.07470934884622693,0.07452367269434035,0.07441264821682125,0.07437569741159678,0.07441264821682125,0.07452367269434035,0.07470934884622693,0.07497056014835835,0.07530864130239934,0.07572532200720161,0.07622274477034807,0.07680355780757964,0.07747074018698186,0.07822821231093258,0.07907959574367851,0.08003013080451638,0.08108502032700926,0.08225009450688958,0.08353148796595633,0.08494297880679369,0.08625557797495276,0.08861598116345704,0.08998161251656711,0.09274321666453034,0.09453908505383879,0.09651599242351949,0.09958131588064134,0.10244623117614537,0.10576139541808516,0.10989354632329196,0.11367909365799278,0.11750732851214707,0.12156961008440703,0.12665943859610707,0.13348335318733007,0.1387878730893135,0.14672150660771877,0.15735074179247022,0.16646001697517931,0.17372481734491885,0.19023710675537586,0.2150702124927193,0.2341522229835391,0.26363038877025247,0.2874652282334864,0.3223588722757995,0.4148521423339844,0.3878642190247774,0.5529657588340342,0.7860785839147866,1.0007872600108385,2.033928219228983,5.6440626829862595
2.8944880664348602,4.322069883346558,1.609634179621935,0.8877034448087215,0.620860667899251,0.4979037665762007,0.3086242703720927,0.3082097047008574,0.2678941669873893,0.22217592201195657,0.20851937285624444,0.1697408218169585,0.15903560537844896,0.14208240259904414,0.13764755451120436,0.12830248021055013,0.11740142339840531,0.1106919040903449,0.10564162814989686,0.10049128968967125,0.09685130696743727,0.09282621694728732,0.08975008327979594,0.08682949573267251,0.08322815608698875,0.08024676633067429,0.07737941114464775,0.0760155615862459,0.07406769751105458,0.07135110796662048,0.07066380133619532,0.06899921601871029,0.06746836128877476,0.06628183793509379,0.06519972276873887,0.06401809287490323,0.0630093464278616,0.06210590252885595,0.06129313603742048,0.06056292849825695,0.0599101479165256,0.05933018575888127,0.05881958856480196,0.05837537656771019,0.05799502530135214,0.05767656402895227,0.05741825146833435,0.057218635047320276,0.05707676976453513,0.056991963647305965,0.05696371756494045,0.056991963647305965,0.05707676976453513,0.057218635047320276,0.05741825146833435,0.05767656402895227,0.05799502530135214,0.05837537656771019,0.05881958856480196,0.05933018575888127,0.0599101479165256,0.06056292849825695,0.06129313603742048,0.06210590252885595,0.0630093464278616,0.06401809287490323,0.06519972276873887,0.06628183793509379,0.06746836128877476,0.06899921601871029,0.07066380133619532,0.07135110796662048,0.07406769751105458,0.0760155615862459,0.07737941114464775,0.08024676633067429,0.08322815608698875,0.08682949573267251,0.08975008327979594,0.09282621694728732,0.09685130696743727,0.10049128968967125,0.10564162814989686,0.1106919040903449,0.11740142339840531,0.12830248021055013,0.13764755451120436,0.14208240259904414,0.15903560537844896,0.1697408218169585,0.20851937285624444,0.22217592201195657,0.2678941669873893,0.3082097047008574,0.3086242703720927,0.4979037665762007,0.620860667899251,0.8877034448087215,1.609634179621935,4.322069883346558
2.5609455665107816,3.809124693274498,2.229751940816641,1.187108013778925,0.7859052885323763,0.7316016494296491,0.3966743126511574,0.42320113512687385,0.2524411379126832,0.21923867845907807,0.1691824714653194,0.1490174902137369,0.13089220819529146,0.12070644146297127,0.10229156262357719,0.10344607624574564,0.10143527045147493,0.08802682152600028,0.10237689895438962,0.07888031308539212,0.10945046396227553,0.08010348354582675,0.07869994983775541,0.06746521071181633,0.07310524271451868,0.05832280311733484,0.0589203892450314,0.05264133482705802,0.06044954786193557,0.048108334740391,0.060735036109690554,0.04982862054021098,0.05223687316174619,0.04943438380723819,0.04507944760553073,0.044266895900364034,0.04359156115970109,0.042978085155482404,0.042422446058481,0.041921629483113065,0.04147296887822449,0.04107382350775879,0.04072202141105663,0.040415809082333,0.040153502850444056,0.03993368624651339,0.03975541508407332,0.03961758922378067,0.03951966005843133,0.039461097825551406,0.039441559463739395,0.039461097825551406,0.03951966005843133,0.03961758922378067,0.03975541508407332,0.03993368624651339,0.040153502850444056,0.040415809082333,0.04072202141105663,0.04107382350775879,0.04147296887822449,0.041921629483113065,0.042422446058481,0.042978085155482404,0.04359156115970109,0.044266895900364034,0.04507944760553073,0.04943438380723819,0.05223687316174619,0.04982862054021098,0.060735036109690554,0.048108334740391,0.06044954786193557,0.05264133482705802,0.0589203892450314,0.05832280311733484,0.07310524271451868,0.06746521071181633,0.07869994983775541,0.08010348354582675,0.10945046396227553,0.07888031308539212,0.10237689895438962,0.08802682152600028,0.10143527045147493,0.10344607624574564,0.10229156262357719,0.12070644146297127,0.13089220819529146,0.1490174902137369,0.1691824714653194,0.21923867845907807,0.2524411379126832,0.42320113512687385,0.3966743126511574,0.7316016494296491,0.7859052885323763,1.187108013778925,2.229751940816641,3.809124693274498
2.751788590103388,4.357258219271898,3.1150361727923155,2.1172913648188114,2.1388858016580343,1.5245325891301036,0.7567271692678332,0.7644755393266678,0.560765721835196,0.41481587663292885,0.33658486185595393,0.27566868998110294,0.26393284392543137,0.21125456970185041,0.19893469160888344,0.17648410878609866,0.17545791692100465,0.1391316440422088,0.13374774681869894,0.15006260911468416,0.15155967918690294,0.12328166316729039,0.10690780458389781,0.12482810695655644,0.11441685387399048,0.1005086867371574,0.09227337746415287,0.09228522607008927,0.09452295309165493,0.08869732264429331,0.08141248824540526,0.08508860366418958,0.0799221919151023,0.08008150573004968,0.07040122128091753,0.07044450874673203,0.06952778028789908,0.06856689363485202,0.06766359944595024,0.06683868879918009,0.06609524972736835,0.0654325935174711,0.06484799995087087,0.06433904863661155,0.06390312261646613,0.06353806093102321,0.06324196956120431,0.06301322125364095,0.06285062740789726,0.06275346066104248,0.0627211257815361,0.06275346066104248,0.06285062740789726,0.06301322125364095,0.06324196956120431,0.06353806093102321,0.06390312261646613,0.06433904863661155,0.06484799995087087,0.0654325935174711,0.06609524972736835,0.06683868879918009,0.06766359944595024,0.06856689363485202,0.06952778028789908,0.07044450874673203,0.07040122128091753,0.08008150573004968,0.0799221919151023,0.08508860366418958,0.08141248824540526,0.08869732264429331,0.09452295309165493,0.09228522607008927,0.09227337746415287,0.1005086867371574,0.11441685387399048,0.12482810695655644,0.10690780458389781,0.12328166316729039,0.15155967918690294,0.15006260911468416,0.13374774681869894,0.1391316440422088,0.17545791692100465,0.17648410878609866,0.19893469160888344,0.21125456970185041,0.26393284392543137,0.27566868998110294,0.33658486185595393,0.41481587663292885,0.560765721835196,0.7644755393266678,0.7567271692678332,1.5245325891301036,2.1388858016580343,2.1172913648188114,3.1150361727923155,4.357258219271898
4.46931828930974,6.559693910181522,4.062189869582653,1.871674805879593,1.419433819130063,1.3076754659414291,1.041174034588039,0.6107455845922232,0.3937045583734289,0.41014240169897676,0.3412204111518804,0.29602321004495025,0.24257826153188944,0.1960177021101117,0.19713113317266107,0.18283920222893357,0.16566402895841748,0.14407241553999484,0.14670601452235132,0.14530029986053705,0.16785204701591283,0.11783756013028324,0.1219965077470988,0.1174687814200297,0.11424849106697366,0.1145179895684123,0.11699134588707238,0.10844685998745263,0.09222744358703494,0.09343138057738543,0.09662955079693347,0.08672826085239649,0.08919216436333954,0.08565557884867303,0.08402788761304691,0.08213469613110647,0.08086132234893739,0.07972827838966623,0.07870369983720593,0.07777824875665829,0.07694740730221383,0.07620685853180476,0.07555328591843136,0.07498370794928633,0.07449545720010065,0.07408604183001444,0.07375374811817892,0.073496784461895,0.07331414954387583,0.07320493075530976,0.07316852733492851,0.07320493075530976,0.07331414954387583,0.073496784461895,0.07375374811817892,0.07408604183001444,0.07449545720010065,0.07498370794928633,0.07555328591843136,0.07620685853180476,0.07694740730221383,0.07777824875665829,0.07870369983720593,0.07972827838966623,0.08086132234893739,0.08213469613110647,0.08402788761304691,0.08565557884867303,0.08919216436333954,0.08672826085239649,0.09662955079693347,0.09343138057738543,0.09222744358703494,0.10844685998745263,0.11699134588707238,0.1145179895684123,0.11424849106697366,0.1174687814200297,0.1219965077470988,0.11783756013028324,0.16785204701591283,0.14530029986053705,0.14670601452235132,0.14407241553999484,0.16566402895841748,0.18283920222893357,0.19713113317266107,0.1960177021101117,0.24257826153188944,0.29602321004495025,0.3412204111518804,0.41014240169897676,0.3937045583734289,0.6107455845922232,1.041174034588039,1.3076754659414291,1.419433819130063,1.871674805879593,4.062189869582653,6.559693910181522
4.928811872377992,7.869372919201851,2.972149658948183,1.2647642940282822,1.398900763131678,0.822657217271626,0.7012589778751135,0.4787498591467738,0.38873010221868753,0.3178838146850467,0.2514212327077985,0.20942752639530227,0.18275083927437663,0.17313225631369278,0.16256862878799438,0.16029050783254206,0.144596760510467,0.13895535934716463,0.12816776626277715,0.12636556522920728,0.12239005707670003,0.11611528031062335,0.1084826490841806,0.1090965032344684,0.1006748415529728,0.09313170274253935,0.09679247462190688,0.09220253152307123,0.09008880273904651,0.08843603462446481,0.08148829857236706,0.08136964275036007,0.08052189418231137,0.07965444472210947,0.07606442819815129,0.07525978542980738,0.07419202775054146,0.0731762887298828,0.07224335963837802,0.07139695037039928,0.07063627516617998,0.06995798429124989,0.06935942589188926,0.06883802278025541,0.0683910573279718,0.0680165495723486,0.06771252538601402,0.0674775257211877,0.06731051532551646,0.06721061923599336,0.06717736087739468,0.06721061923599336,0.06731051532551646,0.0674775257211877,0.06771252538601402,0.0680165495723486,0.0683910573279718,0.06883802278025541,0.06935942589188926,0.06995798429124989,0.07063627516617998,0.07139695037039928,0.07224335963837802,0.0731762887298828,0.07419202775054146,0.07525978542980738,0.07606442819815129,0.07965444472210947,0.08052189418231137,0.08136964275036007,0.08148829857236706,0.08843603462446481,0.09008880273904651,0.09220253152307123,0.09679247462190688,0.09313170274253935,0.1006748415529728,0.1090965032344684,0.1084826490841806,0.11611528031062335,0.12239005707670003,0.12636556522920728,0.12816776626277715,0.13895535934716463,0.144596760510467,0.16029050783254206,0.16256862878799438,0.17313225631369278,0.18275083927437663,0.20942752639530227,0.2514212327077985,0.3178838146850467,0.38873010221868753,0.4787498591467738,0.7012589778751135,0.822657217271626,1.398900763131678,1.2647642940282822,2.972149658948183,7.869372919201851
3.886675041168928,7.056037977337837,3.4470922872424126,1.5748430537059903,1.0359263373538852,0.8878373904153705,0.7002410972490907,0.5937424143776298,0.46584454411640763,0.43225708371028304,0.36110313469544053,0.328879771521315,0.2996279869694263,0.2771439227508381,0.25760962651111186,0.24635768856387585,0.2276704276446253,0.2166449911892414,0.20073743152897805,0.19244876562152058,0.18853516329545528,0.1802916214801371,0.1703667757101357,0.16605776769574732,0.15644124406389892,0.1548886626260355,0.15148748084902763,0.14733557077124715,0.14266737655270845,0.13937032490503043,0.13416058040456846,0.13229808525647968,0.12859468220267445,0.12780967593425885,0.12432336446363479,0.12235522113041952,0.12048289604717866,0.11877578002167866,0.11722963914508,0.11583671846892685,0.11458875052630901,0.1134792142547667,0.11250160430790856,0.1116508090053685,0.11092215176904574,0.11031180719146505,0.10981659404933453,0.10943408944876865,0.10916213283780962,0.10899959970265627,0.10894547030329704,0.10899959970265627,0.10916213283780962,0.10943408944876865,0.10981659404933453,0.11031180719146505,0.11092215176904574,0.1116508090053685,0.11250160430790856,0.1134792142547667,0.11458875052630901,0.11583671846892685,0.11722963914508,0.11877578002167866,0.12048289604717866,0.12235522113041952,0.12432336446363479,0.12780967593425885,0.12859468220267445,0.13229808525647968,0.13416058040456846,0.13937032490503043,0.14266737655270845,0.14733557077124715,0.15148748084902763,0.1548886626260355,0.15644124406389892,0.16605776769574732,0.1703667757101357,0.1802916214801371,0.18853516329545528,0.19244876562152058,0.20073743152897805,0.2166449911892414,0.2276704276446253,0.24635768856387585,0.25760962651111186,0.2771439227508381,0.2996279869694263,0.328879771521315,0.36110313469544053,0.43225708371028304,0.46584454411640763,0.5937424143776298,0.7002410972490907,0.8878373904153705,1.0359263373538852,1.5748430537059903,3.4470922872424126,7.056037977337837
5.806332342326641,5.870491195470095,3.137373924255371,1.5593464113771915,1.043647452723235,0.7525663152337074,0.6017948375083506,0.6132897324860096,0.4473871858790517,0.37972761946730316,0.33803447941318154,0.31680287001654506,0.2902633529738523,0.2626953675644472,0.2458758467109874,0.23111436987528577,0.2217001972021535,0.2104902220889926,0.19734148564748466,0.1874583096941933,0.18027541314950213,0.1711969233583659,0.16340260475408286,0.1582949279109016,0.15449535992229357,0.14782179144094698,0.1434571657446213,0.1397666522534564,0.13754789636004716,0.1333828940987587,0.12977150332881138,0.1274876415845938,0.125103525002487,0.12235089315799996,0.11991361697437242,0.11801394657231867,0.11622475611511618,0.114588872063905,0.11310576956020668,0.1117681800678838,0.11056942041614093,0.10950319291441701,0.10856353587587364,0.10774563648737967,0.10704505819012411,0.10645820558420382,0.10598186025163159,0.10561397898709401,0.1053524176531937,0.10519608508911915,0.10514397732913494,0.10519608508911915,0.1053524176531937,0.10561397898709401,0.10598186025163159,0.10645820558420382,0.10704505819012411,0.10774563648737967,0.10856353587587364,0.10950319291441701,0.11056942041614093,0.1117681800678838,0.11310576956020668,0.114588872063905,0.11622475611511618,0.11801394657231867,0.11991361697437242,0.12235089315799996,0.125103525002487,0.1274876415845938,0.12977150332881138,0.1333828940987587,0.13754789636004716,0.1397666522534564,0.1434571657446213,0.14782179144094698,0.15449535992229357,0.1582949279109016,0.16340260475408286,0.1711969233583659,0.18027541314950213,0.1874583096941933,0.19734148564748466,0.2104902220889926,0.2217001972021535,0.23111436987528577,0.2458758467109874,0.2626953675644472,0.2902633529738523,0.31680287001654506,0.33803447941318154,0.37972761946730316,0.4473871858790517,0.6132897324860096,0.6017948375083506,0.7525663152337074,1.043647452723235,1.5593464113771915,3.137373924255371,5.870491195470095
6.874059647321701,6.76785184442997,2.2227295553311706,1.0498261023312807,0.847418999299407,0.6724937334656715,0.46096668718382716,0.400347919203341,0.3215205022133887,0.2985073128947988,0.2159803693066351,0.21338681573979557,0.1925508487620391,0.1801149684470147,0.15672445042309846,0.16808237048098817,0.1488275053561665,0.13717955455649644,0.13139165664324537,0.12331286967673805,0.10940316738560796,0.10824336763471365,0.10579529023380019,0.10041406174423173,0.09408822492696345,0.09367631020722911,0.09371736738830805,0.08990151199395768,0.0869823711400386,0.0845401386031881,0.08208073829882778,0.08122039279260207,0.07853996738413116,0.07797250964358682,0.07566847269481514,0.07448600009956863,0.07333937412477098,0.07229494462080766,0.0713506068859715,0.07050058258755598,0.0697398748161504,0.06906372788944282,0.06846840206708293,0.0679502199345734,0.06750673716305755,0.06713531617424451,0.06683389823592734,0.06660111068049446,0.06643564373371191,0.06633664519176818,0.06630392000079155,0.06633664519176818,0.06643564373371191,0.06660111068049446,0.06683389823592734,0.06713531617424451,0.06750673716305755,0.0679502199345734,0.06846840206708293,0.06906372788944282,0.0697398748161504,0.07050058258755598,0.0713506068859715,0.07229494462080766,0.07333937412477098,0.07448600009956863,0.07566847269481514,0.07797250964358682,0.07853996738413116,0.08122039279260207,0.08208073829882778,0.0845401386031881,0.0869823711400386,0.08990151199395768,0.09371736738830805,0.09367631020722911,0.09408822492696345,0.10041406174423173,0.10579529023380019,0.10824336763471365,0.10940316738560796,0.12331286967673805,0.13139165664324537,0.13717955455649644,0.1488275053561665,0.16808237048098817,0.15672445042309846,0.1801149684470147,0.1925508487620391,0.21338681573979557,0.2159803693066351,0.2985073128947988,0.3215205022133887,0.400347919203341,0.46096668718382716,0.6724937334656715,0.847418999299407,1.0498261023312807,2.2227295553311706,6.76785184442997
4.239866136107594,5.241796974092722,3.1333342790603638,2.0423853136599064,1.2856593066826463,1.1382259242236614,1.001965457573533,0.5768756158649921,0.6325497305952013,0.49836687464267015,0.38916170317679644,0.3490202962420881,0.27932311431504786,0.2908811194356531,0.2712877804879099,0.25274189189076424,0.23782675247639418,0.19760481361299753,0.19409414881374687,0.19398380047641695,0.17906450317241251,0.15953634213656187,0.1637574917403981,0.16210347146261483,0.15976908220909536,0.14891770540270954,0.1423220296856016,0.13835799193475395,0.1270392466103658,0.12760898692067713,0.12452888453844935,0.11530719336587936,0.12067669973475859,0.120677724131383,0.11573735962156206,0.11363214626908302,0.11172882001847029,0.11004926357418299,0.10855535778682679,0.10722327651455998,0.10603816783986986,0.10498922067927197,0.1040678212302737,0.10326781257754192,0.10258384590269998,0.10201158444397151,0.10154774790862575,0.10118964361026883,0.10093525564298034,0.1007832576869987,0.10073261568322778,0.1007832576869987,0.10093525564298034,0.10118964361026883,0.10154774790862575,0.10201158444397151,0.10258384590269998,0.10326781257754192,0.1040678212302737,0.10498922067927197,0.10603816783986986,0.10722327651455998,0.10855535778682679,0.11004926357418299,0.11172882001847029,0.11363214626908302,0.11573735962156206,0.120677724131383,0.12067669973475859,0.11530719336587936,0.12452888453844935,0.12760898692067713,0.1270392466103658,0.13835799193475395,0.1423220296856016,0.14891770540270954,0.15976908220909536,0.16210347146261483,0.1637574917403981,0.15953634213656187,0.17906450317241251,0.19398380047641695,0.19409414881374687,0.19760481361299753,0.23782675247639418,0.25274189189076424,0.2712877804879099,0.2908811194356531,0.27932311431504786,0.3490202962420881,0.38916170317679644,0.49836687464267015,0.6325497305952013,0.5768756158649921,1.001965457573533,1.1382259242236614,1.2856593066826463,2.0423853136599064,3.1333342790603638,5.241796974092722
4.776961673051119,4.935589142143726,4.249874323606491,2.068841552361846,1.3043195866048336,1.890248553827405,0.9855037434026599,0.8448089705780149,0.7620653049089015,0.5276203928515315,0.4682494793087244,0.3717121472582221,0.37495454540476203,0.3033263608813286,0.2734023854136467,0.2684381268918514,0.26448249886743724,0.2470893543213606,0.22771655931137502,0.20031239112722687,0.22296324442140758,0.19784686065395363,0.20013647433370352,0.18752677092561498,0.17767550697317347,0.1729214924853295,0.16883832780877128,0.1636287869187072,0.15707930852659047,0.16694640193600208,0.14518686779774725,0.14532752422383055,0.14690990961389616,0.1413027299568057,0.13744197211053688,0.1339093893984682,0.13141523279773537,0.12928788429417182,0.12742235463520046,0.12577311677159742,0.12431415260653012,0.1230281772732269,0.12190288062265608,0.1209281431074487,0.12009675167792011,0.1194021475239424,0.11883996377582662,0.11840641446178779,0.11809850760619156,0.11791461023676675,0.11785339005291462,0.11791461023676675,0.11809850760619156,0.11840641446178779,0.11883996377582662,0.1194021475239424,0.12009675167792011,0.1209281431074487,0.12190288062265608,0.1230281772732269,0.12431415260653012,0.12577311677159742,0.12742235463520046,0.12928788429417182,0.13141523279773537,0.1339093893984682,0.13744197211053688,0.1413027299568057,0.14690990961389616,0.14532752422383055,0.14518686779774725,0.16694640193600208,0.15707930852659047,0.1636287869187072,0.16883832780877128,0.1729214924853295,0.17767550697317347,0.18752677092561498,0.20013647433370352,0.19784686065395363,0.22296324442140758,0.20031239112722687,0.22771655931137502,0.2470893543213606,0.26448249886743724,0.2684381268918514,0.2734023854136467,0.3033263608813286,0.37495454540476203,0.3717121472582221,0.4682494793087244,0.5276203928515315,0.7620653049089015,0.8448089705780149,0.9855037434026599,1.890248553827405,1.3043195866048336,2.068841552361846,4.249874323606491,4.935589142143726
6.393265098333359,6.4374105632305145,2.6591962352395058,1.4766826052218676,0.9127805298194289,0.7597390997689217,0.5380889298394322,0.5483747161924839,0.37594911037012935,0.35018558998126537,0.2836330037098378,0.25136255053803325,0.21298267389647663,0.19163801218383014,0.19050309713929892,0.18174844165332615,0.17758185241837054,0.1650745461229235,0.15172107206308283,0.14391986990813166,0.14409531431738287,0.13540123437996954,0.1337402246426791,0.13127756322501227,0.11437366582686082,0.11462969379499555,0.11970460903830826,0.10483894037315622,0.1082019031746313,0.10274850140558556,0.10532483248971403,0.10223576036514714,0.09660593402804807,0.09338393528014421,0.09317068109521642,0.09153871791204438,0.09011696348898113,0.0888187718228437,0.0876414873637259,0.086580352159217,0.08563015377148986,0.08478517102776095,0.08404147846158594,0.08339423593133688,0.08284050869406201,0.08237673764233477,0.08200062104151584,0.08171015584957786,0.08150368748465553,0.08138032953138463,0.08133923448622227,0.08138032953138463,0.08150368748465553,0.08171015584957786,0.08200062104151584,0.08237673764233477,0.08284050869406201,0.08339423593133688,0.08404147846158594,0.08478517102776095,0.08563015377148986,0.086580352159217,0.0876414873637259,0.0888187718228437,0.09011696348898113,0.09153871791204438,0.09317068109521642,0.09338393528014421,0.09660593402804807,0.10223576036514714,0.10532483248971403,0.10274850140558556,0.1082019031746313,0.10483894037315622,0.11970460903830826,0.11462969379499555,0.11437366582686082,0.13127756322501227,0.1337402246426791,0.13540123437996954,0.14409531431738287,0.14391986990813166,0.15172107206308283,0.1650745461229235,0.17758185241837054,0.18174844165332615,0.19050309713929892,0.19163801218383014,0.21298267389647663,0.25136255053803325,0.2836330037098378,0.35018558998126537,0.37594911037012935,0.5483747161924839,0.5380889298394322,0.7597390997689217,0.9127805298194289,1.4766826052218676,2.6591962352395058,6.4374105632305145
3.862577958032489,7.206910818815231,4.345229983329773,1.6198653327301145,1.2540692372713238,1.0392710254527628,0.5630795257166028,0.6211321880109608,0.500662253703922,0.46836204547435045,0.41377670504152775,0.36241639498621225,0.33534484496340156,0.3134857825934887,0.2826001257635653,0.26650675386190414,0.24833568069152534,0.2347336057573557,0.22883910778909922,0.2122159437276423,0.20298059936612844,0.19436619174666703,0.18956095864996314,0.1790544749237597,0.17440607445314527,0.16948735411278903,0.1664798662532121,0.16136091179214418,0.15697809075936675,0.14980341051705182,0.14846822689287364,0.14280925504863262,0.14179576910100877,0.13821516279131174,0.13722825469449162,0.13458287855610251,0.13244218262843788,0.13053796626627445,0.12882733228616416,0.12729198788292706,0.12591911642812192,0.12469959282316267,0.12362610572017729,0.12269201304297894,0.12189205782487988,0.12122233572881669,0.12067894614301622,0.12025926343631,0.11996088293381035,0.11978257889859378,0.119723258074373,0.11978257889859378,0.11996088293381035,0.12025926343631,0.12067894614301622,0.12122233572881669,0.12189205782487988,0.12269201304297894,0.12362610572017729,0.12469959282316267,0.12591911642812192,0.12729198788292706,0.12882733228616416,0.13053796626627445,0.13244218262843788,0.13458287855610251,0.13722825469449162,0.13821516279131174,0.14179576910100877,0.14280925504863262,0.14846822689287364,0.14980341051705182,0.15697809075936675,0.16136091179214418,0.1664798662532121,0.16948735411278903,0.17440607445314527,0.1790544749237597,0.18956095864996314,0.19436619174666703,0.20298059936612844,0.2122159437276423,0.22883910778909922,0.2347336057573557,0.24833568069152534,0.26650675386190414,0.2826001257635653,0.3134857825934887,0.33534484496340156,0.36241639498621225,0.41377670504152775,0.46836204547435045,0.500662253703922,0.6211321880109608,0.5630795257166028,1.0392710254527628,1.2540692372713238,1.6198653327301145,4.345229983329773,7.206910818815231
7.951107449829578,7.66440486907959,3.113533243536949,1.1449626879766583,0.7786773946136236,0.6588525297120214,0.38004721654579043,0.331044040620327,0.2752434444264509,0.2745514283888042,0.20614495064364746,0.2164977863430977,0.17801511357538402,0.16397609992418438,0.156224817794282,0.14317297178786248,0.13481323354062624,0.12664742325432599,0.12082647712668404,0.11409525159979239,0.1079878406599164,0.10281655692961067,0.10002213352709077,0.0958611918031238,0.09198829822707921,0.0884617188712582,0.08741758440737613,0.08233218055102043,0.08009832489187829,0.07978402229491621,0.07777038055064622,0.07569885408156551,0.07358573185047135,0.0717263640199235,0.07066854609001894,0.06941903982078657,0.06832624277740251,0.06733401590463473,0.06643492455623345,0.06562375495559536,0.06489634073659545,0.06424863621941768,0.06367736291576875,0.06317971410317114,0.06275294921942987,0.06239504667610163,0.06210438195557799,0.06187970305472845,0.0617198264808394,0.06162414650680148,0.061592403799295425,0.06162414650680148,0.0617198264808394,0.06187970305472845,0.06210438195557799,0.06239504667610163,0.06275294921942987,0.06317971410317114,0.06367736291576875,0.06424863621941768,0.06489634073659545,0.06562375495559536,0.06643492455623345,0.06733401590463473,0.06832624277740251,0.06941903982078657,0.07066854609001894,0.0717263640199235,0.07358573185047135,0.07569885408156551,0.07777038055064622,0.07978402229491621,0.08009832489187829,0.08233218055102043,0.08741758440737613,0.0884617188712582,0.09198829822707921,0.0958611918031238,0.10002213352709077,0.10281655692961067,0.1079878406599164,0.11409525159979239,0.12082647712668404,0.12664742325432599,0.13481323354062624,0.14317297178786248,0.156224817794282,0.16397609992418438,0.17801511357538402,0.2164977863430977,0.20614495064364746,0.2745514283888042,0.2752434444264509,0.331044040620327,0.38004721654579043,0.6588525297120214,0.7786773946136236,1.1449626879766583,3.113533243536949,7.66440486907959
2.989984594285488,7.4421589113771915,3.756320934742689,1.6415975522249937,1.073875430971384,0.8583130380138755,0.649294366594404,0.5828967024572194,0.498255277518183,0.4657300154212862,0.41256655380129814,0.35393963754177094,0.34604145819321275,0.31103538256138563,0.2869509703014046,0.26870349422097206,0.24963681609369814,0.2371015747776255,0.22561945603229105,0.2169424993917346,0.2064768432173878,0.19597610412165523,0.18737548380158842,0.1818676566472277,0.17621895135380328,0.16948515770491213,0.16571997688151896,0.16126170160714537,0.15689504600595683,0.15231392672285438,0.1490164182614535,0.1454508958850056,0.14240852650254965,0.1399360307259485,0.13724415109027177,0.13506566570140421,0.13301849667914212,0.13114983460400254,0.12945548759307712,0.12792719819117337,0.12655754678416997,0.12533867347519845,0.12426449684426188,0.12332915130537003,0.12252807174809277,0.12185680237598717,0.12131228751968592,0.12089140107855201,0.12059223593678325,0.12041336426045746,0.12035390734672546,0.12041336426045746,0.12059223593678325,0.12089140107855201,0.12131228751968592,0.12185680237598717,0.12252807174809277,0.12332915130537003,0.12426449684426188,0.12533867347519845,0.12655754678416997,0.12792719819117337,0.12945548759307712,0.13114983460400254,0.13301849667914212,0.13506566570140421,0.13724415109027177,0.1399360307259485,0.14240852650254965,0.1454508958850056,0.1490164182614535,0.15231392672285438,0.15689504600595683,0.16126170160714537,0.16571997688151896,0.16948515770491213,0.17621895135380328,0.1818676566472277,0.18737548380158842,0.19597610412165523,0.2064768432173878,0.2169424993917346,0.22561945603229105,0.2371015747776255,0.24963681609369814,0.26870349422097206,0.2869509703014046,0.31103538256138563,0.34604145819321275,0.35393963754177094,0.41256655380129814,0.4657300154212862,0.498255277518183,0.5828967024572194,0.649294366594404,0.8583130380138755,1.073875430971384,1.6415975522249937,3.756320934742689,7.4421589113771915
7.871599666774273,7.339669704437256,2.443597197532654,1.1650391388684511,0.768162339925766,0.5385360093787313,0.44150044955313206,0.3927238713949919,0.3043652221094817,0.2589699821546674,0.27271603257395327,0.24281714344397187,0.21835588617250323,0.19242231082171202,0.17445653933100402,0.16796491644345224,0.15843019681051373,0.1511345044709742,0.1426061389502138,0.13253691047430038,0.1302257152274251,0.12288676993921399,0.1194591314997524,0.11394095164723694,0.11124794650822878,0.10708583728410304,0.10426370310597122,0.09930834476836026,0.09669136675074697,0.09437502082437277,0.09308084461372346,0.09081578627228737,0.08933614718262106,0.08642338763456792,0.08581810106988996,0.08423837285954505,0.08292254118714482,0.08174125442747027,0.08067605260293931,0.07971763797104359,0.07885967486072332,0.0780969385523349,0.07742519106250256,0.07684027729555964,0.07633943483233452,0.07591990986838937,0.07557964569423348,0.07531666301656514,0.07512975740246475,0.07501797331497073,0.07498086802661419,0.07501797331497073,0.07512975740246475,0.07531666301656514,0.07557964569423348,0.07591990986838937,0.07633943483233452,0.07684027729555964,0.07742519106250256,0.0780969385523349,0.07885967486072332,0.07971763797104359,0.08067605260293931,0.08174125442747027,0.08292254118714482,0.08423837285954505,0.08581810106988996,0.08642338763456792,0.08933614718262106,0.09081578627228737,0.09308084461372346,0.09437502082437277,0.09669136675074697,0.09930834476836026,0.10426370310597122,0.10708583728410304,0.11124794650822878,0.11394095164723694,0.1194591314997524,0.12288676993921399,0.1302257152274251,0.13253691047430038,0.1426061389502138,0.1511345044709742,0.15843019681051373,0.16796491644345224,0.17445653933100402,0.19242231082171202,0.21835588617250323,0.24281714344397187,0.27271603257395327,0.2589699821546674,0.3043652221094817,0.3927238713949919,0.44150044955313206,0.5385360093787313,0.768162339925766,1.1650391388684511,2.443597197532654,7.339669704437256
3.1738904677331448,7.136276088654995,2.2432229556143284,1.1432413598522544,0.7411614994052798,0.6395857278257608,0.46733976341784,0.3600798292318359,0.33599705854430795,0.3058318404946476,0.28202170925214887,0.22305752709507942,0.20916164095979184,0.18844875588547438,0.16908929136116058,0.1663351669558324,0.15507825143868104,0.1456282800063491,0.13764467861619778,0.13117376586887985,0.12295489863026887,0.1201575220329687,0.11456971606821753,0.11151214456185699,0.10650613554753363,0.10270514924195595,0.10195027152076364,0.09659858280792832,0.09438147707260214,0.09308178175706416,0.0900410795584321,0.08898636215599254,0.08527437652810477,0.08425260335206985,0.08328720834106207,0.08165281865512952,0.0803352600778453,0.07916411093901843,0.0781131218536757,0.07717040478019044,0.07632797255064361,0.07558012584922835,0.07492203067522496,0.07434991974150762,0.07385990669718012,0.07344992298749276,0.07311718372511677,0.07286036256118678,0.0726777371019125,0.07256860446068458,0.07253232039511204,0.07256860446068458,0.0726777371019125,0.07286036256118678,0.07311718372511677,0.07344992298749276,0.07385990669718012,0.07434991974150762,0.07492203067522496,0.07558012584922835,0.07632797255064361,0.07717040478019044,0.0781131218536757,0.07916411093901843,0.0803352600778453,0.08165281865512952,0.08328720834106207,0.08425260335206985,0.08527437652810477,0.08898636215599254,0.0900410795584321,0.09308178175706416,0.09438147707260214,0.09659858280792832,0.10195027152076364,0.10270514924195595,0.10650613554753363,0.11151214456185699,0.11456971606821753,0.1201575220329687,0.12295489863026887,0.13117376586887985,0.13764467861619778,0.1456282800063491,0.15507825143868104,0.1663351669558324,0.16908929136116058,0.18844875588547438,0.20916164095979184,0.22305752709507942,0.28202170925214887,0.3058318404946476,0.33599705854430795,0.3600798292318359,0.46733976341784,0.6395857278257608,0.7411614994052798,1.1432413598522544,2.2432229556143284,7.136276088654995
4.519916847348213,6.9859766364097595,2.599815409630537,1.0057013500481844,0.6247470676898956,0.5564780172426254,0.437448238953948,0.3175660268170759,0.2835863409563899,0.24242213601246476,0.2165804246906191,0.2021957776742056,0.16662923310650513,0.16437727049924433,0.14567009668098763,0.14100481336936355,0.1316566991736181,0.12236571020912379,0.11781346319185104,0.11424104182515293,0.10499466798501089,0.10258034651633352,0.09834508801577613,0.0928917464625556,0.09010049069183879,0.08697623768239282,0.08463146454596426,0.08172505081165582,0.08033735657227226,0.07882863003760576,0.07583303609862924,0.07442156836623326,0.07424783452006523,0.07188618765212595,0.07027651616954245,0.06924561108462512,0.06820086942752823,0.06723876341129653,0.06636431708466262,0.06557513168081641,0.06486769395996816,0.06423831105348654,0.06368356468738057,0.06320059436256997,0.06278695676883217,0.062440662615699694,0.06215943819552194,0.061942311134771444,0.06178797050961293,0.06169555356609635,0.061664944514632225,0.06169555356609635,0.06178797050961293,0.061942311134771444,0.06215943819552194,0.062440662615699694,0.06278695676883217,0.06320059436256997,0.06368356468738057,0.06423831105348654,0.06486769395996816,0.06557513168081641,0.06636431708466262,0.06723876341129653,0.06820086942752823,0.06924561108462512,0.07027651616954245,0.07188618765212595,0.07424783452006523,0.07442156836623326,0.07583303609862924,0.07882863003760576,0.08033735657227226,0.08172505081165582,0.08463146454596426,0.08697623768239282,0.09010049069183879,0.0928917464625556,0.09834508801577613,0.10258034651633352,0.10499466798501089,0.11424104182515293,0.11781346319185104,0.12236571020912379,0.1316566991736181,0.14100481336936355,0.14567009668098763,0.16437727049924433,0.16662923310650513,0.2021957776742056,0.2165804246906191,0.24242213601246476,0.2835863409563899,0.3175660268170759,0.437448238953948,0.5564780172426254,0.6247470676898956,1.0057013500481844,2.599815409630537,6.9859766364097595
4.12515481072478,5.979877196252346,2.3592784702777863,1.087209748569876,0.8704792112112045,0.6532312808558345,0.5185689921490848,0.4173898231238127,0.3678462083917111,0.3260018916334957,0.29018143052235246,0.25094347121194005,0.23241622908972204,0.21607983415015042,0.20307662908453494,0.18651751293509733,0.17668268605484627,0.16520229424349964,0.1567808079344104,0.14954132115235552,0.14353214006405324,0.1372741707309615,0.1307859304943122,0.12678775397944264,0.1235301380220335,0.11913335640565492,0.11515708069782704,0.11174123000819236,0.1094730113109108,0.10662518450408243,0.10324832904734649,0.10142204207659233,0.09938766635605134,0.09771715292299632,0.09580930629454087,0.09420626857172465,0.09275750697997864,0.09144418165669776,0.09025640495383414,0.08918697404442355,0.08822917476936709,0.0873774428764591,0.08662703096342739,0.08597392838419182,0.08541442287241807,0.08494578399404418,0.08456558972829953,0.08427184414904332,0.08406302662478993,0.08393822932703188,0.08389667421579361,0.08393822932703188,0.08406302662478993,0.08427184414904332,0.08456558972829953,0.08494578399404418,0.08541442287241807,0.08597392838419182,0.08662703096342739,0.0873774428764591,0.08822917476936709,0.08918697404442355,0.09025640495383414,0.09144418165669776,0.09275750697997864,0.09420626857172465,0.09580930629454087,0.09771715292299632,0.09938766635605134,0.10142204207659233,0.10324832904734649,0.10662518450408243,0.1094730113109108,0.11174123000819236,0.11515708069782704,0.11913335640565492,0.1235301380220335,0.12678775397944264,0.1307859304943122,0.1372741707309615,0.14353214006405324,0.14954132115235552,0.1567808079344104,0.16520229424349964,0.17668268605484627,0.18651751293509733,0.20307662908453494,0.21607983415015042,0.23241622908972204,0.25094347121194005,0.29018143052235246,0.3260018916334957,0.3678462083917111,0.4173898231238127,0.5185689921490848,0.6532312808558345,0.8704792112112045,1.087209748569876,2.3592784702777863,5.979877196252346
3.078801602125168,4.952683962881565,1.213492326438427,0.5525780464522541,0.36141686607152224,0.37777266558259726,0.2958780450280756,0.23679286148399115,0.2230414468795061,0.18222491559572518,0.1742403256939724,0.12022198492195457,0.12203673704061657,0.10633555031381547,0.09563871019054204,0.09264841442927718,0.08610721933655441,0.08219731773715466,0.07692162846797146,0.07368334036436863,0.07087557925842702,0.06606339561403729,0.06505392529652454,0.06310684527852573,0.06060896086273715,0.05692643209840753,0.05600523062457796,0.05563097636331804,0.05320265280897729,0.052135686768451706,0.05072635966644157,0.049577053912798874,0.04836001619696617,0.0476117442449322,0.04685128142591566,0.04603722314641345,0.04532317783741746,0.04467685006966349,0.04409247339935973,0.043566114763962105,0.04309468800784089,0.04267536751285661,0.04230615209962707,0.04198467644164339,0.0417093746655155,0.04147888477018569,0.04129179008305073,0.04114720939833205,0.04104444291442633,0.04098307539243251,0.04096257500350475,0.04098307539243251,0.04104444291442633,0.04114720939833205,0.04129179008305073,0.04147888477018569,0.0417093746655155,0.04198467644164339,0.04230615209962707,0.04267536751285661,0.04309468800784089,0.043566114763962105,0.04409247339935973,0.04467685006966349,0.04532317783741746,0.04603722314641345,0.04685128142591566,0.0476117442449322,0.04836001619696617,0.049577053912798874,0.05072635966644157,0.052135686768451706,0.05320265280897729,0.05563097636331804,0.05600523062457796,0.05692643209840753,0.06060896086273715,0.06310684527852573,0.06505392529652454,0.06606339561403729,0.07087557925842702,0.07368334036436863,0.07692162846797146,0.08219731773715466,0.08610721933655441,0.09264841442927718,0.09563871019054204,0.10633555031381547,0.12203673704061657,0.12022198492195457,0.1742403256939724,0.18222491559572518,0.2230414468795061,0.23679286148399115,0.2958780450280756,0.37777266558259726,0.36141686607152224,0.5525780464522541,1.213492326438427,4.952683962881565
3.865107965655625,3.8279990404844284,1.559819490648806,0.8251614514738321,0.5351196639239788,0.4188334085047245,0.32176742411684245,0.28403908200562,0.24750669114291668,0.24664818006567657,0.22635205322876573,0.1857205224223435,0.1608783220872283,0.15052400983404368,0.14237925596535206,0.13493089587427676,0.1258038900559768,0.11948300898075104,0.11225359211675823,0.10919693775940686,0.10350461245980114,0.09911724727135152,0.09553750779014081,0.09253442590124905,0.08938992884941399,0.08560845267493278,0.08375384146347642,0.08123134390916675,0.07862086256500334,0.076695462805219,0.07478329562582076,0.07382349134422839,0.07176904263906181,0.07045330386608839,0.06929106719326228,0.06815334397833794,0.0671158522600308,0.06617299013305455,0.0653190694283694,0.06454926624428481,0.06385942595079541,0.063245770172216,0.0627048877067864,0.06223395839333534,0.061830553924664855,0.06149259314406663,0.061218236573040485,0.06100632913876325,0.06085568352136761,0.06076560937799513,0.06073553836904466,0.06076560937799513,0.06085568352136761,0.06100632913876325,0.061218236573040485,0.06149259314406663,0.061830553924664855,0.06223395839333534,0.0627048877067864,0.063245770172216,0.06385942595079541,0.06454926624428481,0.0653190694283694,0.06617299013305455,0.0671158522600308,0.06815334397833794,0.06929106719326228,0.07045330386608839,0.07176904263906181,0.07382349134422839,0.07478329562582076,0.076695462805219,0.07862086256500334,0.08123134390916675,0.08375384146347642,0.08560845267493278,0.08938992884941399,0.09253442590124905,0.09553750779014081,0.09911724727135152,0.10350461245980114,0.10919693775940686,0.11225359211675823,0.11948300898075104,0.1258038900559768,0.13493089587427676,0.14237925596535206,0.15052400983404368,0.1608783220872283,0.1857205224223435,0.22635205322876573,0.24664818006567657,0.24750669114291668,0.28403908200562,0.32176742411684245,0.4188334085047245,0.5351196639239788,0.8251614514738321,1.559819490648806,3.8279990404844284
1.889162601903081,3.5394594706594944,1.31666717864573,0.8185907937586308,0.5626818686723709,0.3406707919202745,0.3303368983324617,0.2929514069110155,0.25038989586755633,0.18760128936264664,0.1593881193548441,0.1432794890133664,0.12538911906631256,0.11329930339707062,0.10132251115282997,0.10136800090549514,0.11958325019804761,0.08534866850823164,0.07252605893881992,0.08015234174672514,0.08525492076296359,0.07194623514078557,0.06974881113274023,0.0661046395835001,0.06290356448153034,0.0576958378078416,0.05794807733036578,0.05724069682764821,0.054667486052494496,0.055601969244889915,0.05231632469804026,0.05143177253194153,0.05179050320293754,0.049235167243750766,0.04885032813763246,0.0475336434901692,0.04663941849139519,0.04588245481136255,0.045218839193694293,0.04463205090723932,0.044112873991252854,0.04365485001471825,0.04325410883757286,0.0429069266829174,0.042610721284290776,0.042363332700915635,0.042163016623817384,0.04200851559289731,0.04189885550295003,0.04183331987587735,0.04181152582168579,0.04183331987587735,0.04189885550295003,0.04200851559289731,0.042163016623817384,0.042363332700915635,0.042610721284290776,0.0429069266829174,0.04325410883757286,0.04365485001471825,0.044112873991252854,0.04463205090723932,0.045218839193694293,0.04588245481136255,0.04663941849139519,0.0475336434901692,0.04885032813763246,0.049235167243750766,0.05179050320293754,0.05143177253194153,0.05231632469804026,0.055601969244889915,0.054667486052494496,0.05724069682764821,0.05794807733036578,0.0576958378078416,0.06290356448153034,0.0661046395835001,0.06974881113274023,0.07194623514078557,0.08525492076296359,0.08015234174672514,0.07252605893881992,0.08534866850823164,0.11958325019804761,0.10136800090549514,0.10132251115282997,0.11329930339707062,0.12538911906631256,0.1432794890133664,0.1593881193548441,0.18760128936264664,0.25038989586755633,0.2929514069110155,0.3303368983324617,0.3406707919202745,0.5626818686723709,0.8185907937586308,1.31666717864573,3.5394594706594944
3.9957963339984417,5.7298760041594505,3.4602081067860126,1.7246553041040897,1.4302310943603516,1.2341002775356174,0.7137064498383552,0.6230689133517444,0.49472593143582344,0.3473094836808741,0.3463513934984803,0.2444470759946853,0.2504524365067482,0.22092719469219446,0.16363609151449054,0.16508957580663264,0.2141327140852809,0.14890904002822936,0.15189784532412887,0.1472616819664836,0.11816213320707902,0.11276912142056972,0.12331447075121105,0.10177481107530184,0.11193053354509175,0.10390794818522409,0.11032083607278764,0.08591654628980905,0.09260255633853376,0.08626486553112045,0.07705837674438953,0.08467705210205168,0.0781876762630418,0.08422867546323687,0.07594592968234792,0.0746916288335342,0.07340956182451919,0.07226988370530307,0.07125661877216771,0.0703545851574745,0.06955285201547667,0.06884407077450305,0.06822208757512271,0.06768228439614177,0.06722097337478772,0.06683527113636956,0.0665226110140793,0.06628136456129141,0.06610997975803912,0.06600750656798482,0.06597348023205996,0.06600750656798482,0.06610997975803912,0.06628136456129141,0.0665226110140793,0.06683527113636956,0.06722097337478772,0.06768228439614177,0.06822208757512271,0.06884407077450305,0.06955285201547667,0.0703545851574745,0.07125661877216771,0.07226988370530307,0.07340956182451919,0.0746916288335342,0.07594592968234792,0.08422867546323687,0.0781876762630418,0.08467705210205168,0.07705837674438953,0.08626486553112045,0.09260255633853376,0.08591654628980905,0.11032083607278764,0.10390794818522409,0.11193053354509175,0.10177481107530184,0.12331447075121105,0.11276912142056972,0.11816213320707902,0.1472616819664836,0.15189784532412887,0.14890904002822936,0.2141327140852809,0.16508957580663264,0.16363609151449054,0.22092719469219446,0.2504524365067482,0.2444470759946853,0.3463513934984803,0.3473094836808741,0.49472593143582344,0.6230689133517444,0.7137064498383552,1.2341002775356174,1.4302310943603516,1.7246553041040897,3.4602081067860126,5.7298760041594505
4.926628893241286,8.461832597851753,2.9718912169337273,1.763712052255869,1.6004533246159554,1.53604703117162,0.7282245131209493,0.7490468192845583,0.576902530156076,0.3769933423027396,0.34274527471279725,0.30682032741606236,0.2973059075884521,0.2572992676869035,0.22774615394882858,0.20682482968550175,0.21563527174293995,0.18252983991988003,0.17966482508927584,0.1635447753360495,0.17435460211709142,0.15705559263005853,0.1559942497406155,0.136117237736471,0.13748870650306344,0.12552975059952587,0.12207278469577432,0.12777653650846332,0.11871710210107267,0.13059747812803835,0.1133864363655448,0.11021921635256149,0.10542159772012383,0.10649363894481212,0.10094800463411957,0.09993330866564065,0.0985578871332109,0.09722488385159522,0.09598826142610051,0.09485993513953872,0.09384178096661344,0.09293196740327403,0.0921279126778245,0.09142661237274297,0.09082494242466055,0.09032032216782682,0.08991065828013234,0.0895939550246112,0.08936871227342635,0.0892340880818665,0.08918913034722209,0.0892340880818665,0.08936871227342635,0.0895939550246112,0.08991065828013234,0.09032032216782682,0.09082494242466055,0.09142661237274297,0.0921279126778245,0.09293196740327403,0.09384178096661344,0.09485993513953872,0.09598826142610051,0.09722488385159522,0.0985578871332109,0.09993330866564065,0.10094800463411957,0.10649363894481212,0.10542159772012383,0.11021921635256149,0.1133864363655448,0.13059747812803835,0.11871710210107267,0.12777653650846332,0.12207278469577432,0.12552975059952587,0.13748870650306344,0.136117237736471,0.1559942497406155,0.15705559263005853,0.17435460211709142,0.1635447753360495,0.17966482508927584,0.18252983991988003,0.21563527174293995,0.20682482968550175,0.22774615394882858,0.2572992676869035,0.2973059075884521,0.30682032741606236,0.34274527471279725,0.3769933423027396,0.576902530156076,0.7490468192845583,0.7282245131209493,1.53604703117162,1.6004533246159554,1.763712052255869,2.9718912169337273,8.461832597851753
6.438422946259379,6.960537135601044,2.430606247857213,1.5392436599358916,0.9463049797341228,0.837639944627881,0.621342049445957,0.505724623799324,0.40954673453234136,0.3476637965068221,0.33273126604035497,0.2966479130554944,0.25151562958490103,0.24159257928840816,0.22092002822319046,0.20093111944152042,0.20245372407953255,0.18237396673066542,0.17780562594998628,0.16861987975426018,0.15680400852579623,0.15302048763260245,0.1435619390103966,0.13805911043891683,0.13115389982704073,0.12934216047869995,0.12166960828471929,0.12448168237460777,0.11967121102497913,0.12357945914845914,0.11182932858355343,0.10818810388445854,0.1121852351934649,0.10931196218007244,0.10455935637583025,0.10286340747552458,0.10121394535235595,0.09971896132628899,0.0983727905259002,0.09716500088688917,0.09608609351562336,0.09512856016226579,0.09428571676835418,0.09355242281890241,0.09292400295453263,0.09239691991751897,0.0919681781597319,0.09163547647222003,0.09139705014058563,0.09125216044776607,0.09120262041687965,0.09125216044776607,0.09139705014058563,0.09163547647222003,0.0919681781597319,0.09239691991751897,0.09292400295453263,0.09355242281890241,0.09428571676835418,0.09512856016226579,0.09608609351562336,0.09716500088688917,0.0983727905259002,0.09971896132628899,0.10121394535235595,0.10286340747552458,0.10455935637583025,0.10931196218007244,0.1121852351934649,0.10818810388445854,0.11182932858355343,0.12357945914845914,0.11967121102497913,0.12448168237460777,0.12166960828471929,0.12934216047869995,0.13115389982704073,0.13805911043891683,0.1435619390103966,0.15302048763260245,0.15680400852579623,0.16861987975426018,0.17780562594998628,0.18237396673066542,0.20245372407953255,0.20093111944152042,0.22092002822319046,0.24159257928840816,0.25151562958490103,0.2966479130554944,0.33273126604035497,0.3476637965068221,0.40954673453234136,0.505724623799324,0.621342049445957,0.837639944627881,0.9463049797341228,1.5392436599358916,2.430606247857213,6.960537135601044
5.158523467835039,6.566729083657265,3.555749610066414,1.6218307241797447,1.0801068916916847,0.8827309794723988,0.7325015100650489,0.6214416148141026,0.4654392385855317,0.4067633058875799,0.3742646883474663,0.331952007021755,0.30145013832952827,0.27756595332175493,0.2579017407260835,0.24239873490296304,0.22808706271462142,0.21483336231904104,0.2064671054831706,0.19480095559265465,0.19300201663281769,0.18232804775470868,0.1719306919258088,0.16615210846066475,0.16113789367955178,0.15577805822249502,0.15116137685254216,0.14767586794914678,0.14303785242373124,0.1399784036912024,0.1344708206015639,0.13124128317576833,0.13101844972698018,0.12736274243798107,0.12546853485400788,0.12332314703962766,0.12142103217775002,0.11970206591649912,0.11814946873346344,0.11675168294459581,0.11549987495527603,0.11438670687493868,0.11340604480938055,0.11255250076646917,0.11182132436078973,0.11120891562313773,0.11071199001162313,0.11032808406162076,0.11005519909667782,0.109892038453836,0.10983765916898847,0.109892038453836,0.11005519909667782,0.11032808406162076,0.11071199001162313,0.11120891562313773,0.11182132436078973,0.11255250076646917,0.11340604480938055,0.11438670687493868,0.11549987495527603,0.11675168294459581,0.11814946873346344,0.11970206591649912,0.12142103217775002,0.12332314703962766,0.12546853485400788,0.12736274243798107,0.13101844972698018,0.13124128317576833,0.1344708206015639,0.1399784036912024,0.14303785242373124,0.14767586794914678,0.15116137685254216,0.15577805822249502,0.16113789367955178,0.16615210846066475,0.1719306919258088,0.18232804775470868,0.19300201663281769,0.19480095559265465,0.2064671054831706,0.21483336231904104,0.22808706271462142,0.24239873490296304,0.2579017407260835,0.27756595332175493,0.30145013832952827,0.331952007021755,0.3742646883474663,0.4067633058875799,0.4654392385855317,0.6214416148141026,0.7325015100650489,0.8827309794723988,1.0801068916916847,1.6218307241797447,3.555749610066414,6.566729083657265
5.633882738649845,7.079769417643547,2.8428991697728634,1.0739981550723314,0.7077855914831161,0.5329547487199306,0.38749402295798063,0.35237750923261046,0.28238456044346094,0.2663767244666815,0.20657217199914157,0.19603101047687232,0.176293010590598,0.16383012244477868,0.15056543960236013,0.14734750450588763,0.1340823310893029,0.12611059960909188,0.12315326882526278,0.11363690043799579,0.11250952875707299,0.10667867050506175,0.1030248913448304,0.10074755467940122,0.09447803068906069,0.09075445611961186,0.09056860068812966,0.08602751011494547,0.08357073192019016,0.08189331355970353,0.08089170884341002,0.07864805369172245,0.0770413331920281,0.07566772936843336,0.07382439938373864,0.0727418108144775,0.0716733766021207,0.07068518816959113,0.06978430156596005,0.0689692486776039,0.0682375862961635,0.06758568296208978,0.06701044633518904,0.06650941038969904,0.0660800228943117,0.06572018447332084,0.06542812963016331,0.06520239386009052,0.06504189263796434,0.06494586262851954,0.06491401046514511,0.06494586262851954,0.06504189263796434,0.06520239386009052,0.06542812963016331,0.06572018447332084,0.0660800228943117,0.06650941038969904,0.06701044633518904,0.06758568296208978,0.0682375862961635,0.0689692486776039,0.06978430156596005,0.07068518816959113,0.0716733766021207,0.0727418108144775,0.07382439938373864,0.07566772936843336,0.0770413331920281,0.07864805369172245,0.08089170884341002,0.08189331355970353,0.08357073192019016,0.08602751011494547,0.09056860068812966,0.09075445611961186,0.09447803068906069,0.10074755467940122,0.1030248913448304,0.10667867050506175,0.11250952875707299,0.11363690043799579,0.12315326882526278,0.12611059960909188,0.1340823310893029,0.14734750450588763,0.15056543960236013,0.16383012244477868,0.176293010590598,0.19603101047687232,0.20657217199914157,0.2663767244666815,0.28238456044346094,0.35237750923261046,0.38749402295798063,0.5329547487199306,0.7077855914831161,1.0739981550723314,2.8428991697728634,7.079769417643547
5.137069389224052,7.336462467908859,3.000503985211253,1.3194599263370037,0.7631106916815042,0.6362700909376144,0.44260581280104816,0.3828309748787433,0.296248798025772,0.2744678831077181,0.25368699827231467,0.23259991221129894,0.20718434418085963,0.19533213812974282,0.17693601404607762,0.16551742356386967,0.15790873172227293,0.14809154759859666,0.14250420732423663,0.13584137242287397,0.12732114983373322,0.12348635200760327,0.11871879486716352,0.11085832411481533,0.10899335241992958,0.10530618545089965,0.10361380613176152,0.0992626550141722,0.09730810858309269,0.0946766996930819,0.09176820655557094,0.08967291690350976,0.08733782482158858,0.08639826832222752,0.08478610349266091,0.08337471444247058,0.08207846161531052,0.08090476984216366,0.07984430891519878,0.07888970318163047,0.07803513394173933,0.07727531608543359,0.07660594442859292,0.07602339359436883,0.0755245579421171,0.07510686867317418,0.0747678898187587,0.0745059909822885,0.07431991391786141,0.07420863398874644,0.07417157478630543,0.07420863398874644,0.07431991391786141,0.0745059909822885,0.0747678898187587,0.07510686867317418,0.0755245579421171,0.07602339359436883,0.07660594442859292,0.07727531608543359,0.07803513394173933,0.07888970318163047,0.07984430891519878,0.08090476984216366,0.08207846161531052,0.08337471444247058,0.08478610349266091,0.08639826832222752,0.08733782482158858,0.08967291690350976,0.09176820655557094,0.0946766996930819,0.09730810858309269,0.0992626550141722,0.10361380613176152,0.10530618545089965,0.10899335241992958,0.11085832411481533,0.11871879486716352,0.12348635200760327,0.12732114983373322,0.13584137242287397,0.14250420732423663,0.14809154759859666,0.15790873172227293,0.16551742356386967,0.17693601404607762,0.19533213812974282,0.20718434418085963,0.23259991221129894,0.25368699827231467,0.2744678831077181,0.296248798025772,0.3828309748787433,0.44260581280104816,0.6362700909376144,0.7631106916815042,1.3194599263370037,3.000503985211253,7.336462467908859
3.7019488802179694,8.088291674852371,2.606980551034212,1.2561692632734776,0.7453214107081294,0.6152128432877362,0.44945673644542694,0.42445602687075734,0.3709294693544507,0.3109322580276057,0.26631814357824624,0.256183800753206,0.22529472969472408,0.20458023762330413,0.18800544168334454,0.18007459526415914,0.1710674106143415,0.1581718805246055,0.14778658287832513,0.1449950027745217,0.14256055117584765,0.13393118185922503,0.12552659027278423,0.12635736435186118,0.11968265718314797,0.11499415093567222,0.11192349053453654,0.10894334292970598,0.10543238488025963,0.10360780474729836,0.10173378139734268,0.09828430553898215,0.09782805910799652,0.09518835280323401,0.0936811191495508,0.09194112720433623,0.09047523734625429,0.08916530886199325,0.08798816212220117,0.08693193638464436,0.08598821371560916,0.08515025937231258,0.08441287907771766,0.08377153740730137,0.08322273869998753,0.08276328054489568,0.08239057339960709,0.08210267417598516,0.08189809054601938,0.08177580271149054,0.0817351108416915,0.08177580271149054,0.08189809054601938,0.08210267417598516,0.08239057339960709,0.08276328054489568,0.08322273869998753,0.08377153740730137,0.08441287907771766,0.08515025937231258,0.08598821371560916,0.08693193638464436,0.08798816212220117,0.08916530886199325,0.09047523734625429,0.09194112720433623,0.0936811191495508,0.09518835280323401,0.09782805910799652,0.09828430553898215,0.10173378139734268,0.10360780474729836,0.10543238488025963,0.10894334292970598,0.11192349053453654,0.11499415093567222,0.11968265718314797,0.12635736435186118,0.12552659027278423,0.13393118185922503,0.14256055117584765,0.1449950027745217,0.14778658287832513,0.1581718805246055,0.1710674106143415,0.18007459526415914,0.18800544168334454,0.20458023762330413,0.22529472969472408,0.256183800753206,0.26631814357824624,0.3109322580276057,0.3709294693544507,0.42445602687075734,0.44945673644542694,0.6152128432877362,0.7453214107081294,1.2561692632734776,2.606980551034212,8.088291674852371
5.874580167699605,7.049160569906235,2.4030120819807053,1.2982928585261106,0.8345849618781358,0.49014878552407026,0.4886662606149912,0.3217840171419084,0.2991365989437327,0.2607201000209898,0.23690811125561595,0.19050779566168785,0.18175848911050707,0.1703681816579774,0.15292181598488241,0.14702135906554759,0.1429673070088029,0.1316722366027534,0.12480293493717909,0.11820773826912045,0.11297997925430536,0.10864158964250237,0.10340712545439601,0.09912123309914023,0.0958480496192351,0.08947762666502967,0.09086073061916977,0.08739548234734684,0.0855550670530647,0.08391398983076215,0.08115245396038517,0.07796697202138603,0.07607522798934951,0.07596814353018999,0.07417447376064956,0.0729087475920096,0.07179048837861046,0.07077574916183949,0.06985653884476051,0.06902809231542051,0.06828529643826187,0.06762444012565538,0.06704198179068044,0.06653483113041148,0.06610036740312353,0.06573648302583024,0.06544101604958996,0.0652128373621963,0.06505057803587988,0.06495361286215484,0.06492126733064651,0.06495361286215484,0.06505057803587988,0.0652128373621963,0.06544101604958996,0.06573648302583024,0.06610036740312353,0.06653483113041148,0.06704198179068044,0.06762444012565538,0.06828529643826187,0.06902809231542051,0.06985653884476051,0.07077574916183949,0.07179048837861046,0.0729087475920096,0.07417447376064956,0.07596814353018999,0.07607522798934951,0.07796697202138603,0.08115245396038517,0.08391398983076215,0.0855550670530647,0.08739548234734684,0.09086073061916977,0.08947762666502967,0.0958480496192351,0.09912123309914023,0.10340712545439601,0.10864158964250237,0.11297997925430536,0.11820773826912045,0.12480293493717909,0.1316722366027534,0.1429673070088029,0.14702135906554759,0.15292181598488241,0.1703681816579774,0.18175848911050707,0.19050779566168785,0.23690811125561595,0.2607201000209898,0.2991365989437327,0.3217840171419084,0.4886662606149912,0.49014878552407026,0.8345849618781358,1.2982928585261106,2.4030120819807053,7.049160569906235
3.4289199095219374,7.893291682004929,2.263542144559324,0.9300187602639198,0.710755605250597,0.5310789383947849,0.39362899539992213,0.32939699408598244,0.30998504906892776,0.2594905556179583,0.21575927617959678,0.2041852007387206,0.1808942718198523,0.17243541649077088,0.1534989128995221,0.14205227041384205,0.13858308002818376,0.1318371556699276,0.12240399466827512,0.11770309571875259,0.11367945614620112,0.10854721577561577,0.1020827439497225,0.10088513130904175,0.09531164282816462,0.09293745280592702,0.09032883995678276,0.08791627924074419,0.08552560329553671,0.08267300960142165,0.0807574238278903,0.07893844047794119,0.07782009852235205,0.07585000841936562,0.07487589587981347,0.07350266187131638,0.07233693345915526,0.07129148619424086,0.07034969519736478,0.06950342635536799,0.06874628169316566,0.06807348745132913,0.06748064699422684,0.06696479284073575,0.06652292128637782,0.06615271679402213,0.06585228740004823,0.06562004716397496,0.06545484902744647,0.06535615316897747,0.06532318145036697,0.06535615316897747,0.06545484902744647,0.06562004716397496,0.06585228740004823,0.06615271679402213,0.06652292128637782,0.06696479284073575,0.06748064699422684,0.06807348745132913,0.06874628169316566,0.06950342635536799,0.07034969519736478,0.07129148619424086,0.07233693345915526,0.07350266187131638,0.07487589587981347,0.07585000841936562,0.07782009852235205,0.07893844047794119,0.0807574238278903,0.08267300960142165,0.08552560329553671,0.08791627924074419,0.09032883995678276,0.09293745280592702,0.09531164282816462,0.10088513130904175,0.1020827439497225,0.10854721577561577,0.11367945614620112,0.11770309571875259,0.12240399466827512,0.1318371556699276,0.13858308002818376,0.14205227041384205,0.1534989128995221,0.17243541649077088,0.1808942718198523,0.2041852007387206,0.21575927617959678,0.2594905556179583,0.30998504906892776,0.32939699408598244,0.39362899539992213,0.5310789383947849,0.710755605250597,0.9300187602639198,2.263542144559324,7.893291682004929
5.0569400656968355,6.335613377392292,2.097113721072674,0.9372377153486013,0.6102471840567887,0.5022295792587101,0.3556478791870177,0.29491910827346146,0.25437192944809794,0.24126245570369065,0.20902963425032794,0.1807714917231351,0.15928443596931174,0.14467242651153356,0.13565508788451552,0.12786611239425838,0.1214023947250098,0.11590403213631362,0.10827907919883728,0.10254713729955256,0.09875285241287202,0.09545961604453623,0.09027296933345497,0.08741389773786068,0.08458158769644797,0.08214753866195679,0.07923430664232001,0.07670791953569278,0.07492993515916169,0.07259291244554333,0.07136395762790926,0.06923833672772162,0.06782047283195425,0.06681729742558673,0.06538205564720556,0.06431689302553423,0.06332299750647508,0.06241875220439397,0.06160000115050934,0.0608623193402309,0.06020147411618382,0.05961362637754064,0.059095912118209526,0.05864502648182679,0.05825899785850197,0.057935433316743,0.05767308747454081,0.057470347339403816,0.05732622723735403,0.05724005551019218,0.057211317121982574,0.05724005551019218,0.05732622723735403,0.057470347339403816,0.05767308747454081,0.057935433316743,0.05825899785850197,0.05864502648182679,0.059095912118209526,0.05961362637754064,0.06020147411618382,0.0608623193402309,0.06160000115050934,0.06241875220439397,0.06332299750647508,0.06431689302553423,0.06538205564720556,0.06681729742558673,0.06782047283195425,0.06923833672772162,0.07136395762790926,0.07259291244554333,0.07492993515916169,0.07670791953569278,0.07923430664232001,0.08214753866195679,0.08458158769644797,0.08741389773786068,0.09027296933345497,0.09545961604453623,0.09875285241287202,0.10254713729955256,0.10827907919883728,0.11590403213631362,0.1214023947250098,0.12786611239425838,0.13565508788451552,0.14467242651153356,0.15928443596931174,0.1807714917231351,0.20902963425032794,0.24126245570369065,0.25437192944809794,0.29491910827346146,0.3556478791870177,0.5022295792587101,0.6102471840567887,0.9372377153486013,2.097113721072674,6.335613377392292
3.475578762590885,5.221277162432671,1.7233466915786266,0.8313337648287416,0.6426432766020298,0.4452036879956722,0.37955310102552176,0.35195575933903456,0.2587345248321071,0.24658754002302885,0.2166825570166111,0.18712351308204234,0.17640964593738317,0.16127993847476318,0.15331786128808744,0.14440439629834145,0.1346493506571278,0.12701598447165452,0.12064708226535004,0.1150330149102956,0.10967371861624997,0.10589293536031619,0.10212189931189641,0.09788353304611519,0.0942166730237659,0.0918721545021981,0.08909418049734086,0.08678559765394311,0.08416618738556281,0.08120139397215098,0.08000734505185392,0.07809973988332786,0.07659611137933098,0.07557880066451617,0.07391170421760762,0.07273294327023905,0.07161911950242938,0.07060681994335027,0.06969098276022123,0.06886639280855889,0.068127797669149,0.06747122247179504,0.0668927524384344,0.0663891654330655,0.06595808701240458,0.06559668299451005,0.0653036177973263,0.06507724052789854,0.06491627399373101,0.06482008506282,0.0647879857569933,0.06482008506282,0.06491627399373101,0.06507724052789854,0.0653036177973263,0.06559668299451005,0.06595808701240458,0.0663891654330655,0.0668927524384344,0.06747122247179504,0.068127797669149,0.06886639280855889,0.06969098276022123,0.07060681994335027,0.07161911950242938,0.07273294327023905,0.07391170421760762,0.07557880066451617,0.07659611137933098,0.07809973988332786,0.08000734505185392,0.08120139397215098,0.08416618738556281,0.08678559765394311,0.08909418049734086,0.0918721545021981,0.0942166730237659,0.09788353304611519,0.10212189931189641,0.10589293536031619,0.10967371861624997,0.1150330149102956,0.12064708226535004,0.12701598447165452,0.1346493506571278,0.14440439629834145,0.15331786128808744,0.16127993847476318,0.17640964593738317,0.18712351308204234,0.2166825570166111,0.24658754002302885,0.2587345248321071,0.35195575933903456,0.37955310102552176,0.4452036879956722,0.6426432766020298,0.8313337648287416,1.7233466915786266,5.221277162432671
2.9483181633986533,3.705855116248131,0.9388577565550804,0.5039853379130363,0.3948098672553897,0.28372884960845113,0.21528863441199064,0.20740534365177155,0.16924598172772676,0.15047296223929152,0.11121215589810163,0.09959922317648306,0.0912772681331262,0.08209722233004868,0.07895928900688887,0.07221778720850125,0.06735488289268687,0.06481287801580038,0.06062993727391586,0.05751410615630448,0.05591069196816534,0.053357425320427865,0.05111993232276291,0.05006766518636141,0.04737823245523032,0.04570913817588007,0.0445164559641853,0.04341547578223981,0.04239902787958272,0.041328665538458154,0.04012886060081655,0.039554557704832405,0.03804886350189918,0.03714003590357606,0.03685886690800544,0.036228930610377574,0.03567040195775917,0.03516232595939073,0.03470181800366845,0.03428641292703105,0.033913538809429156,0.033581795843929285,0.03328893138132116,0.03303363690065453,0.032814705240525655,0.03263049976339971,0.0324807232909734,0.032364385830987885,0.03228097027658805,0.032230384611011687,0.032213305588811636,0.032230384611011687,0.03228097027658805,0.032364385830987885,0.0324807232909734,0.03263049976339971,0.032814705240525655,0.03303363690065453,0.03328893138132116,0.033581795843929285,0.033913538809429156,0.03428641292703105,0.03470181800366845,0.03516232595939073,0.03567040195775917,0.036228930610377574,0.03685886690800544,0.03714003590357606,0.03804886350189918,0.039554557704832405,0.04012886060081655,0.041328665538458154,0.04239902787958272,0.04341547578223981,0.0445164559641853,0.04570913817588007,0.04737823245523032,0.05006766518636141,0.05111993232276291,0.053357425320427865,0.05591069196816534,0.05751410615630448,0.06062993727391586,0.06481287801580038,0.06735488289268687,0.07221778720850125,0.07895928900688887,0.08209722233004868,0.0912772681331262,0.09959922317648306,0.11121215589810163,0.15047296223929152,0.16924598172772676,0.20740534365177155,0.21528863441199064,0.28372884960845113,0.3948098672553897,0.5039853379130363,0.9388577565550804,3.705855116248131
1.850016763433814,2.9189645648002625,1.1096245739609003,0.7920527942478657,0.4984959810972214,0.45784333487972617,0.31280734832398593,0.27863728115335107,0.22653506009373814,0.16365283587947488,0.12123856347170658,0.127893922268413,0.11148652364499867,0.12418400088790804,0.09747565560974181,0.10486355808097869,0.10830396541859955,0.08172999194357544,0.06987849180586636,0.07089571480173618,0.06300232012290508,0.06327535511809401,0.05977971194079146,0.050760389713104814,0.05105955363251269,0.05338122969260439,0.048800104355905205,0.049480140209198,0.04561095021199435,0.04280351521447301,0.046012430742848665,0.041736596496775746,0.04163022275315598,0.03912339324597269,0.03943021461600438,0.038398619333747774,0.0377392437949311,0.037179623905103654,0.036685771570773795,0.03624586103251204,0.03585422190371901,0.035507178836269304,0.03520212008152157,0.03493698290549219,0.03471012579393573,0.03452011931221932,0.03436604485614225,0.034247050585690886,0.03416250753798522,0.034111972170649096,0.03409512992948294,0.034111972170649096,0.03416250753798522,0.034247050585690886,0.03436604485614225,0.03452011931221932,0.03471012579393573,0.03493698290549219,0.03520212008152157,0.035507178836269304,0.03585422190371901,0.03624586103251204,0.036685771570773795,0.037179623905103654,0.0377392437949311,0.038398619333747774,0.03943021461600438,0.03912339324597269,0.04163022275315598,0.041736596496775746,0.046012430742848665,0.04280351521447301,0.04561095021199435,0.049480140209198,0.048800104355905205,0.05338122969260439,0.05105955363251269,0.050760389713104814,0.05977971194079146,0.06327535511809401,0.06300232012290508,0.07089571480173618,0.06987849180586636,0.08172999194357544,0.10830396541859955,0.10486355808097869,0.09747565560974181,0.12418400088790804,0.11148652364499867,0.127893922268413,0.12123856347170658,0.16365283587947488,0.22653506009373814,0.27863728115335107,0.31280734832398593,0.45784333487972617,0.4984959810972214,0.7920527942478657,1.1096245739609003,2.9189645648002625
3.4853845182806253,4.778565727174282,3.1569292843341827,1.721086110919714,1.5105133522301912,1.422945536673069,0.878090157173574,0.7327627763152122,0.4331241110339761,0.3872803854756057,0.3186475958209485,0.2534808502532542,0.21672865864820778,0.20238258806057274,0.1792881356086582,0.18992985365912318,0.2146277902647853,0.17946725036017597,0.19219094002619386,0.14299211720936,0.1234116485575214,0.11894791206577793,0.12818501761648804,0.12277980824001133,0.1128110247082077,0.10716231685364619,0.10998625884531066,0.11188214528374374,0.09586217621108517,0.09941922992584296,0.10484890607767738,0.09671115910168737,0.08623205579351634,0.09142124064965174,0.08472168107982725,0.08324433985399082,0.08195053524104878,0.08076514440472238,0.0796896092069801,0.07871908936067484,0.07784923442522995,0.0770746372290887,0.07639182543789502,0.07579669695405755,0.07528652471955866,0.0748586708214134,0.07451109155954327,0.07424221230030525,0.07405084112542681,0.07393633300671354,0.07389823719859123,0.07393633300671354,0.07405084112542681,0.07424221230030525,0.07451109155954327,0.0748586708214134,0.07528652471955866,0.07579669695405755,0.07639182543789502,0.0770746372290887,0.07784923442522995,0.07871908936067484,0.0796896092069801,0.08076514440472238,0.08195053524104878,0.08324433985399082,0.08472168107982725,0.09142124064965174,0.08623205579351634,0.09671115910168737,0.10484890607767738,0.09941922992584296,0.09586217621108517,0.11188214528374374,0.10998625884531066,0.10716231685364619,0.1128110247082077,0.12277980824001133,0.12818501761648804,0.11894791206577793,0.1234116485575214,0.14299211720936,0.19219094002619386,0.17946725036017597,0.2146277902647853,0.18992985365912318,0.1792881356086582,0.20238258806057274,0.21672865864820778,0.2534808502532542,0.3186475958209485,0.3872803854756057,0.4331241110339761,0.7327627763152122,0.878090157173574,1.422945536673069,1.5105133522301912,1.721086110919714,3.1569292843341827,4.778565727174282
6.622856065630913,8.485448837280273,2.910817138850689,1.3169159200042486,1.279788926243782,1.3143870644271374,0.6637651200871915,0.6131011797115207,0.47958774399012327,0.34449094254523516,0.3038373126182705,0.22211694531142712,0.23180403001606464,0.2089758706279099,0.1701772348023951,0.1790132625028491,0.1567258748691529,0.13276863930514082,0.1453221712145023,0.15160372713580728,0.13052123109810054,0.12223568567424081,0.11170729319564998,0.1073744932655245,0.10851013383944519,0.10543371221865527,0.10658437362872064,0.08861823566257954,0.08556163997855037,0.08825700799934566,0.09000921904225834,0.0930312960408628,0.08446870010811836,0.08230464096413925,0.08350302698090672,0.08074034174205735,0.07911963638616726,0.0777992614894174,0.07666024775244296,0.07566100650001317,0.0747809499152936,0.07400726794730872,0.07333113730419427,0.07274634978966787,0.07224746939027682,0.07183104753494263,0.07149427925469354,0.07123447972116992,0.0710500692948699,0.07093985739629716,0.07090311124920845,0.07093985739629716,0.0710500692948699,0.07123447972116992,0.07149427925469354,0.07183104753494263,0.07224746939027682,0.07274634978966787,0.07333113730419427,0.07400726794730872,0.0747809499152936,0.07566100650001317,0.07666024775244296,0.0777992614894174,0.07911963638616726,0.08074034174205735,0.08350302698090672,0.08230464096413925,0.08446870010811836,0.0930312960408628,0.09000921904225834,0.08825700799934566,0.08556163997855037,0.08861823566257954,0.10658437362872064,0.10543371221865527,0.10851013383944519,0.1073744932655245,0.11170729319564998,0.12223568567424081,0.13052123109810054,0.15160372713580728,0.1453221712145023,0.13276863930514082,0.1567258748691529,0.1790132625028491,0.1701772348023951,0.2089758706279099,0.23180403001606464,0.22211694531142712,0.3038373126182705,0.34449094254523516,0.47958774399012327,0.6131011797115207,0.6637651200871915,1.3143870644271374,1.279788926243782,1.3169159200042486,2.910817138850689,8.485448837280273
4.000414919108152,8.39096212387085,2.738032851368189,1.3021197095513344,1.0991269573569298,0.776552907191217,0.47211727197282016,0.47476958855986595,0.35837354324758053,0.3191337641328573,0.3070255690254271,0.2683256834279746,0.23731377779040486,0.21538400743156672,0.20935046509839594,0.1954496347461827,0.1835143065545708,0.16739785368554294,0.1657007005997002,0.15638484491501004,0.15062216110527515,0.1440889392979443,0.13461285637458786,0.13559565285686404,0.12493074667872861,0.1244121405761689,0.11848453141283244,0.11272760928841308,0.1124314815242542,0.10701449326006696,0.10550727997906506,0.10183998305001296,0.1064866173255723,0.09771713387453929,0.09773875679820776,0.09590227575972676,0.09439182898495346,0.09304029491613619,0.09182393738592509,0.09073148122115526,0.08975442736118566,0.08888648603169713,0.08812233261414804,0.08745759441808332,0.08688848750898615,0.08641177152458113,0.08602512869401835,0.08572639303747565,0.08551408341736533,0.08538709607091732,0.08534491993486881,0.08538709607091732,0.08551408341736533,0.08572639303747565,0.08602512869401835,0.08641177152458113,0.08688848750898615,0.08745759441808332,0.08812233261414804,0.08888648603169713,0.08975442736118566,0.09073148122115526,0.09182393738592509,0.09304029491613619,0.09439182898495346,0.09590227575972676,0.09773875679820776,0.09771713387453929,0.1064866173255723,0.10183998305001296,0.10550727997906506,0.10701449326006696,0.1124314815242542,0.11272760928841308,0.11848453141283244,0.1244121405761689,0.12493074667872861,0.13559565285686404,0.13461285637458786,0.1440889392979443,0.15062216110527515,0.15638484491501004,0.1657007005997002,0.16739785368554294,0.1835143065545708,0.1954496347461827,0.20935046509839594,0.21538400743156672,0.23731377779040486,0.2683256834279746,0.3070255690254271,0.3191337641328573,0.35837354324758053,0.47476958855986595,0.47211727197282016,0.776552907191217,1.0991269573569298,1.3021197095513344,2.738032851368189,8.39096212387085
8.125494629144669,6.661869391798973,3.6411849446594715,1.6760539580136538,1.1714724879711866,0.8909163782373071,0.6809300854802132,0.5935658318921924,0.5262314798310399,0.41748013626784086,0.38944847509264946,0.3627666779793799,0.314779199892655,0.29181023640558124,0.27202360797673464,0.25846400449518114,0.23904344160109758,0.22832759597804397,0.21382085233926773,0.19805536360945553,0.1962850783020258,0.18920109991449863,0.18237560405395925,0.1753702049027197,0.16863718506647274,0.16109858232084662,0.15756054944358766,0.15323829150293022,0.14935941353905946,0.14510865020565689,0.1411923015548382,0.13853745348751545,0.1342347179306671,0.13166006666142493,0.13026915793307126,0.12802255054702982,0.12604441592702642,0.12425640079891309,0.12263959718984552,0.12118313097744249,0.1198782023275271,0.11871758892084472,0.11769486695993692,0.11680452595464885,0.11604194768005982,0.11540290995617397,0.11488457323866896,0.11448407781426795,0.11419937500613742,0.11402911299956031,0.11397246643900871,0.11402911299956031,0.11419937500613742,0.11448407781426795,0.11488457323866896,0.11540290995617397,0.11604194768005982,0.11680452595464885,0.11769486695993692,0.11871758892084472,0.1198782023275271,0.12118313097744249,0.12263959718984552,0.12425640079891309,0.12604441592702642,0.12802255054702982,0.13026915793307126,0.13166006666142493,0.1342347179306671,0.13853745348751545,0.1411923015548382,0.14510865020565689,0.14935941353905946,0.15323829150293022,0.15756054944358766,0.16109858232084662,0.16863718506647274,0.1753702049027197,0.18237560405395925,0.18920109991449863,0.1962850783020258,0.19805536360945553,0.21382085233926773,0.22832759597804397,0.23904344160109758,0.25846400449518114,0.27202360797673464,0.29181023640558124,0.314779199892655,0.3627666779793799,0.38944847509264946,0.41748013626784086,0.5262314798310399,0.5935658318921924,0.6809300854802132,0.8909163782373071,1.1714724879711866,1.6760539580136538,3.6411849446594715,6.661869391798973
2.8393077231012285,7.329469781368971,3.2205736357718706,1.4228669330477715,0.9072655439376831,0.7846764521673322,0.5927790552377701,0.48255667509511113,0.3968988610431552,0.3969943420961499,0.3289550928166136,0.2985171820037067,0.2698495779186487,0.24678652710281312,0.23025104100815952,0.21688186324900016,0.1988010259810835,0.19043436541687697,0.1805563686066307,0.1751451391610317,0.1630485092755407,0.15562089101877064,0.15247679350432009,0.14518394850892946,0.1404531104490161,0.1366821764386259,0.13191907480359077,0.12830314110033214,0.12354421295458451,0.12248631729744375,0.1193858333863318,0.11724012799095362,0.11514649959281087,0.11228868199395947,0.1098834850708954,0.1081520062580239,0.10649901849683374,0.1049893677700311,0.10362153494497761,0.10238876784569584,0.10128470542258583,0.10030288973939605,0.09943786059739068,0.09868518720031716,0.09804025624180213,0.09750026086112484,0.09706220112275332,0.09672377165406942,0.09648315736558288,0.0963393715210259,0.09629148803651333,0.0963393715210259,0.09648315736558288,0.09672377165406942,0.09706220112275332,0.09750026086112484,0.09804025624180213,0.09868518720031716,0.09943786059739068,0.10030288973939605,0.10128470542258583,0.10238876784569584,0.10362153494497761,0.1049893677700311,0.10649901849683374,0.1081520062580239,0.1098834850708954,0.11228868199395947,0.11514649959281087,0.11724012799095362,0.1193858333863318,0.12248631729744375,0.12354421295458451,0.12830314110033214,0.13191907480359077,0.1366821764386259,0.1404531104490161,0.14518394850892946,0.15247679350432009,0.15562089101877064,0.1630485092755407,0.1751451391610317,0.1805563686066307,0.19043436541687697,0.1988010259810835,0.21688186324900016,0.23025104100815952,0.24678652710281312,0.2698495779186487,0.2985171820037067,0.3289550928166136,0.3969943420961499,0.3968988610431552,0.48255667509511113,0.5927790552377701,0.7846764521673322,0.9072655439376831,1.4228669330477715,3.2205736357718706,7.329469781368971
6.192506252788007,7.578294515609741,4.197143591940403,2.021949445363134,1.35530954785645,1.1555828461423516,0.7694842107594013,0.6163499024696648,0.571686471812427,0.4382920516654849,0.36368462815880775,0.31116679077968,0.32200936786830425,0.3086892291903496,0.26011586748063564,0.24395629530772567,0.21480668522417545,0.20110294362530112,0.19138809479773045,0.18317763111554086,0.17448651790618896,0.16672890214249492,0.1598289620014839,0.14979724638396874,0.1465258332900703,0.1400641583604738,0.13866208965191618,0.13813122874125838,0.131262133421842,0.12526110117323697,0.12348420667694882,0.11957980244187638,0.11603904241928831,0.11414994683582336,0.11255824234103784,0.11094148003030568,0.10933028440922499,0.1078338396619074,0.10646471186191775,0.10522282574675046,0.10410536392009817,0.10310850982205011,0.10222810346749611,0.10146046377485618,0.10080218588700518,0.10025009847595356,0.09980186709435657,0.09945537490420975,0.09920898015843704,0.09906162420520559,0.09901260491460562,0.09906162420520559,0.09920898015843704,0.09945537490420975,0.09980186709435657,0.10025009847595356,0.10080218588700518,0.10146046377485618,0.10222810346749611,0.10310850982205011,0.10410536392009817,0.10522282574675046,0.10646471186191775,0.1078338396619074,0.10933028440922499,0.11094148003030568,0.11255824234103784,0.11414994683582336,0.11603904241928831,0.11957980244187638,0.12348420667694882,0.12526110117323697,0.131262133421842,0.13813122874125838,0.13866208965191618,0.1400641583604738,0.1465258332900703,0.14979724638396874,0.1598289620014839,0.16672890214249492,0.17448651790618896,0.18317763111554086,0.19138809479773045,0.20110294362530112,0.21480668522417545,0.24395629530772567,0.26011586748063564,0.3086892291903496,0.32200936786830425,0.31116679077968,0.36368462815880775,0.4382920516654849,0.571686471812427,0.6163499024696648,0.7694842107594013,1.1555828461423516,1.35530954785645,2.021949445363134,4.197143591940403,7.578294515609741
2.92934447620064,8.323585033416748,6.084409810602665,4.480947993695736,3.6478628367185593,2.793747060932219,1.9163974672555923,1.5220872350037098,1.159273236989975,0.8489834815263748,0.6353605795302428,0.5854587177745998,0.5703242127783597,0.4223709187936038,0.3880815710872412,0.32508279336616397,0.33788260258734226,0.30856340209720656,0.2634226882364601,0.24951185600366443,0.23219270701520145,0.23740809736773372,0.23883163882419467,0.21106518583837897,0.203473741421476,0.18431290867738426,0.1932986022438854,0.18048167618690059,0.18053291970863938,0.17289531510323286,0.16322682006284595,0.1585048718843609,0.15509414358530194,0.15220258990302682,0.1482127237250097,0.14566135505447164,0.14341823739232495,0.14138580404687673,0.13954420160735026,0.13788275321712717,0.13639243500074372,0.13506588275777176,0.13389602076495066,0.13287719304207712,0.13200434937607497,0.13127307046670467,0.13067935296567157,0.13022068393183872,0.12989466782892123,0.12969958496978506,0.12963468208909035,0.12969958496978506,0.12989466782892123,0.13022068393183872,0.13067935296567157,0.13127307046670467,0.13200434937607497,0.13287719304207712,0.13389602076495066,0.13506588275777176,0.13639243500074372,0.13788275321712717,0.13954420160735026,0.14138580404687673,0.14341823739232495,0.14566135505447164,0.1482127237250097,0.15220258990302682,0.15509414358530194,0.1585048718843609,0.16322682006284595,0.17289531510323286,0.18053291970863938,0.18048167618690059,0.1932986022438854,0.18431290867738426,0.203473741421476,0.21106518583837897,0.23883163882419467,0.23740809736773372,0.23219270701520145,0.24951185600366443,0.2634226882364601,0.30856340209720656,0.33788260258734226,0.32508279336616397,0.3880815710872412,0.4223709187936038,0.5703242127783597,0.5854587177745998,0.6353605795302428,0.8489834815263748,1.159273236989975,1.5220872350037098,1.9163974672555923,2.793747060932219,3.6478628367185593,4.480947993695736,6.084409810602665,8.323585033416748
7.67766984552145,8.88539633154869,7.182329297065735,4.744150970131159,2.864777723327279,2.91735483892262,1.6020767837762833,1.5398942530155182,0.9556409940123558,0.6522087510675192,0.6645208839327097,0.561912888661027,0.5413590706884861,0.43946515762945637,0.3554947432130575,0.3668147111311555,0.3827397124841809,0.2989303576759994,0.302906995639205,0.27226226864149794,0.25126844947226346,0.2468393794260919,0.23167310887947679,0.20617702463641763,0.20504662697203457,0.19425271172076464,0.21008540829643607,0.18577131372876465,0.19274684274569154,0.18909760937094688,0.16994155338034034,0.15819415519945323,0.1700210029957816,0.1664500697515905,0.15995519293937832,0.15703137347009033,0.1545538331847638,0.152341244276613,0.15035286115016788,0.1485670175170526,0.14696989639196545,0.14555064169690013,0.14430017117410898,0.1432121901307255,0.14228018454741687,0.14149948162958026,0.14086607459466904,0.14037667028605938,0.140028822934255,0.1398206758312881,0.13975143618881702,0.1398206758312881,0.140028822934255,0.14037667028605938,0.14086607459466904,0.14149948162958026,0.14228018454741687,0.1432121901307255,0.14430017117410898,0.14555064169690013,0.14696989639196545,0.1485670175170526,0.15035286115016788,0.152341244276613,0.1545538331847638,0.15703137347009033,0.15995519293937832,0.1664500697515905,0.1700210029957816,0.15819415519945323,0.16994155338034034,0.18909760937094688,0.19274684274569154,0.18577131372876465,0.21008540829643607,0.19425271172076464,0.20504662697203457,0.20617702463641763,0.23167310887947679,0.2468393794260919,0.25126844947226346,0.27226226864149794,0.302906995639205,0.2989303576759994,0.3827397124841809,0.3668147111311555,0.3554947432130575,0.43946515762945637,0.5413590706884861,0.561912888661027,0.6645208839327097,0.6522087510675192,0.9556409940123558,1.5398942530155182,1.6020767837762833,2.91735483892262,2.864777723327279,4.744150970131159,7.182329297065735,8.88539633154869
8.212225211784244,8.143854811787605,4.751235119998455,2.4286690652370453,2.4318553637713194,1.814859482459724,1.4718967340886593,0.8682650588452816,0.6624258616939187,0.6245538983494043,0.5352234868332744,0.4659129586070776,0.42133135721087456,0.3612628113478422,0.32921740238089114,0.33614551834762096,0.2704494656063616,0.24768298637354746,0.23048605042276904,0.21397366118617356,0.20878570689819753,0.19696484971791506,0.19204142538364977,0.18002396961674094,0.1816905956948176,0.17504229681799188,0.1704632060136646,0.16543944529257715,0.1603740134742111,0.1411090799374506,0.1511067653191276,0.13776036025956273,0.13420137873617932,0.13179970647615846,0.13169274001847953,0.12893469294067472,0.1269221974653192,0.12511363462544978,0.12347295874496922,0.12198917826754041,0.12065484074992128,0.11946402474859497,0.11841108978842385,0.1174908466564375,0.11669968628120841,0.11603384924092097,0.11549023586485418,0.11506688910958474,0.11476242114258639,0.1145764279881405,0.11451226659119129,0.1145764279881405,0.11476242114258639,0.11506688910958474,0.11549023586485418,0.11603384924092097,0.11669968628120841,0.1174908466564375,0.11841108978842385,0.11946402474859497,0.12065484074992128,0.12198917826754041,0.12347295874496922,0.12511363462544978,0.1269221974653192,0.12893469294067472,0.13169274001847953,0.13179970647615846,0.13420137873617932,0.13776036025956273,0.1511067653191276,0.1411090799374506,0.1603740134742111,0.16543944529257715,0.1704632060136646,0.17504229681799188,0.1816905956948176,0.18002396961674094,0.19204142538364977,0.19696484971791506,0.20878570689819753,0.21397366118617356,0.23048605042276904,0.24768298637354746,0.2704494656063616,0.33614551834762096,0.32921740238089114,0.3612628113478422,0.42133135721087456,0.4659129586070776,0.5352234868332744,0.6245538983494043,0.6624258616939187,0.8682650588452816,1.4718967340886593,1.814859482459724,2.4318553637713194,2.4286690652370453,4.751235119998455,8.143854811787605
8.272440314292908,7.453346172347665,3.7188567146658897,2.4492652267217636,1.3916250988841057,1.528545618057251,1.0549007169902325,0.7599895969033241,0.6524281022138894,0.46092270826920867,0.4302502740174532,0.46379914227873087,0.36700553249102086,0.33608862617984414,0.29678744287230074,0.28248315636301413,0.27526200911961496,0.2485249220044352,0.2442295690998435,0.22807846870273352,0.2196409358875826,0.21403768565505743,0.1999975215876475,0.19474919099593535,0.18876079708570614,0.18311152992828283,0.1704407240031287,0.16788674279814586,0.16757066745776683,0.16106774235959165,0.15615469083422795,0.15288267243886366,0.14982331392820925,0.14740183000685647,0.14404031677986495,0.14165876898914576,0.13943830937205348,0.13743133244861383,0.13562078430550173,0.1339934436036856,0.13253748843999347,0.13124407098075608,0.13010536813089857,0.12911471809638897,0.12826647214751574,0.12755610367821646,0.1269798669818556,0.12653483707254054,0.12621842976295738,0.12602930395587464,0.12596628814935684,0.12602930395587464,0.12621842976295738,0.12653483707254054,0.1269798669818556,0.12755610367821646,0.12826647214751574,0.12911471809638897,0.13010536813089857,0.13124407098075608,0.13253748843999347,0.1339934436036856,0.13562078430550173,0.13743133244861383,0.13943830937205348,0.14165876898914576,0.14404031677986495,0.14740183000685647,0.14982331392820925,0.15288267243886366,0.15615469083422795,0.16106774235959165,0.16757066745776683,0.16788674279814586,0.1704407240031287,0.18311152992828283,0.18876079708570614,0.19474919099593535,0.1999975215876475,0.21403768565505743,0.2196409358875826,0.22807846870273352,0.2442295690998435,0.2485249220044352,0.27526200911961496,0.28248315636301413,0.29678744287230074,0.33608862617984414,0.36700553249102086,0.46379914227873087,0.4302502740174532,0.46092270826920867,0.6524281022138894,0.7599895969033241,1.0549007169902325,1.528545618057251,1.3916250988841057,2.4492652267217636,3.7188567146658897,7.453346172347665
6.640349799301475,6.919998526573181,3.405576966702938,1.9120128192007542,1.0528228199109435,0.7782140765339136,0.7057441398501396,0.6012438898906112,0.53083929233253,0.40500735538080335,0.3685306180268526,0.3279546541161835,0.30104277562350035,0.265816631144844,0.25585182127542794,0.22686037432868034,0.22225039545446634,0.202822849387303,0.19842739636078477,0.18539562611840665,0.1765674096532166,0.16730144707253203,0.16080765752121806,0.1579683487652801,0.1496315608965233,0.1432174041401595,0.14337886945577338,0.1378656379529275,0.13355769769987091,0.13199007854564115,0.13036716519854963,0.12649817974306643,0.12224865413736552,0.12026639439864084,0.11853951640659943,0.11647376220207661,0.11465726955793798,0.11301936663221568,0.11154180223820731,0.11021288752090186,0.10902388574322686,0.10796734702307731,0.10703691758681089,0.10622729669557884,0.10553424415411428,0.10495366278337315,0.10448274260852486,0.1041189797106199,0.10386044543702155,0.10370584583142772,0.10365439392626286,0.10370584583142772,0.10386044543702155,0.1041189797106199,0.10448274260852486,0.10495366278337315,0.10553424415411428,0.10622729669557884,0.10703691758681089,0.10796734702307731,0.10902388574322686,0.11021288752090186,0.11154180223820731,0.11301936663221568,0.11465726955793798,0.11647376220207661,0.11853951640659943,0.12026639439864084,0.12224865413736552,0.12649817974306643,0.13036716519854963,0.13199007854564115,0.13355769769987091,0.1378656379529275,0.14337886945577338,0.1432174041401595,0.1496315608965233,0.1579683487652801,0.16080765752121806,0.16730144707253203,0.1765674096532166,0.18539562611840665,0.19842739636078477,0.202822849387303,0.22225039545446634,0.22686037432868034,0.25585182127542794,0.265816631144844,0.30104277562350035,0.3279546541161835,0.3685306180268526,0.40500735538080335,0.53083929233253,0.6012438898906112,0.7057441398501396,0.7782140765339136,1.0528228199109435,1.9120128192007542,3.405576966702938,6.919998526573181
5.0968585209921,7.320134615525603,2.652190428227186,1.643456980586052,1.2519993903115392,0.8397907335311174,0.5070920744910836,0.5483456887304783,0.4230846334248781,0.34856566274538636,0.32183253299444914,0.2895997466985136,0.2513038715114817,0.2386482887668535,0.2274750240612775,0.2086329247104004,0.19791732297744602,0.1824202889110893,0.1763210407225415,0.16644034994533285,0.15838437475031242,0.15079482889268547,0.14665439981035888,0.14327220019185916,0.13791002583457157,0.13501583237666637,0.12948114931350574,0.12489566375734285,0.1225108815706335,0.11845843167975545,0.11692918022163212,0.1144655118114315,0.11173110135132447,0.10952771187294275,0.10778708080761135,0.10593498905654997,0.10431378806242719,0.10284717642934993,0.1015212825150229,0.10032704105833545,0.09925712901167572,0.0983055779361166,0.09746690711472183,0.09673679288243875,0.09611148852854967,0.09558754140743986,0.09516243211692199,0.09483399929013103,0.09460049163317308,0.09446088713593781,0.09441432356834412,0.09446088713593781,0.09460049163317308,0.09483399929013103,0.09516243211692199,0.09558754140743986,0.09611148852854967,0.09673679288243875,0.09746690711472183,0.0983055779361166,0.09925712901167572,0.10032704105833545,0.1015212825150229,0.10284717642934993,0.10431378806242719,0.10593498905654997,0.10778708080761135,0.10952771187294275,0.11173110135132447,0.1144655118114315,0.11692918022163212,0.11845843167975545,0.1225108815706335,0.12489566375734285,0.12948114931350574,0.13501583237666637,0.13791002583457157,0.14327220019185916,0.14665439981035888,0.15079482889268547,0.15838437475031242,0.16644034994533285,0.1763210407225415,0.1824202889110893,0.19791732297744602,0.2086329247104004,0.2274750240612775,0.2386482887668535,0.2513038715114817,0.2895997466985136,0.32183253299444914,0.34856566274538636,0.4230846334248781,0.5483456887304783,0.5070920744910836,0.8397907335311174,1.2519993903115392,1.643456980586052,2.652190428227186,7.320134615525603
5.122596636414528,6.108983259648085,4.3901015520095825,1.8902450799942017,1.5688967145979404,0.8687490429729223,0.8954990990459919,0.7001828225329518,0.5607538362964988,0.45352274365723133,0.396284400485456,0.3465472396928817,0.344474196434021,0.3164417715743184,0.2959177540615201,0.2757573891431093,0.24997531296685338,0.22252907371148467,0.21891446388326585,0.20938451227266341,0.19765341677702963,0.17924194689840078,0.18334793346002698,0.16896446666214615,0.16835751268081367,0.16137622529640794,0.1539156453218311,0.14508679136633873,0.14553450653329492,0.1427542872261256,0.1399347964907065,0.13547512411605567,0.13518369873054326,0.1312438037712127,0.12760738015640527,0.12593449535779655,0.12410466000437737,0.12239409168250859,0.12082937185186893,0.11941190110519528,0.1181384091032669,0.11700347950682044,0.11600218690000474,0.11512961413245648,0.1143818770069629,0.1137550842249766,0.11324649024754763,0.11285338271409273,0.11257392226252705,0.1124067862983793,0.11235113255679607,0.1124067862983793,0.11257392226252705,0.11285338271409273,0.11324649024754763,0.1137550842249766,0.1143818770069629,0.11512961413245648,0.11600218690000474,0.11700347950682044,0.1181384091032669,0.11941190110519528,0.12082937185186893,0.12239409168250859,0.12410466000437737,0.12593449535779655,0.12760738015640527,0.1312438037712127,0.13518369873054326,0.13547512411605567,0.1399347964907065,0.1427542872261256,0.14553450653329492,0.14508679136633873,0.1539156453218311,0.16137622529640794,0.16835751268081367,0.16896446666214615,0.18334793346002698,0.17924194689840078,0.19765341677702963,0.20938451227266341,0.21891446388326585,0.22252907371148467,0.24997531296685338,0.2757573891431093,0.2959177540615201,0.3164417715743184,0.344474196434021,0.3465472396928817,0.396284400485456,0.45352274365723133,0.5607538362964988,0.7001828225329518,0.8954990990459919,0.8687490429729223,1.5688967145979404,1.8902450799942017,4.3901015520095825,6.108983259648085
5.160910852253437,6.239019080996513,3.980915930122137,2.2163774892687798,1.4215369918383658,1.4819019013084471,1.045848861336708,0.7593543310649693,0.5640028086490929,0.5055166138336062,0.40866796486079693,0.3858975215116516,0.30864098272286355,0.2609278372256085,0.25775813218206167,0.23412583069875836,0.25954402424395084,0.22403953946195543,0.1931025288067758,0.1964269275777042,0.17926913662813604,0.16190379194449633,0.17309296200983226,0.15741379439714365,0.15606427658349276,0.1478498058859259,0.16131690819747746,0.14500998303992674,0.13378470612224191,0.13769031752599403,0.13489628734532744,0.12340479448903352,0.12133050756528974,0.12034431414213032,0.11595184460747987,0.1142190431128256,0.11252923111896962,0.11096707015531138,0.1095423647784628,0.10825343150645494,0.10709578532259911,0.10606456571258605,0.10515478550223634,0.10436241253046319,0.10368322354042903,0.10311413131421432,0.10265215765684843,0.10229521204018965,0.10204141587018967,0.10188963415566832,0.10183927603065968,0.10188963415566832,0.10204141587018967,0.10229521204018965,0.10265215765684843,0.10311413131421432,0.10368322354042903,0.10436241253046319,0.10515478550223634,0.10606456571258605,0.10709578532259911,0.10825343150645494,0.1095423647784628,0.11096707015531138,0.11252923111896962,0.1142190431128256,0.11595184460747987,0.12034431414213032,0.12133050756528974,0.12340479448903352,0.13489628734532744,0.13769031752599403,0.13378470612224191,0.14500998303992674,0.16131690819747746,0.1478498058859259,0.15606427658349276,0.15741379439714365,0.17309296200983226,0.16190379194449633,0.17926913662813604,0.1964269275777042,0.1931025288067758,0.22403953946195543,0.25954402424395084,0.23412583069875836,0.25775813218206167,0.2609278372256085,0.30864098272286355,0.3858975215116516,0.40866796486079693,0.5055166138336062,0.5640028086490929,0.7593543310649693,1.045848861336708,1.4819019013084471,1.4215369918383658,2.2163774892687798,3.980915930122137,6.239019080996513
6.511303301900625,6.847922153770924,3.984797812998295,1.9576244670897722,1.716806199401617,1.330382579471916,0.8339826073497534,0.7240369720384479,0.5343657527118921,0.4761679517105222,0.3217971692793071,0.2984812839422375,0.2815273111918941,0.262388362782076,0.25376374553889036,0.23515953356400132,0.21110640256665647,0.20000445074401796,0.19178411876782775,0.18631669972091913,0.17276043258607388,0.1705779115727637,0.1628688796190545,0.15468474861700088,0.1434422272723168,0.14413664175663143,0.13945169211365283,0.13967013062210754,0.13291001442121342,0.1279734093695879,0.12481118849245831,0.11963800305966288,0.11899346765130758,0.11572225525742397,0.1129732996923849,0.11091575137106702,0.10921386652626097,0.10768909641774371,0.10631304263370112,0.10507309838430956,0.10396193119231611,0.10297279671067372,0.10210097301751375,0.10134134470717981,0.10069044193369336,0.10014499688986689,0.09970214532222599,0.09935992749524303,0.09911661350633949,0.09897114438354038,0.09892275370657444,0.09897114438354038,0.09911661350633949,0.09935992749524303,0.09970214532222599,0.10014499688986689,0.10069044193369336,0.10134134470717981,0.10210097301751375,0.10297279671067372,0.10396193119231611,0.10507309838430956,0.10631304263370112,0.10768909641774371,0.10921386652626097,0.11091575137106702,0.1129732996923849,0.11572225525742397,0.11899346765130758,0.11963800305966288,0.12481118849245831,0.1279734093695879,0.13291001442121342,0.13967013062210754,0.13945169211365283,0.14413664175663143,0.1434422272723168,0.15468474861700088,0.1628688796190545,0.1705779115727637,0.17276043258607388,0.18631669972091913,0.19178411876782775,0.20000445074401796,0.21110640256665647,0.23515953356400132,0.25376374553889036,0.262388362782076,0.2815273111918941,0.2984812839422375,0.3217971692793071,0.4761679517105222,0.5343657527118921,0.7240369720384479,0.8339826073497534,1.330382579471916,1.716806199401617,1.9576244670897722,3.984797812998295,6.847922153770924
8.080332819372416,7.496498674154282,3.62103121727705,1.6645469483919442,1.3846982344985008,1.1244690690655261,0.8501149928197265,0.6072009578347206,0.5302141737192869,0.49485185323283076,0.43048007413744926,0.3821810968220234,0.32949951849877834,0.3248505303636193,0.3050507213920355,0.2848718701861799,0.26787071861326694,0.25341801112517715,0.2409745822660625,0.2291022459976375,0.21701373578980565,0.20385095896199346,0.20106034073978662,0.1919990493915975,0.18859546026214957,0.18030440947040915,0.17302736034616828,0.17315914062783122,0.16788739757612348,0.16267790086567402,0.15430165641009808,0.15399355068802834,0.1486181323416531,0.14767689909785986,0.14450545562431216,0.1424350426532328,0.14036864670924842,0.13845268893055618,0.13670222857035697,0.13511652406305075,0.13369082938879728,0.13242000387981534,0.13129806006327271,0.1303202740382403,0.12948181107640266,0.12877919571474195,0.1282085576094687,0.12776755657978356,0.12745395652018487,0.1272664440330118,0.12720391619950533,0.1272664440330118,0.12745395652018487,0.12776755657978356,0.1282085576094687,0.12877919571474195,0.12948181107640266,0.1303202740382403,0.13129806006327271,0.13242000387981534,0.13369082938879728,0.13511652406305075,0.13670222857035697,0.13845268893055618,0.14036864670924842,0.1424350426532328,0.14450545562431216,0.14767689909785986,0.1486181323416531,0.15399355068802834,0.15430165641009808,0.16267790086567402,0.16788739757612348,0.17315914062783122,0.17302736034616828,0.18030440947040915,0.18859546026214957,0.1919990493915975,0.20106034073978662,0.20385095896199346,0.21701373578980565,0.2291022459976375,0.2409745822660625,0.25341801112517715,0.26787071861326694,0.2848718701861799,0.3050507213920355,0.3248505303636193,0.32949951849877834,0.3821810968220234,0.43048007413744926,0.49485185323283076,0.5302141737192869,0.6072009578347206,0.8501149928197265,1.1244690690655261,1.3846982344985008,1.6645469483919442,3.62103121727705,7.496498674154282
7.343610048294067,8.566211551427841,2.02319529466331,1.5831539388746023,1.0612122006714344,0.7555659580975771,0.6170829515904188,0.5813338807784021,0.47736517479643226,0.4054935285821557,0.3694006495643407,0.3336754129268229,0.3010819035116583,0.27946019172668457,0.26435496169142425,0.23851623642258346,0.23059728974476457,0.21566655597416684,0.20301753241801634,0.1963610170641914,0.1867723724571988,0.18033844511955976,0.17153094738023356,0.16627871157834306,0.16152765753213316,0.15389302134281024,0.1512571893981658,0.14553760353010148,0.14122242300072685,0.1385471455869265,0.1328624308516737,0.1317264549434185,0.12949820922221988,0.12721994781168178,0.12492732427199371,0.12267888637143187,0.12076406946289353,0.11904531891923398,0.11749656425672583,0.11610433729947545,0.11485835502389818,0.11375096955453046,0.11277560840244405,0.11192661846871488,0.11119981267256662,0.11059076178935356,0.1100968316604849,0.10971512336982414,0.10944377988926135,0.10928161040646955,0.10922756791114807,0.10928161040646955,0.10944377988926135,0.10971512336982414,0.1100968316604849,0.11059076178935356,0.11119981267256662,0.11192661846871488,0.11277560840244405,0.11375096955453046,0.11485835502389818,0.11610433729947545,0.11749656425672583,0.11904531891923398,0.12076406946289353,0.12267888637143187,0.12492732427199371,0.12721994781168178,0.12949820922221988,0.1317264549434185,0.1328624308516737,0.1385471455869265,0.14122242300072685,0.14553760353010148,0.1512571893981658,0.15389302134281024,0.16152765753213316,0.16627871157834306,0.17153094738023356,0.18033844511955976,0.1867723724571988,0.1963610170641914,0.20301753241801634,0.21566655597416684,0.23059728974476457,0.23851623642258346,0.26435496169142425,0.27946019172668457,0.3010819035116583,0.3336754129268229,0.3694006495643407,0.4054935285821557,0.47736517479643226,0.5813338807784021,0.6170829515904188,0.7555659580975771,1.0612122006714344,1.5831539388746023,2.02319529466331,8.566211551427841
8.317840731702745,8.054364681243896,2.880438130348921,1.7351657543331385,1.2761002872139215,1.0176572101190686,0.8369981609284878,0.6480202311649919,0.5578198388684541,0.4877390330657363,0.4628670650999993,0.4075982798822224,0.3709908267483115,0.34298408118775114,0.31969737366307527,0.2932106459629722,0.2836806596023962,0.26528503670124337,0.2530085383041296,0.23966023640241474,0.23122797094401903,0.21924210066208616,0.21203420058009215,0.20603221078636125,0.1991502952587325,0.1906144727836363,0.18552585889119655,0.1796556662011426,0.17512579128379002,0.17008919635554776,0.16636175932944752,0.16284065309446305,0.15928314987104386,0.15676077638636343,0.15392092254478484,0.15130352156120352,0.14896211796440184,0.14684382299310528,0.14493015117477626,0.14320776879321784,0.1416657606314402,0.1402949241164606,0.13908717132289894,0.13803640627884306,0.13713637442560866,0.13638246222399175,0.13577086332952604,0.13529837783426046,0.1349625477741938,0.13476176265976392,0.13469494599848986,0.13476176265976392,0.1349625477741938,0.13529837783426046,0.13577086332952604,0.13638246222399175,0.13713637442560866,0.13803640627884306,0.13908717132289894,0.1402949241164606,0.1416657606314402,0.14320776879321784,0.14493015117477626,0.14684382299310528,0.14896211796440184,0.15130352156120352,0.15392092254478484,0.15676077638636343,0.15928314987104386,0.16284065309446305,0.16636175932944752,0.17008919635554776,0.17512579128379002,0.1796556662011426,0.18552585889119655,0.1906144727836363,0.1991502952587325,0.20603221078636125,0.21203420058009215,0.21924210066208616,0.23122797094401903,0.23966023640241474,0.2530085383041296,0.26528503670124337,0.2836806596023962,0.2932106459629722,0.31969737366307527,0.34298408118775114,0.3709908267483115,0.4075982798822224,0.4628670650999993,0.4877390330657363,0.5578198388684541,0.6480202311649919,0.8369981609284878,1.0176572101190686,1.2761002872139215,1.7351657543331385,2.880438130348921,8.054364681243896
4.566411338746548,7.486580193042755,2.850108288228512,1.3664323557168245,1.0442194622009993,0.8910514849703759,0.6515205251052976,0.524060882627964,0.5061748987063766,0.4304358889348805,0.3779147178865969,0.3218434990849346,0.28836817340925336,0.26515861647203565,0.24734311434440315,0.2367295848671347,0.21779298118781298,0.21188356960192323,0.1924164961092174,0.18403786013368517,0.18220896390266716,0.1668058980430942,0.16374221129808575,0.16076719900593162,0.15108247858006507,0.14751331688603386,0.14192645746516064,0.13729138841154054,0.13475543761160225,0.12924328999361023,0.12790050270268694,0.1252295235171914,0.1231339032528922,0.11888874950818717,0.11724415357457474,0.11524357934831642,0.11347703893261496,0.11187573585630162,0.11042649046430597,0.10912040569382953,0.10794994531170232,0.10690835059358506,0.10599033805192448,0.10519085780833848,0.10450566605868516,0.10393171778559918,0.10346560741163557,0.10310536275574123,0.10284921641869005,0.10269600905303378,0.10264505073428154,0.10269600905303378,0.10284921641869005,0.10310536275574123,0.10346560741163557,0.10393171778559918,0.10450566605868516,0.10519085780833848,0.10599033805192448,0.10690835059358506,0.10794994531170232,0.10912040569382953,0.11042649046430597,0.11187573585630162,0.11347703893261496,0.11524357934831642,0.11724415357457474,0.11888874950818717,0.1231339032528922,0.1252295235171914,0.12790050270268694,0.12924328999361023,0.13475543761160225,0.13729138841154054,0.14192645746516064,0.14751331688603386,0.15108247858006507,0.16076719900593162,0.16374221129808575,0.1668058980430942,0.18220896390266716,0.18403786013368517,0.1924164961092174,0.21188356960192323,0.21779298118781298,0.2367295848671347,0.24734311434440315,0.26515861647203565,0.28836817340925336,0.3218434990849346,0.3779147178865969,0.4304358889348805,0.5061748987063766,0.524060882627964,0.6515205251052976,0.8910514849703759,1.0442194622009993,1.3664323557168245,2.850108288228512,7.486580193042755
8.45081041753292,6.883633196353912,3.0209450349211693,1.7637744061648846,1.5354846809059381,1.208572020754218,1.0192027166485786,0.6051600973587483,0.4973463173955679,0.46713161189109087,0.3518953435122967,0.30295450380072,0.2580389156937599,0.2334902761504054,0.24139329977333546,0.21613573492504656,0.23943868512287736,0.1894614917691797,0.1687869462184608,0.17253320827148855,0.1742406296543777,0.16466180805582553,0.1635611322708428,0.14502648951020092,0.13106978801079094,0.13204701244831085,0.14206520712468773,0.1291598342359066,0.1174282826250419,0.12471914439811371,0.11119888990651816,0.11125356878619641,0.10566234889665793,0.10890327941160649,0.10480661143083125,0.10347318672575057,0.10197191429324448,0.10056787531357259,0.09928335645236075,0.09811966272536665,0.09707410377450287,0.09614229470025748,0.0953202712116763,0.09460395481437445,0.09399001114070415,0.09347555413842201,0.0930579665582627,0.09273522649891675,0.0925057748099789,0.09236856794450432,0.09232302010059357,0.09236856794450432,0.0925057748099789,0.09273522649891675,0.0930579665582627,0.09347555413842201,0.09399001114070415,0.09460395481437445,0.0953202712116763,0.09614229470025748,0.09707410377450287,0.09811966272536665,0.09928335645236075,0.10056787531357259,0.10197191429324448,0.10347318672575057,0.10480661143083125,0.10890327941160649,0.10566234889665793,0.11125356878619641,0.11119888990651816,0.12471914439811371,0.1174282826250419,0.1291598342359066,0.14206520712468773,0.13204701244831085,0.13106978801079094,0.14502648951020092,0.1635611322708428,0.16466180805582553,0.1742406296543777,0.17253320827148855,0.1687869462184608,0.1894614917691797,0.23943868512287736,0.21613573492504656,0.24139329977333546,0.2334902761504054,0.2580389156937599,0.30295450380072,0.3518953435122967,0.46713161189109087,0.4973463173955679,0.6051600973587483,1.0192027166485786,1.208572020754218,1.5354846809059381,1.7637744061648846,3.0209450349211693,6.883633196353912
6.780008037108928,6.517435409128666,3.8403979688882828,2.808684103190899,1.7776331212371588,1.3930264972150326,1.0345371342264116,0.8422042056918144,0.6877748453989625,0.5116145154461265,0.430554399266839,0.37870055716484785,0.36671670945361257,0.2932289023883641,0.30599886924028397,0.2655249529052526,0.2563458480872214,0.2185804028995335,0.22018342779483646,0.20885325619019568,0.21332477836403996,0.2097210109932348,0.19634114275686443,0.18119830079376698,0.17881586262956262,0.16271531931124628,0.16383029986172915,0.16663414635695517,0.15189284598454833,0.1553726438432932,0.15515679260715842,0.1343258621636778,0.14695965079590678,0.13584905420430005,0.13291447306983173,0.13100957497954369,0.12911472702398896,0.1273442367091775,0.12572047486901283,0.12424681684933603,0.12292104330845177,0.12173861498013139,0.12069464474916458,0.11978470510803163,0.1190047669224441,0.11835086275823414,0.11781998607330024,0.11740976478904486,0.11711810994893312,0.11694348137825727,0.11688561318442225,0.11694348137825727,0.11711810994893312,0.11740976478904486,0.11781998607330024,0.11835086275823414,0.1190047669224441,0.11978470510803163,0.12069464474916458,0.12173861498013139,0.12292104330845177,0.12424681684933603,0.12572047486901283,0.1273442367091775,0.12911472702398896,0.13100957497954369,0.13291447306983173,0.13584905420430005,0.14695965079590678,0.1343258621636778,0.15515679260715842,0.1553726438432932,0.15189284598454833,0.16663414635695517,0.16383029986172915,0.16271531931124628,0.17881586262956262,0.18119830079376698,0.19634114275686443,0.2097210109932348,0.21332477836403996,0.20885325619019568,0.22018342779483646,0.2185804028995335,0.2563458480872214,0.2655249529052526,0.30599886924028397,0.2932289023883641,0.36671670945361257,0.37870055716484785,0.430554399266839,0.5116145154461265,0.6877748453989625,0.8422042056918144,1.0345371342264116,1.3930264972150326,1.7776331212371588,2.808684103190899,3.8403979688882828,6.517435409128666
8.526922347024083,6.793327048420906,3.5137230306863785,2.1409624721854925,1.4957528347149491,1.3990532383322716,0.7847394431009889,0.703995986841619,0.5839082561433315,0.48577414033934474,0.41153570148162544,0.39317047223448753,0.351420309394598,0.336261248216033,0.3089735829271376,0.28944519092328846,0.2684218864887953,0.2563498131930828,0.24043085472658277,0.23931419919244945,0.21626540133729577,0.2078117469791323,0.20209536026231945,0.19754898315295577,0.18854110850952566,0.18139686062932014,0.17221694835461676,0.17409200803376734,0.16859380016103387,0.16702009248547256,0.1591565574053675,0.1592118674889207,0.15339180664159358,0.1463570138439536,0.1454939675750211,0.14343697030562907,0.14139555569272488,0.13948616397101432,0.13773314212448895,0.13614096899982542,0.13470727333333343,0.1334280741866678,0.13229788094758987,0.13131276005879045,0.1304679790046066,0.12975947035010904,0.12918428075499833,0.12873956467956305,0.12842342141084373,0.1282343432540074,0.12817135639488697,0.1282343432540074,0.12842342141084373,0.12873956467956305,0.12918428075499833,0.12975947035010904,0.1304679790046066,0.13131276005879045,0.13229788094758987,0.1334280741866678,0.13470727333333343,0.13614096899982542,0.13773314212448895,0.13948616397101432,0.14139555569272488,0.14343697030562907,0.1454939675750211,0.1463570138439536,0.15339180664159358,0.1592118674889207,0.1591565574053675,0.16702009248547256,0.16859380016103387,0.17409200803376734,0.17221694835461676,0.18139686062932014,0.18854110850952566,0.19754898315295577,0.20209536026231945,0.2078117469791323,0.21626540133729577,0.23931419919244945,0.24043085472658277,0.2563498131930828,0.2684218864887953,0.28944519092328846,0.3089735829271376,0.336261248216033,0.351420309394598,0.39317047223448753,0.41153570148162544,0.48577414033934474,0.5839082561433315,0.703995986841619,0.7847394431009889,1.3990532383322716,1.4957528347149491,2.1409624721854925,3.5137230306863785,6.793327048420906
9.587919607758522,7.1797836273908615,2.5605551972985268,1.1345100915059447,0.8490904876962304,0.8139953603968024,0.5474984119646251,0.43088248651474714,0.336636915570125,0.27573144366033375,0.24955943529494107,0.21810861607082188,0.21336885588243604,0.18819476559292525,0.17553289991337806,0.1603281294228509,0.15898082870990038,0.14734608540311456,0.14211069815792143,0.13290372351184487,0.12247526476858184,0.12257082993164659,0.11546366196125746,0.11334134626667947,0.10804264945909381,0.10288914362899959,0.10104012001829688,0.09781384840607643,0.09544730139896274,0.09240762985427864,0.09030553710181266,0.08954088587779552,0.08539761888096109,0.08617332670837641,0.08458524447632954,0.08284412964712828,0.0814858031226322,0.08029405822162516,0.07923063149792142,0.07827936235116795,0.07743065315298736,0.07667786395177245,0.07601578594767489,0.07543998470646329,0.07494724483694881,0.07453470909968019,0.07420026781619526,0.07394181427662261,0.07375820618472062,0.07364838806097396,0.07361181452870369,0.07364838806097396,0.07375820618472062,0.07394181427662261,0.07420026781619526,0.07453470909968019,0.07494724483694881,0.07543998470646329,0.07601578594767489,0.07667786395177245,0.07743065315298736,0.07827936235116795,0.07923063149792142,0.08029405822162516,0.0814858031226322,0.08284412964712828,0.08458524447632954,0.08617332670837641,0.08539761888096109,0.08954088587779552,0.09030553710181266,0.09240762985427864,0.09544730139896274,0.09781384840607643,0.10104012001829688,0.10288914362899959,0.10804264945909381,0.11334134626667947,0.11546366196125746,0.12257082993164659,0.12247526476858184,0.13290372351184487,0.14211069815792143,0.14734608540311456,0.15898082870990038,0.1603281294228509,0.17553289991337806,0.18819476559292525,0.21336885588243604,0.21810861607082188,0.24955943529494107,0.27573144366033375,0.336636915570125,0.43088248651474714,0.5474984119646251,0.8139953603968024,0.8490904876962304,1.1345100915059447,2.5605551972985268,7.1797836273908615
7.4243686981499195,8.129280537366867,2.946344841271639,1.9127733632922173,1.0855748038738966,0.872860187664628,0.7604931741952896,0.6835522295441478,0.5442827362567186,0.49411592399701476,0.44419561699032784,0.3963827706174925,0.36257490376010537,0.3431085301563144,0.31958644441328943,0.2983331679715775,0.28349114127922803,0.26838107127696276,0.25330201094038785,0.24144338117912412,0.23216610500821844,0.2227090604719706,0.21305427234619856,0.20632191695040092,0.1996204974129796,0.19092962151626125,0.18770542042329907,0.1822285146045033,0.17658324242802337,0.1725818271515891,0.16803211177466437,0.16351517738075927,0.16174484114162624,0.1576109842862934,0.1551236283266917,0.15260085981572047,0.15028753934893757,0.14818126638419926,0.1462725144228898,0.14455150801222771,0.14300883340183645,0.14163634472060949,0.14042651100317016,0.139373260026332,0.13847088388865814,0.13771488331258297,0.1371013123425655,0.1366273250314407,0.13629030477022752,0.136088888742961,0.1360217509791255,0.136088888742961,0.13629030477022752,0.1366273250314407,0.1371013123425655,0.13771488331258297,0.13847088388865814,0.139373260026332,0.14042651100317016,0.14163634472060949,0.14300883340183645,0.14455150801222771,0.1462725144228898,0.14818126638419926,0.15028753934893757,0.15260085981572047,0.1551236283266917,0.1576109842862934,0.16174484114162624,0.16351517738075927,0.16803211177466437,0.1725818271515891,0.17658324242802337,0.1822285146045033,0.18770542042329907,0.19092962151626125,0.1996204974129796,0.20632191695040092,0.21305427234619856,0.2227090604719706,0.23216610500821844,0.24144338117912412,0.25330201094038785,0.26838107127696276,0.28349114127922803,0.2983331679715775,0.31958644441328943,0.3431085301563144,0.36257490376010537,0.3963827706174925,0.44419561699032784,0.49411592399701476,0.5442827362567186,0.6835522295441478,0.7604931741952896,0.872860187664628,1.0855748038738966,1.9127733632922173,2.946344841271639,8.129280537366867
10.902957171201706,7.07038633339107,2.6799826696515083,1.162723821704276,1.025737109594047,0.6984802018851042,0.5694143465952948,0.4879524172283709,0.43338673235848546,0.3849522792734206,0.3408676949329674,0.3072788342833519,0.2708514948608354,0.25334258473594673,0.2363359747978393,0.2221657802874688,0.20704868744360283,0.19693123595789075,0.18463141948450357,0.178446432997589,0.16982710134470835,0.16165101202204823,0.15619374832022004,0.15074734546942636,0.14612087100977078,0.14044377974641975,0.1359870762389619,0.13241977615689393,0.12886234837060329,0.12579268935951404,0.12237350475334097,0.12110788098652847,0.11728941801993642,0.11513098052091664,0.11344656853179913,0.11147703870665282,0.10974905444163596,0.10818957364972448,0.10678170058963588,0.10551467214827426,0.10438047934439965,0.1033722419233527,0.10248398109251866,0.10171104127948638,0.10104902563762153,0.10049459119909443,0.10004463679069886,0.09969706895935815,0.09944998556602513,0.09930229072779184,0.09925313293933868,0.09930229072779184,0.09944998556602513,0.09969706895935815,0.10004463679069886,0.10049459119909443,0.10104902563762153,0.10171104127948638,0.10248398109251866,0.1033722419233527,0.10438047934439965,0.10551467214827426,0.10678170058963588,0.10818957364972448,0.10974905444163596,0.11147703870665282,0.11344656853179913,0.11513098052091664,0.11728941801993642,0.12110788098652847,0.12237350475334097,0.12579268935951404,0.12886234837060329,0.13241977615689393,0.1359870762389619,0.14044377974641975,0.14612087100977078,0.15074734546942636,0.15619374832022004,0.16165101202204823,0.16982710134470835,0.178446432997589,0.18463141948450357,0.19693123595789075,0.20704868744360283,0.2221657802874688,0.2363359747978393,0.25334258473594673,0.2708514948608354,0.3072788342833519,0.3408676949329674,0.3849522792734206,0.43338673235848546,0.4879524172283709,0.5694143465952948,0.6984802018851042,1.025737109594047,1.162723821704276,2.6799826696515083,7.07038633339107
4.761400838382542,7.561183869838715,3.669156428426504,2.1219780445098877,1.5750843919813633,1.246809622272849,0.9489855244755745,0.8142054975032806,0.7463265247642994,0.6659910697489977,0.5936609972268343,0.5386273488402367,0.48070420138537884,0.4524579457938671,0.4210064448416233,0.39553483854979277,0.3705053301528096,0.34781421534717083,0.3322268929332495,0.3201792612671852,0.3043865254148841,0.29146851133555174,0.2811350831761956,0.2702047466300428,0.2623432860709727,0.2529881582595408,0.24587354436516762,0.23712963284924626,0.232138155028224,0.22685670712962747,0.22105802781879902,0.21618824684992433,0.2110287039540708,0.20771687850356102,0.2042338978499174,0.20072657288983464,0.19762779818847775,0.19482842087745667,0.19229966029524803,0.19002342596650124,0.18798522604629397,0.18617314053699374,0.1845766417682171,0.1831869799643755,0.18199686985462904,0.18100003339350224,0.18019111035391688,0.17956617847085,0.1791219455190003,0.1788563379086554,0.1787679437547922,0.1788563379086554,0.1791219455190003,0.17956617847085,0.18019111035391688,0.18100003339350224,0.18199686985462904,0.1831869799643755,0.1845766417682171,0.18617314053699374,0.18798522604629397,0.19002342596650124,0.19229966029524803,0.19482842087745667,0.19762779818847775,0.20072657288983464,0.2042338978499174,0.20771687850356102,0.2110287039540708,0.21618824684992433,0.22105802781879902,0.22685670712962747,0.232138155028224,0.23712963284924626,0.24587354436516762,0.2529881582595408,0.2623432860709727,0.2702047466300428,0.2811350831761956,0.29146851133555174,0.3043865254148841,0.3201792612671852,0.3322268929332495,0.34781421534717083,0.3705053301528096,0.39553483854979277,0.4210064448416233,0.4524579457938671,0.48070420138537884,0.5386273488402367,0.5936609972268343,0.6659910697489977,0.7463265247642994,0.8142054975032806,0.9489855244755745,1.246809622272849,1.5750843919813633,2.1219780445098877,3.669156428426504,7.561183869838715
11.302549093961716,6.644256807863712,1.725469110533595,1.2553498428314924,0.799650028347969,0.6012377843726426,0.4522845847532153,0.41530868597328663,0.3699880086351186,0.29061471321620047,0.24697583727538586,0.2357534512411803,0.20320292562246323,0.18901265994645655,0.180678631644696,0.16316591430222616,0.15913485817145556,0.1438303483882919,0.13806099980138242,0.13217135437298566,0.12727034569252282,0.12196364579722285,0.11823454138357192,0.1137574726017192,0.110468827013392,0.10529468767344952,0.10203559638466686,0.09752169414423406,0.09704579110257328,0.09535533015150577,0.09309353935532272,0.08953531057341024,0.08911339187761769,0.08642574347322807,0.08564939681673422,0.08392531797289848,0.08256134879775345,0.08135240525007248,0.08026926853926852,0.07929861423326656,0.07843248726567253,0.07766371022444218,0.07698745402740315,0.07639957912033424,0.07589660625671968,0.07547538133803755,0.07513394369743764,0.07487016811501235,0.07468282076297328,0.07457077491562814,0.07453347742557526,0.07457077491562814,0.07468282076297328,0.07487016811501235,0.07513394369743764,0.07547538133803755,0.07589660625671968,0.07639957912033424,0.07698745402740315,0.07766371022444218,0.07843248726567253,0.07929861423326656,0.08026926853926852,0.08135240525007248,0.08256134879775345,0.08392531797289848,0.08564939681673422,0.08642574347322807,0.08911339187761769,0.08953531057341024,0.09309353935532272,0.09535533015150577,0.09704579110257328,0.09752169414423406,0.10203559638466686,0.10529468767344952,0.110468827013392,0.1137574726017192,0.11823454138357192,0.12196364579722285,0.12727034569252282,0.13217135437298566,0.13806099980138242,0.1438303483882919,0.15913485817145556,0.16316591430222616,0.180678631644696,0.18901265994645655,0.20320292562246323,0.2357534512411803,0.24697583727538586,0.29061471321620047,0.3699880086351186,0.41530868597328663,0.4522845847532153,0.6012377843726426,0.799650028347969,1.2553498428314924,1.725469110533595,6.644256807863712
5.161641258746386,7.1467708349227905,3.5567862167954445,2.254378404468298,1.6916564851999283,1.176162545569241,1.0437316410243511,0.8858477026224136,0.7625771872699261,0.6695001590996981,0.6123760920017958,0.5424718912690878,0.5026394817978144,0.4669676497578621,0.43427171651273966,0.4078513467684388,0.3833034047856927,0.36528998240828514,0.3456215998157859,0.32810721825808287,0.31658991426229477,0.3018055548891425,0.2905913572758436,0.2801282089203596,0.27089901082217693,0.2628666665405035,0.2552599189803004,0.24751362204551697,0.24149337969720364,0.23560998775064945,0.2289097704924643,0.2254208172671497,0.2198842503130436,0.21579082449898124,0.2118864138610661,0.20839149644598365,0.2052094591781497,0.20231799455359578,0.19970042631030083,0.19734206283465028,0.19522908981889486,0.19334974559023976,0.1916936682537198,0.19025211362168193,0.18901736568659544,0.18798297783359885,0.1871436843648553,0.18649527989327908,0.186034279409796,0.18575869873166084,0.18566698022186756,0.18575869873166084,0.186034279409796,0.18649527989327908,0.1871436843648553,0.18798297783359885,0.18901736568659544,0.19025211362168193,0.1916936682537198,0.19334974559023976,0.19522908981889486,0.19734206283465028,0.19970042631030083,0.20231799455359578,0.2052094591781497,0.20839149644598365,0.2118864138610661,0.21579082449898124,0.2198842503130436,0.2254208172671497,0.2289097704924643,0.23560998775064945,0.24149337969720364,0.24751362204551697,0.2552599189803004,0.2628666665405035,0.27089901082217693,0.2801282089203596,0.2905913572758436,0.3018055548891425,0.31658991426229477,0.32810721825808287,0.3456215998157859,0.36528998240828514,0.3833034047856927,0.4078513467684388,0.43427171651273966,0.4669676497578621,0.5026394817978144,0.5424718912690878,0.6123760920017958,0.6695001590996981,0.7625771872699261,0.8858477026224136,1.0437316410243511,1.176162545569241,1.6916564851999283,2.254378404468298,3.5567862167954445,7.1467708349227905
7.862548284232616,5.359563134610653,1.7130277045071125,0.9218040322884917,0.7875513350591063,0.518643744289875,0.4299886617809534,0.3708269698545337,0.3224921114742756,0.27817796473391354,0.23858936200849712,0.22052466042805463,0.19854152505286038,0.18303184320393484,0.16976291418541223,0.15850893902825192,0.1473364200355718,0.1403813319047913,0.13207049274933524,0.12704236578429118,0.1208135403576307,0.11494730607955717,0.1121311700262595,0.10718217070098035,0.1034321686020121,0.10058495550765656,0.09746131664724089,0.09417889735777862,0.09079608296451624,0.08915984135819599,0.08746731214341708,0.0849139674755861,0.08373312970797997,0.0817119347047992,0.08053399703931063,0.07907604647334665,0.07782745302392868,0.07670443443203112,0.07569158236583462,0.07478092317614937,0.07396560406778008,0.07324105775478529,0.07260303302609827,0.07204755533894058,0.07157198521599639,0.07117351480701473,0.07085017539793625,0.07060042844022973,0.07042284564158763,0.07031665404065279,0.07028131373226643,0.07031665404065279,0.07042284564158763,0.07060042844022973,0.07085017539793625,0.07117351480701473,0.07157198521599639,0.07204755533894058,0.07260303302609827,0.07324105775478529,0.07396560406778008,0.07478092317614937,0.07569158236583462,0.07670443443203112,0.07782745302392868,0.07907604647334665,0.08053399703931063,0.0817119347047992,0.08373312970797997,0.0849139674755861,0.08746731214341708,0.08915984135819599,0.09079608296451624,0.09417889735777862,0.09746131664724089,0.10058495550765656,0.1034321686020121,0.10718217070098035,0.1121311700262595,0.11494730607955717,0.1208135403576307,0.12704236578429118,0.13207049274933524,0.1403813319047913,0.1473364200355718,0.15850893902825192,0.16976291418541223,0.18303184320393484,0.19854152505286038,0.22052466042805463,0.23858936200849712,0.27817796473391354,0.3224921114742756,0.3708269698545337,0.4299886617809534,0.518643744289875,0.7875513350591063,0.9218040322884917,1.7130277045071125,5.359563134610653
3.3576671411283314,4.584422342479229,1.695883696898818,0.8163145976141095,0.6425300042610615,0.505312574794516,0.4143147193826735,0.35799661045894027,0.31568714370951056,0.28256229776889086,0.25408790551591665,0.22308733477257192,0.20311166963074356,0.18736562051344663,0.17267204052768648,0.16176578815793619,0.15298463369254023,0.14515417243819684,0.13647049374412745,0.1319261871976778,0.125305856927298,0.11926054244395345,0.1149980666814372,0.11086659476859495,0.10715668968623504,0.10314047470455989,0.10028716514352709,0.097739737451775,0.09482911808299832,0.09190395730547607,0.09024378497269936,0.08872766070999205,0.0867999832262285,0.08521846291841939,0.08343165315454826,0.08208722047857009,0.08082964894128963,0.07968528603669256,0.07864942372543737,0.0777163008460775,0.07688058147323318,0.07613739324733615,0.07548273808788508,0.07491277006920427,0.07442464493215084,0.07401587022468448,0.07368412084178999,0.07342787706875242,0.07324571322533302,0.0731368106789887,0.07310052774846554,0.0731368106789887,0.07324571322533302,0.07342787706875242,0.07368412084178999,0.07401587022468448,0.07442464493215084,0.07491277006920427,0.07548273808788508,0.07613739324733615,0.07688058147323318,0.0777163008460775,0.07864942372543737,0.07968528603669256,0.08082964894128963,0.08208722047857009,0.08343165315454826,0.08521846291841939,0.0867999832262285,0.08872766070999205,0.09024378497269936,0.09190395730547607,0.09482911808299832,0.097739737451775,0.10028716514352709,0.10314047470455989,0.10715668968623504,0.11086659476859495,0.1149980666814372,0.11926054244395345,0.125305856927298,0.1319261871976778,0.13647049374412745,0.14515417243819684,0.15298463369254023,0.16176578815793619,0.17267204052768648,0.18736562051344663,0.20311166963074356,0.22308733477257192,0.25408790551591665,0.28256229776889086,0.31568714370951056,0.35799661045894027,0.4143147193826735,0.505312574794516,0.6425300042610615,0.8163145976141095,1.695883696898818,4.584422342479229
3.8487680396065116,3.9092965126037598,0.7488544820807874,0.4689589040353894,0.39362995862029493,0.32015482359565794,0.24353133188560605,0.1993870820151642,0.14517851162236184,0.1680833538994193,0.13179148104973137,0.11999983910936862,0.1051070898247417,0.09805837617022917,0.09183927008416504,0.08674070338020101,0.0806463467888534,0.07515153687563725,0.07179204866406508,0.06868471176130697,0.0650031492987182,0.06270468854927458,0.06048692144395318,0.05785021634073928,0.05687262589344755,0.05432012429810129,0.05252967044361867,0.05117782173329033,0.05011728234239854,0.048986931826220825,0.04778798218467273,0.04667321441229433,0.04612063692184165,0.04477000838960521,0.0437282606435474,0.04311834101099521,0.042484324832912534,0.04189576892531477,0.041358650400070474,0.04087265281123109,0.040436556068016216,0.040048155817203224,0.03970557849970646,0.03940715789212845,0.03915162352495827,0.03893742457148619,0.038763539254432544,0.038629217160632834,0.038533697806997225,0.03847657036385499,0.03845757502131164,0.03847657036385499,0.038533697806997225,0.038629217160632834,0.038763539254432544,0.03893742457148619,0.03915162352495827,0.03940715789212845,0.03970557849970646,0.040048155817203224,0.040436556068016216,0.04087265281123109,0.041358650400070474,0.04189576892531477,0.042484324832912534,0.04311834101099521,0.0437282606435474,0.04477000838960521,0.04612063692184165,0.04667321441229433,0.04778798218467273,0.048986931826220825,0.05011728234239854,0.05117782173329033,0.05252967044361867,0.05432012429810129,0.05687262589344755,0.05785021634073928,0.06048692144395318,0.06270468854927458,0.0650031492987182,0.06868471176130697,0.07179204866406508,0.07515153687563725,0.0806463467888534,0.08674070338020101,0.09183927008416504,0.09805837617022917,0.1051070898247417,0.11999983910936862,0.13179148104973137,0.1680833538994193,0.14517851162236184,0.1993870820151642,0.24353133188560605,0.32015482359565794,0.39362995862029493,0.4689589040353894,0.7488544820807874,3.9092965126037598
2.8361596036702394,2.882685013115406,0.9282502653077245,0.5623751319944859,0.5193413132801652,0.39867229387164116,0.30008593667298555,0.26156898448243737,0.17534768814221025,0.18243887298740447,0.14345857338048518,0.11382237495854497,0.10753526948974468,0.10224643078981899,0.09518278343603015,0.0865377940936014,0.09424945656792261,0.08190585937700234,0.07846570055698976,0.07787334068416385,0.08362263433809858,0.05989960209990386,0.06233783203060739,0.05828757048584521,0.06217376876156777,0.05737781762582017,0.054858466726727784,0.051338276025489904,0.05236646384582855,0.049749945203075185,0.04936803683813196,0.04865774541394785,0.04551608308975119,0.044642014960118104,0.04396528910729103,0.04324653703952208,0.042580507757520536,0.041972655675635906,0.04142133195637143,0.04092360649519833,0.04047746023934451,0.04008054898440605,0.03973070332722273,0.0394259818494902,0.03916515185483149,0.03894663073879201,0.03876921977644088,0.03863216232639388,0.03853475833966513,0.03847648265582393,0.03845708165317774,0.03847648265582393,0.03853475833966513,0.03863216232639388,0.03876921977644088,0.03894663073879201,0.03916515185483149,0.0394259818494902,0.03973070332722273,0.04008054898440605,0.04047746023934451,0.04092360649519833,0.04142133195637143,0.041972655675635906,0.042580507757520536,0.04324653703952208,0.04396528910729103,0.044642014960118104,0.04551608308975119,0.04865774541394785,0.04936803683813196,0.049749945203075185,0.05236646384582855,0.051338276025489904,0.054858466726727784,0.05737781762582017,0.06217376876156777,0.05828757048584521,0.06233783203060739,0.05989960209990386,0.08362263433809858,0.07787334068416385,0.07846570055698976,0.08190585937700234,0.09424945656792261,0.0865377940936014,0.09518278343603015,0.10224643078981899,0.10753526948974468,0.11382237495854497,0.14345857338048518,0.18243887298740447,0.17534768814221025,0.26156898448243737,0.30008593667298555,0.39867229387164116,0.5193413132801652,0.5623751319944859,0.9282502653077245,2.882685013115406
3.6431093961000443,4.515947456471622,2.3164309673011303,1.407268613576889,1.5971236275509,1.361161833629012,0.8014347022399306,0.7530489675700665,0.4867853242903948,0.3367655943147838,0.2643370049772784,0.22918008221313357,0.13526783068664372,0.14033710001967847,0.1433341895462945,0.12516116863116622,0.1354766790755093,0.1143271999899298,0.10847880004439503,0.12211734615266323,0.10997475951444358,0.08854892710223794,0.07447532890364528,0.07012099272105843,0.0787638769543264,0.06679519533645362,0.06550402112770826,0.06368903175462037,0.060770683659939095,0.05723069468513131,0.05552982189692557,0.05643012633663602,0.057656616263557225,0.05182923941174522,0.04889527941122651,0.04689197218976915,0.04583984150667675,0.04498993721790612,0.044255694941966794,0.04360896363505162,0.04303632063965779,0.042530214501312,0.04208515665231971,0.04169729604473105,0.041363863019796554,0.04108280735817971,0.04085250656862627,0.04067189163833973,0.04054019930299546,0.040457134055941424,0.040424592792987823,0.040457134055941424,0.04054019930299546,0.04067189163833973,0.04085250656862627,0.04108280735817971,0.041363863019796554,0.04169729604473105,0.04208515665231971,0.042530214501312,0.04303632063965779,0.04360896363505162,0.044255694941966794,0.04498993721790612,0.04583984150667675,0.04689197218976915,0.04889527941122651,0.05182923941174522,0.057656616263557225,0.05643012633663602,0.05552982189692557,0.05723069468513131,0.060770683659939095,0.06368903175462037,0.06550402112770826,0.06679519533645362,0.0787638769543264,0.07012099272105843,0.07447532890364528,0.08854892710223794,0.10997475951444358,0.12211734615266323,0.10847880004439503,0.1143271999899298,0.1354766790755093,0.12516116863116622,0.1433341895462945,0.14033710001967847,0.13526783068664372,0.22918008221313357,0.2643370049772784,0.3367655943147838,0.4867853242903948,0.7530489675700665,0.8014347022399306,1.361161833629012,1.5971236275509,1.407268613576889,2.3164309673011303,4.515947456471622
4.785735787823796,10.026127189397812,4.54047629237175,2.3431779891252518,2.0658119786530733,1.7496007345616817,1.1695664376020432,1.0814619613811374,0.7770469654351473,0.6682061329483986,0.4914305303245783,0.4547900902107358,0.3777538586873561,0.3718600773718208,0.3582199758384377,0.3002626523375511,0.2873036430682987,0.27286139968782663,0.2661034717457369,0.239056202233769,0.2509437291882932,0.2311586074065417,0.23530259006656706,0.20911927847191691,0.1974889279808849,0.19049302209168673,0.19708126713521779,0.1796606510761194,0.1770999173168093,0.17595881735906005,0.17251243558712304,0.16282153478823602,0.1638665401842445,0.16128653241321445,0.15552704129368067,0.15256692428374663,0.1501653744489886,0.14801872876705602,0.1460856079356745,0.14434718497795984,0.14279137161793187,0.14140830840915442,0.14018999267136678,0.1391295731300488,0.13822155381785706,0.1374608580954373,0.1368437593919225,0.13636693096486852,0.1360279582440853,0.13582539418712258,0.13575790263712406,0.13582539418712258,0.1360279582440853,0.13636693096486852,0.1368437593919225,0.1374608580954373,0.13822155381785706,0.1391295731300488,0.14018999267136678,0.14140830840915442,0.14279137161793187,0.14434718497795984,0.1460856079356745,0.14801872876705602,0.1501653744489886,0.15256692428374663,0.15552704129368067,0.16128653241321445,0.1638665401842445,0.16282153478823602,0.17251243558712304,0.17595881735906005,0.1770999173168093,0.1796606510761194,0.19708126713521779,0.19049302209168673,0.1974889279808849,0.20911927847191691,0.23530259006656706,0.2311586074065417,0.2509437291882932,0.239056202233769,0.2661034717457369,0.27286139968782663,0.2873036430682987,0.3002626523375511,0.3582199758384377,0.3718600773718208,0.3777538586873561,0.4547900902107358,0.4914305303245783,0.6682061329483986,0.7770469654351473,1.0814619613811374,1.1695664376020432,1.7496007345616817,2.0658119786530733,2.3431779891252518,4.54047629237175,10.026127189397812
5.965251881629229,9.319380208849907,4.058918206952512,2.250042747706175,1.0995164718478918,1.066661517135799,0.8888553027063608,0.7135750744491816,0.46606890112161636,0.4382163202390075,0.3828710209345445,0.3294866718351841,0.28953904705122113,0.2641531523549929,0.25246276217512786,0.22796173579990864,0.21361487574176863,0.198917894391343,0.18597944150678813,0.19043073011562228,0.17136106645921245,0.1744350513909012,0.16340908117126673,0.15080232211039402,0.1515065201674588,0.148054885212332,0.14066263131098822,0.13745713184471242,0.13430968747707084,0.12910511286463588,0.12237845076015219,0.12112643045838922,0.12070498371031135,0.11568161600735039,0.1154432938201353,0.11306022439384833,0.11125900968909264,0.10966816399013624,0.10823925031581894,0.1069548855884932,0.10580484173260629,0.10478223237441853,0.10388087123283185,0.10309625216177665,0.10242394672241062,0.10186078611877747,0.10140368773136288,0.1010505662416108,0.10079942864831537,0.10064931551460177,0.10059934109449387,0.10064931551460177,0.10079942864831537,0.1010505662416108,0.10140368773136288,0.10186078611877747,0.10242394672241062,0.10309625216177665,0.10388087123283185,0.10478223237441853,0.10580484173260629,0.1069548855884932,0.10823925031581894,0.10966816399013624,0.11125900968909264,0.11306022439384833,0.1154432938201353,0.11568161600735039,0.12070498371031135,0.12112643045838922,0.12237845076015219,0.12910511286463588,0.13430968747707084,0.13745713184471242,0.14066263131098822,0.148054885212332,0.1515065201674588,0.15080232211039402,0.16340908117126673,0.1744350513909012,0.17136106645921245,0.19043073011562228,0.18597944150678813,0.198917894391343,0.21361487574176863,0.22796173579990864,0.25246276217512786,0.2641531523549929,0.28953904705122113,0.3294866718351841,0.3828710209345445,0.4382163202390075,0.46606890112161636,0.7135750744491816,0.8888553027063608,1.066661517135799,1.0995164718478918,2.250042747706175,4.058918206952512,9.319380208849907
4.868474766612053,9.431195206940174,2.48655341565609,1.6371712777763605,0.8597966320812702,0.7629105597734451,0.48360834550112486,0.4118950970005244,0.33679919596761465,0.2962509059580043,0.24675443256273866,0.2352376007474959,0.20931340474635363,0.19859417190309614,0.18411795271094888,0.16417472047032788,0.1642394510563463,0.14996141020674258,0.14238725462928414,0.1303962638194207,0.12962746294215322,0.12736841378500685,0.12542070541530848,0.11378898555994965,0.11115403956500813,0.10572183519252576,0.10309109205263667,0.1014807365136221,0.09871991642285138,0.09488448320189491,0.09486361398012377,0.09246293659089133,0.08802808140171692,0.08605362148955464,0.0868570597958751,0.08486264356179163,0.08344728178053629,0.08221507871348877,0.08111575698421802,0.08013226187904365,0.07925441762927221,0.07847544412652496,0.07779038111766567,0.07719452639867086,0.07668465635651955,0.07625779527006671,0.07591167265491094,0.07564435792301083,0.07545433415361913,0.07534086162195308,0.07530288025736809,0.07534086162195308,0.07545433415361913,0.07564435792301083,0.07591167265491094,0.07625779527006671,0.07668465635651955,0.07719452639867086,0.07779038111766567,0.07847544412652496,0.07925441762927221,0.08013226187904365,0.08111575698421802,0.08221507871348877,0.08344728178053629,0.08486264356179163,0.0868570597958751,0.08605362148955464,0.08802808140171692,0.09246293659089133,0.09486361398012377,0.09488448320189491,0.09871991642285138,0.1014807365136221,0.10309109205263667,0.10572183519252576,0.11115403956500813,0.11378898555994965,0.12542070541530848,0.12736841378500685,0.12962746294215322,0.1303962638194207,0.14238725462928414,0.14996141020674258,0.1642394510563463,0.16417472047032788,0.18411795271094888,0.19859417190309614,0.20931340474635363,0.2352376007474959,0.24675443256273866,0.2962509059580043,0.33679919596761465,0.4118950970005244,0.48360834550112486,0.7629105597734451,0.8597966320812702,1.6371712777763605,2.48655341565609,9.431195206940174
4.4056136924773455,6.854240611195564,2.1759067364037037,1.0913039539009333,0.6647208267822862,0.5799520844593644,0.38785994704812765,0.3489394197240472,0.2634170316159725,0.21232312556821853,0.2116666070651263,0.1891015872824937,0.16602080361917615,0.15500410739332438,0.14252639620099217,0.13246263843029737,0.1260538618080318,0.11719400942092761,0.11491480405675247,0.10581094940425828,0.10083681077230722,0.09833193256054074,0.09532319469144568,0.0891115649137646,0.08561004590592347,0.08358515542931855,0.0806273613270605,0.07839291499112733,0.07620961715292651,0.07524621716584079,0.0733782408060506,0.0716436841757968,0.07009214142453857,0.06876128364820033,0.06722679144877475,0.06612652674084529,0.06510428585170303,0.06417414109455422,0.06333124700176995,0.06257142075628508,0.061889995362435,0.06128307792823762,0.06074769335828023,0.06028064862766769,0.05987944638400222,0.05954231078067096,0.05926709499544813,0.05905281331979495,0.058898304794638534,0.05880353728662158,0.05877057649195194,0.05880353728662158,0.058898304794638534,0.05905281331979495,0.05926709499544813,0.05954231078067096,0.05987944638400222,0.06028064862766769,0.06074769335828023,0.06128307792823762,0.061889995362435,0.06257142075628508,0.06333124700176995,0.06417414109455422,0.06510428585170303,0.06612652674084529,0.06722679144877475,0.06876128364820033,0.07009214142453857,0.0716436841757968,0.0733782408060506,0.07524621716584079,0.07620961715292651,0.07839291499112733,0.0806273613270605,0.08358515542931855,0.08561004590592347,0.0891115649137646,0.09532319469144568,0.09833193256054074,0.10083681077230722,0.10581094940425828,0.11491480405675247,0.11719400942092761,0.1260538618080318,0.13246263843029737,0.14252639620099217,0.15500410739332438,0.16602080361917615,0.1891015872824937,0.2116666070651263,0.21232312556821853,0.2634170316159725,0.3489394197240472,0.38785994704812765,0.5799520844593644,0.6647208267822862,1.0913039539009333,2.1759067364037037,6.854240611195564
3.94191078748554,5.701274216175079,2.636870063841343,1.2529936339706182,1.0061676567420363,0.7935817297548056,0.5409398479387164,0.5289647029712796,0.40263113286346197,0.3949494268745184,0.3232185682281852,0.29148938157595694,0.2773098449688405,0.2522648866288364,0.2358048155438155,0.22122751362621784,0.207094416487962,0.19633047236129642,0.18453029583906755,0.17546656890772283,0.1706267965491861,0.1615625538979657,0.15371918166056275,0.1501695138285868,0.1445879441453144,0.14022235886659473,0.13537365529919043,0.1319922093534842,0.1289485134766437,0.12469634774606675,0.12222488416591659,0.1200086697936058,0.11731895135017112,0.11511727614561096,0.11297807970549911,0.11106842814479023,0.10935683647403494,0.10780642862664536,0.10640476184198633,0.10514283727388829,0.10401277232449502,0.1030078663607128,0.10212276596575975,0.10135220416123047,0.10069261846365407,0.10013979312498122,0.09969134331913665,0.09934493663604371,0.09909869855619036,0.0989514178072568,0.0989024555310607,0.0989514178072568,0.09909869855619036,0.09934493663604371,0.09969134331913665,0.10013979312498122,0.10069261846365407,0.10135220416123047,0.10212276596575975,0.1030078663607128,0.10401277232449502,0.10514283727388829,0.10640476184198633,0.10780642862664536,0.10935683647403494,0.11106842814479023,0.11297807970549911,0.11511727614561096,0.11731895135017112,0.1200086697936058,0.12222488416591659,0.12469634774606675,0.1289485134766437,0.1319922093534842,0.13537365529919043,0.14022235886659473,0.1445879441453144,0.1501695138285868,0.15371918166056275,0.1615625538979657,0.1706267965491861,0.17546656890772283,0.18453029583906755,0.19633047236129642,0.207094416487962,0.22122751362621784,0.2358048155438155,0.2522648866288364,0.2773098449688405,0.29148938157595694,0.3232185682281852,0.3949494268745184,0.40263113286346197,0.5289647029712796,0.5409398479387164,0.7935817297548056,1.0061676567420363,1.2529936339706182,2.636870063841343,5.701274216175079
5.258705832064152,5.503510721027851,2.0307303182780743,1.2049060855060816,0.6782758901827037,0.6943338168784976,0.5152302184142172,0.4360935306176543,0.36648027249611914,0.3016111208125949,0.2678705577272922,0.24530734377913177,0.21853724482934922,0.20073418741230853,0.1908996775164269,0.1771997683099471,0.17193795752245933,0.15600406378507614,0.1510074691614136,0.14528511511161923,0.13489421526901424,0.13531217764830217,0.1266843087214511,0.12327445507980883,0.11824472987791523,0.11562133475672454,0.11057903047185391,0.10787435167003423,0.10470748794614337,0.10151960215807776,0.10077784239547327,0.09874844150908757,0.09600294187839609,0.09325625062047038,0.09240507687354693,0.09071481011051219,0.08928106506937183,0.08799401726719225,0.08683441513130674,0.08579192574688932,0.08485885065238108,0.08402975223725662,0.08329934453286114,0.08266327796809492,0.08211816470247868,0.08166099227855739,0.08128939967537008,0.08100135506720108,0.08079545601594873,0.08067093347699483,0.0806286446750164,0.08067093347699483,0.08079545601594873,0.08100135506720108,0.08128939967537008,0.08166099227855739,0.08211816470247868,0.08266327796809492,0.08329934453286114,0.08402975223725662,0.08485885065238108,0.08579192574688932,0.08683441513130674,0.08799401726719225,0.08928106506937183,0.09071481011051219,0.09240507687354693,0.09325625062047038,0.09600294187839609,0.09874844150908757,0.10077784239547327,0.10151960215807776,0.10470748794614337,0.10787435167003423,0.11057903047185391,0.11562133475672454,0.11824472987791523,0.12327445507980883,0.1266843087214511,0.13531217764830217,0.13489421526901424,0.14528511511161923,0.1510074691614136,0.15600406378507614,0.17193795752245933,0.1771997683099471,0.1908996775164269,0.20073418741230853,0.21853724482934922,0.24530734377913177,0.2678705577272922,0.3016111208125949,0.36648027249611914,0.4360935306176543,0.5152302184142172,0.6943338168784976,0.6782758901827037,1.2049060855060816,2.0307303182780743,5.503510721027851
3.381366390734911,5.5038686990737915,2.0956671498715878,0.8435374554246664,0.717651498503983,0.6166494763456285,0.4164718179963529,0.3766761664301157,0.2792212513741106,0.2797339535318315,0.25191780366003513,0.21847105002962053,0.19549183221533895,0.18569532805122435,0.17936252150684595,0.15599791111890227,0.15283293032553047,0.1477405922487378,0.14150034222984686,0.13016419345512986,0.1216918303980492,0.1187972011975944,0.111059577728156,0.10784924746258184,0.10545873933006078,0.1022583142039366,0.09894351242110133,0.09758725803112611,0.09392667427891865,0.09146783233154565,0.08835855094366707,0.08638519860687666,0.0857182473409921,0.08451280210283585,0.0821316126966849,0.08075007630395703,0.07949526372249238,0.07836036660592072,0.07733623395324685,0.07641510889516212,0.07559064286760986,0.07485816272674128,0.07421305184834637,0.07365163555368781,0.07317115852492861,0.07276838779216632,0.07244195451494306,0.072189715487184,0.0720103845524136,0.07190318981884047,0.07186755258589983,0.07190318981884047,0.0720103845524136,0.072189715487184,0.07244195451494306,0.07276838779216632,0.07317115852492861,0.07365163555368781,0.07421305184834637,0.07485816272674128,0.07559064286760986,0.07641510889516212,0.07733623395324685,0.07836036660592072,0.07949526372249238,0.08075007630395703,0.0821316126966849,0.08451280210283585,0.0857182473409921,0.08638519860687666,0.08835855094366707,0.09146783233154565,0.09392667427891865,0.09758725803112611,0.09894351242110133,0.1022583142039366,0.10545873933006078,0.10784924746258184,0.111059577728156,0.1187972011975944,0.1216918303980492,0.13016419345512986,0.14150034222984686,0.1477405922487378,0.15283293032553047,0.15599791111890227,0.17936252150684595,0.18569532805122435,0.19549183221533895,0.21847105002962053,0.25191780366003513,0.2797339535318315,0.2792212513741106,0.3766761664301157,0.4164718179963529,0.6166494763456285,0.717651498503983,0.8435374554246664,2.0956671498715878,5.5038686990737915
5.027256071567535,4.346335727721453,2.289164714515209,0.9187974352389574,0.6903608059510589,0.4856424452736974,0.41847261879593134,0.35595336998812854,0.28964485228061676,0.2533095378894359,0.23140808928292245,0.20575901621486992,0.19162184419110417,0.17751151620177552,0.1615689647733234,0.1518468675785698,0.1448191050440073,0.1341712631401606,0.12708702246891335,0.12447177106514573,0.11741387710208073,0.11164968990487978,0.10746708826627582,0.1028070371830836,0.10008864477276802,0.09785931577789597,0.09388557734200731,0.09207847001380287,0.08938082039821893,0.08731281355721876,0.08361416644765995,0.08225995174143463,0.08076605029054917,0.07936249158228748,0.07809830276528373,0.07669805298792198,0.07549292192561552,0.07441099578863941,0.07343645553919487,0.07256028876872733,0.07177650439552963,0.07108001824235544,0.07046675265883096,0.06993305182550102,0.06947611761279404,0.06909335739328526,0.06878298372612335,0.06854319901322015,0.06837273942073807,0.06827081620576791,0.06823682226240635,0.06827081620576791,0.06837273942073807,0.06854319901322015,0.06878298372612335,0.06909335739328526,0.06947611761279404,0.06993305182550102,0.07046675265883096,0.07108001824235544,0.07177650439552963,0.07256028876872733,0.07343645553919487,0.07441099578863941,0.07549292192561552,0.07669805298792198,0.07809830276528373,0.07936249158228748,0.08076605029054917,0.08225995174143463,0.08361416644765995,0.08731281355721876,0.08938082039821893,0.09207847001380287,0.09388557734200731,0.09785931577789597,0.10008864477276802,0.1028070371830836,0.10746708826627582,0.11164968990487978,0.11741387710208073,0.12447177106514573,0.12708702246891335,0.1341712631401606,0.1448191050440073,0.1518468675785698,0.1615689647733234,0.17751151620177552,0.19162184419110417,0.20575901621486992,0.23140808928292245,0.2533095378894359,0.28964485228061676,0.35595336998812854,0.41847261879593134,0.4856424452736974,0.6903608059510589,0.9187974352389574,2.289164714515209,4.346335727721453
4.218054571188986,4.017565332353115,1.81716073397547,0.9718977622687817,0.6967906458303332,0.5268365223892033,0.4304232974536717,0.36859058076515794,0.3040967632550746,0.253952972125262,0.24183078645728528,0.21320492844097316,0.19515217072330415,0.18393002334050834,0.16980378492735326,0.15951234102249146,0.14939008152578026,0.1418296773917973,0.13487948779948056,0.12910127989016473,0.1233845625538379,0.1179653542349115,0.11305543396156281,0.10782884922809899,0.10500393202528358,0.10216778365429491,0.09928416553884745,0.09540680149802938,0.09372988762333989,0.09126956621184945,0.08947096380870789,0.08721391449216753,0.08493647072464228,0.08358097163727507,0.08230340760201216,0.08088884537573904,0.07963485835352913,0.07850355806294829,0.07748270663432777,0.07656402123393491,0.07574197114445269,0.07501088664866984,0.07436697429511696,0.07380667160032317,0.07332694256911054,0.07292492117267102,0.07259876921307296,0.07234681601403281,0.07216773577965796,0.07206066255457699,0.0720249384175986,0.07206066255457699,0.07216773577965796,0.07234681601403281,0.07259876921307296,0.07292492117267102,0.07332694256911054,0.07380667160032317,0.07436697429511696,0.07501088664866984,0.07574197114445269,0.07656402123393491,0.07748270663432777,0.07850355806294829,0.07963485835352913,0.08088884537573904,0.08230340760201216,0.08358097163727507,0.08493647072464228,0.08721391449216753,0.08947096380870789,0.09126956621184945,0.09372988762333989,0.09540680149802938,0.09928416553884745,0.10216778365429491,0.10500393202528358,0.10782884922809899,0.11305543396156281,0.1179653542349115,0.1233845625538379,0.12910127989016473,0.13487948779948056,0.1418296773917973,0.14939008152578026,0.15951234102249146,0.16980378492735326,0.18393002334050834,0.19515217072330415,0.21320492844097316,0.24183078645728528,0.253952972125262,0.3040967632550746,0.36859058076515794,0.4304232974536717,0.5268365223892033,0.6967906458303332,0.9718977622687817,1.81716073397547,4.017565332353115
3.2089773323386908,4.761771127581596,1.4486365038901567,0.89936847332865,0.575441743247211,0.46049354155547917,0.35385077469982207,0.3090507001616061,0.25441732932813466,0.22831754619255662,0.19967335765250027,0.1798518019495532,0.16876132786273956,0.1524165352457203,0.14612924889661372,0.13512069499120116,0.12751199945341796,0.12091443000826985,0.11397244321415201,0.10873151768464595,0.10384580952813849,0.09995562245603651,0.09716858546016738,0.09243504022015259,0.08882662031101063,0.08635645225876942,0.08415201847674325,0.08133443020051345,0.07940904147108085,0.07797521486645564,0.07512375124497339,0.07392119921860285,0.0723563967330847,0.07143667421769351,0.06969212234253064,0.0686238216876518,0.06758749549044296,0.06663927878253162,0.06577936059329659,0.06500387616688386,0.0643087938951794,0.06369032856309786,0.06314531501266174,0.06267079050303437,0.06226421144674532,0.06192370326607488,0.06164748192531988,0.06143397855339572,0.061282215028768405,0.06119152481551282,0.06116123404353857,0.06119152481551282,0.061282215028768405,0.06143397855339572,0.06164748192531988,0.06192370326607488,0.06226421144674532,0.06267079050303437,0.06314531501266174,0.06369032856309786,0.0643087938951794,0.06500387616688386,0.06577936059329659,0.06663927878253162,0.06758749549044296,0.0686238216876518,0.06969212234253064,0.07143667421769351,0.0723563967330847,0.07392119921860285,0.07512375124497339,0.07797521486645564,0.07940904147108085,0.08133443020051345,0.08415201847674325,0.08635645225876942,0.08882662031101063,0.09243504022015259,0.09716858546016738,0.09995562245603651,0.10384580952813849,0.10873151768464595,0.11397244321415201,0.12091443000826985,0.12751199945341796,0.13512069499120116,0.14612924889661372,0.1524165352457203,0.16876132786273956,0.1798518019495532,0.19967335765250027,0.22831754619255662,0.25441732932813466,0.3090507001616061,0.35385077469982207,0.46049354155547917,0.575441743247211,0.89936847332865,1.4486365038901567,4.761771127581596
3.983091365545988,3.4267186112701893,1.4256838392466307,0.7011423874646425,0.47109098569490016,0.39873892068862915,0.28782946104183793,0.2652102685533464,0.20981542929075658,0.1807261733629275,0.16165558047941886,0.1464063321473077,0.13597792072687298,0.12303056917153299,0.11642677464988083,0.10809523845091462,0.1010299613699317,0.09568473836407065,0.091411960311234,0.08619085722602904,0.0822961648227647,0.07929208339191973,0.07669657689984888,0.07444456417579204,0.07203883351758122,0.06854061165358871,0.06694994308054447,0.06475580763071775,0.06332812714390457,0.06152397487312555,0.06027771905064583,0.059286243515089154,0.057606588408816606,0.05693584511755034,0.05552342929877341,0.054638474190142006,0.053801786387339234,0.05303919472498819,0.05234864860540256,0.05172652658075094,0.05116929835639894,0.05067382950801402,0.05023730028187856,0.04985743941506371,0.04953201423631981,0.04925951035693288,0.04903847357491031,0.04886765225091949,0.048746258311439306,0.048673663462977856,0.048649534583091736,0.048673663462977856,0.048746258311439306,0.04886765225091949,0.04903847357491031,0.04925951035693288,0.04953201423631981,0.04985743941506371,0.05023730028187856,0.05067382950801402,0.05116929835639894,0.05172652658075094,0.05234864860540256,0.05303919472498819,0.053801786387339234,0.054638474190142006,0.05552342929877341,0.05693584511755034,0.057606588408816606,0.059286243515089154,0.06027771905064583,0.06152397487312555,0.06332812714390457,0.06475580763071775,0.06694994308054447,0.06854061165358871,0.07203883351758122,0.07444456417579204,0.07669657689984888,0.07929208339191973,0.0822961648227647,0.08619085722602904,0.091411960311234,0.09568473836407065,0.1010299613699317,0.10809523845091462,0.11642677464988083,0.12303056917153299,0.13597792072687298,0.1464063321473077,0.16165558047941886,0.1807261733629275,0.20981542929075658,0.2652102685533464,0.28782946104183793,0.39873892068862915,0.47109098569490016,0.7011423874646425,1.4256838392466307,3.4267186112701893
3.526062283664942,2.7332190833985806,1.6848694160580635,0.8321157111786306,0.6744369901716709,0.46232864703051746,0.3699023029766977,0.3854379028780386,0.22961083380505443,0.1984828521963209,0.180672237300314,0.16102595604024827,0.14617005863692611,0.13657859771046788,0.12697101989760995,0.11723675241228193,0.11020840689889155,0.09699384594568983,0.09373594404314645,0.08531049138400704,0.0852059155004099,0.08293053245870396,0.07869767158990726,0.07100854437157977,0.07635072633274831,0.06986533263989259,0.06745080328255426,0.0654555687942775,0.06289270569686778,0.06054857844719663,0.05902983514533844,0.05861238452780526,0.05677555424335878,0.054280427284538746,0.0532190918456763,0.05229170461825561,0.051500418048817664,0.05078028014395386,0.05012593086576089,0.049534529622178525,0.049003625303157605,0.04853070856188424,0.04811374245036859,0.04775037111539859,0.047438950728974305,0.04717800176877063,0.046966233261628076,0.046802631084574386,0.04668630610103719,0.04661676625255495,0.04659360460937023,0.04661676625255495,0.04668630610103719,0.046802631084574386,0.046966233261628076,0.04717800176877063,0.047438950728974305,0.04775037111539859,0.04811374245036859,0.04853070856188424,0.049003625303157605,0.049534529622178525,0.05012593086576089,0.05078028014395386,0.051500418048817664,0.05229170461825561,0.0532190918456763,0.054280427284538746,0.05677555424335878,0.05861238452780526,0.05902983514533844,0.06054857844719663,0.06289270569686778,0.0654555687942775,0.06745080328255426,0.06986533263989259,0.07635072633274831,0.07100854437157977,0.07869767158990726,0.08293053245870396,0.0852059155004099,0.08531049138400704,0.09373594404314645,0.09699384594568983,0.11020840689889155,0.11723675241228193,0.12697101989760995,0.13657859771046788,0.14617005863692611,0.16102595604024827,0.180672237300314,0.1984828521963209,0.22961083380505443,0.3854379028780386,0.3699023029766977,0.46232864703051746,0.6744369901716709,0.8321157111786306,1.6848694160580635,2.7332190833985806
3.067541601136327,7.148762717843056,3.4262293949723244,1.7334840148687363,1.8695785403251648,1.6282708942890167,1.1049031177535653,0.8848098823800683,0.6038662395440042,0.3833922049961984,0.326757944887504,0.29384227050468326,0.2682364215143025,0.21875002328306437,0.20431678090244532,0.16298759257188067,0.18776664417237043,0.15110153588466346,0.15620106412097812,0.15383100998587906,0.13268030795734376,0.1354408572660759,0.1225008259061724,0.12878274847753346,0.10896871500881389,0.1090941873844713,0.10314889739674982,0.1067652958445251,0.10248498746659607,0.0928363279090263,0.08487783416057937,0.08403129689395428,0.09696078626438975,0.08027030085213482,0.0793535178527236,0.07844578579533845,0.07738662289921194,0.07634213316487148,0.07536587549839169,0.07447336037876084,0.07366718054981902,0.07294687983812764,0.0723104402422905,0.07175551285035908,0.07127975154435262,0.07088072987971827,0.07055705226957798,0.07030682399636135,0.07012897823005915,0.07002255239058286,0.06998716108500957,0.07002255239058286,0.07012897823005915,0.07030682399636135,0.07055705226957798,0.07088072987971827,0.07127975154435262,0.07175551285035908,0.0723104402422905,0.07294687983812764,0.07366718054981902,0.07447336037876084,0.07536587549839169,0.07634213316487148,0.07738662289921194,0.07844578579533845,0.0793535178527236,0.08027030085213482,0.09696078626438975,0.08403129689395428,0.08487783416057937,0.0928363279090263,0.10248498746659607,0.1067652958445251,0.10314889739674982,0.1090941873844713,0.10896871500881389,0.12878274847753346,0.1225008259061724,0.1354408572660759,0.13268030795734376,0.15383100998587906,0.15620106412097812,0.15110153588466346,0.18776664417237043,0.16298759257188067,0.20431678090244532,0.21875002328306437,0.2682364215143025,0.29384227050468326,0.326757944887504,0.3833922049961984,0.6038662395440042,0.8848098823800683,1.1049031177535653,1.6282708942890167,1.8695785403251648,1.7334840148687363,3.4262293949723244,7.148762717843056
6.056709077209234,8.177455933764577,4.281196750700474,1.958480603992939,1.6084008552134037,1.2022397452965379,0.7725290730595589,0.9696646267548203,0.5480134226381779,0.4032768013421446,0.3409956184332259,0.28747988608665764,0.23164121597073972,0.24858841253444552,0.19181038532406092,0.18700352124869823,0.16059901239350438,0.15632573049515486,0.15756640897598118,0.12529789202380925,0.13045832485659048,0.13626671745441854,0.12569611822254956,0.13001516251824796,0.11265201936475933,0.1080666328780353,0.09650075936224312,0.09848023147787899,0.10064635763410479,0.10129994957242161,0.09125325549393892,0.09290662687271833,0.08937487518414855,0.08627270156284794,0.08908903016708791,0.08535003999713808,0.08350946544669569,0.0820643741171807,0.0808333371533081,0.07975954527501017,0.07881584763526917,0.07798717636615038,0.07726359786465764,0.0766375467646867,0.07610415120143443,0.07565891742706299,0.07529864902608097,0.0750208570389077,0.07482361700385809,0.07470590702723712,0.07466666772961617,0.07470590702723712,0.07482361700385809,0.0750208570389077,0.07529864902608097,0.07565891742706299,0.07610415120143443,0.0766375467646867,0.07726359786465764,0.07798717636615038,0.07881584763526917,0.07975954527501017,0.0808333371533081,0.0820643741171807,0.08350946544669569,0.08535003999713808,0.08908903016708791,0.08627270156284794,0.08937487518414855,0.09290662687271833,0.09125325549393892,0.10129994957242161,0.10064635763410479,0.09848023147787899,0.09650075936224312,0.1080666328780353,0.11265201936475933,0.13001516251824796,0.12569611822254956,0.13626671745441854,0.13045832485659048,0.12529789202380925,0.15756640897598118,0.15632573049515486,0.16059901239350438,0.18700352124869823,0.19181038532406092,0.24858841253444552,0.23164121597073972,0.28747988608665764,0.3409956184332259,0.4032768013421446,0.5480134226381779,0.9696646267548203,0.7725290730595589,1.2022397452965379,1.6084008552134037,1.958480603992939,4.281196750700474,8.177455933764577
4.585168823599815,9.811381459236145,4.6463882625103,2.01370501331985,1.446184329688549,0.8832013886421919,0.5986924516037107,0.46693840995430946,0.3929753149859607,0.34644751413725317,0.2879119091667235,0.2512637567706406,0.21743970760144293,0.22469793749041855,0.20085070142522454,0.1949019692838192,0.18582085316302255,0.1697143301134929,0.15630740570486523,0.15980821289122105,0.14320709003368393,0.13731824001297355,0.13311826693825424,0.12732488426263444,0.12832537246868014,0.12206306064035743,0.11515714810229838,0.11292784434044734,0.108546020637732,0.1072383486898616,0.10516484070103616,0.10103515221271664,0.09954956610454246,0.09658007229336363,0.09617655439069495,0.0944387893541716,0.09296306798933074,0.09163955046096817,0.09044640965294093,0.08937323756981641,0.08841275388840586,0.08755858190124854,0.08680623781401664,0.08615146490046754,0.08559064829023555,0.08512076374609023,0.08473969338228926,0.08444522292120382,0.08423591119935736,0.08411069581052288,0.08406899496912956,0.08411069581052288,0.08423591119935736,0.08444522292120382,0.08473969338228926,0.08512076374609023,0.08559064829023555,0.08615146490046754,0.08680623781401664,0.08755858190124854,0.08841275388840586,0.08937323756981641,0.09044640965294093,0.09163955046096817,0.09296306798933074,0.0944387893541716,0.09617655439069495,0.09658007229336363,0.09954956610454246,0.10103515221271664,0.10516484070103616,0.1072383486898616,0.108546020637732,0.11292784434044734,0.11515714810229838,0.12206306064035743,0.12832537246868014,0.12732488426263444,0.13311826693825424,0.13731824001297355,0.14320709003368393,0.15980821289122105,0.15630740570486523,0.1697143301134929,0.18582085316302255,0.1949019692838192,0.20085070142522454,0.22469793749041855,0.21743970760144293,0.2512637567706406,0.2879119091667235,0.34644751413725317,0.3929753149859607,0.46693840995430946,0.5986924516037107,0.8832013886421919,1.446184329688549,2.01370501331985,4.6463882625103,9.811381459236145
4.392945516854525,8.050248198211193,2.9324439940974116,1.5806926619261503,1.0198847549036145,0.7200440987944603,0.6044084159657359,0.4931718544103205,0.44741302635520697,0.36576867499388754,0.32821490056812763,0.3046310415957123,0.2601049104705453,0.23511611972935498,0.22177465015556663,0.2151808636263013,0.20139034010935575,0.18636707961559296,0.1804209896363318,0.1678359634242952,0.15821616468019783,0.15584377595223486,0.150937951519154,0.1452677302295342,0.13727642281446606,0.13359200162813067,0.12770256691146642,0.12371597811579704,0.12268346920609474,0.12130351969972253,0.11700113082770258,0.11501318367663771,0.11227234452962875,0.1091567141120322,0.1079514452139847,0.1059787874110043,0.10432489088270813,0.10283460305072367,0.10148945520631969,0.10027913172962144,0.0991957574733533,0.09823295200476423,0.09738469170406461,0.09664673096267506,0.09601496724644676,0.0954857068718411,0.09505629481282085,0.0947246229625307,0.09448891261126846,0.09434796485584229,0.09430108964443207,0.09434796485584229,0.09448891261126846,0.0947246229625307,0.09505629481282085,0.0954857068718411,0.09601496724644676,0.09664673096267506,0.09738469170406461,0.09823295200476423,0.0991957574733533,0.10027913172962144,0.10148945520631969,0.10283460305072367,0.10432489088270813,0.1059787874110043,0.1079514452139847,0.1091567141120322,0.11227234452962875,0.11501318367663771,0.11700113082770258,0.12130351969972253,0.12268346920609474,0.12371597811579704,0.12770256691146642,0.13359200162813067,0.13727642281446606,0.1452677302295342,0.150937951519154,0.15584377595223486,0.15821616468019783,0.1678359634242952,0.1804209896363318,0.18636707961559296,0.20139034010935575,0.2151808636263013,0.22177465015556663,0.23511611972935498,0.2601049104705453,0.3046310415957123,0.32821490056812763,0.36576867499388754,0.44741302635520697,0.4931718544103205,0.6044084159657359,0.7200440987944603,1.0198847549036145,1.5806926619261503,2.9324439940974116,8.050248198211193
3.5507756620645523,6.597151160240173,2.870445095002651,1.3246424738317728,0.854875149205327,0.7685444597154856,0.5345818400382996,0.4277863665483892,0.3786390507593751,0.3177480533486232,0.28112383955158293,0.2551274987636134,0.2261231045704335,0.212210651836358,0.1958299166872166,0.18404937617015094,0.17527550691738725,0.1633962231571786,0.15640648419503123,0.14653229383111466,0.14364534709602594,0.13464363740058616,0.12938009825302288,0.12484952827799134,0.12026735799736343,0.11700617050519213,0.11301990534411743,0.11043141735717654,0.10632631173939444,0.10394711385015398,0.10176623599545565,0.10042645584326237,0.09814546673442237,0.09551325034408364,0.09380965676973574,0.09237364563159645,0.09098257991718128,0.08970580759341829,0.08854570059338585,0.08749912335770205,0.08656037773471326,0.08572515076957643,0.08498893314390443,0.08434786667930894,0.08379890833748505,0.08333884252351709,0.0829655718698632,0.08267716254340485,0.08247214820585214,0.08234953109058551,0.08230877947062254,0.08234953109058551,0.08247214820585214,0.08267716254340485,0.0829655718698632,0.08333884252351709,0.08379890833748505,0.08434786667930894,0.08498893314390443,0.08572515076957643,0.08656037773471326,0.08749912335770205,0.08854570059338585,0.08970580759341829,0.09098257991718128,0.09237364563159645,0.09380965676973574,0.09551325034408364,0.09814546673442237,0.10042645584326237,0.10176623599545565,0.10394711385015398,0.10632631173939444,0.11043141735717654,0.11301990534411743,0.11700617050519213,0.12026735799736343,0.12484952827799134,0.12938009825302288,0.13464363740058616,0.14364534709602594,0.14653229383111466,0.15640648419503123,0.1633962231571786,0.17527550691738725,0.18404937617015094,0.1958299166872166,0.212210651836358,0.2261231045704335,0.2551274987636134,0.28112383955158293,0.3177480533486232,0.3786390507593751,0.4277863665483892,0.5345818400382996,0.7685444597154856,0.854875149205327,1.3246424738317728,2.870445095002651,6.597151160240173
5.2350860657170415,5.176455095410347,1.9098668992519379,1.202963950112462,0.6824116371572018,0.6814890084788203,0.39351110998541117,0.3633602177724242,0.26936309691518545,0.2474291273392737,0.21110361930914223,0.18212229886557907,0.1766270474763587,0.1600292739458382,0.1527073880424723,0.13905923790298402,0.12799201521556824,0.12538628990296274,0.11796029924880713,0.11142766181728803,0.10781523765763268,0.10214803024427965,0.09832636202918366,0.09336193487979472,0.0924846071866341,0.08941670827334747,0.08534235469414853,0.08341772633139044,0.08036727918079123,0.078918010200141,0.07723654562141746,0.0752780552720651,0.07355621157330461,0.07308423734502867,0.07105348297045566,0.0698883346049115,0.06880944411386736,0.06782604393083602,0.06693500524852425,0.0661318119673524,0.06541223012027331,0.06477202926180325,0.06420798218459822,0.0637168088578619,0.06329598800220992,0.06294373601849657,0.06265780085232109,0.062436792912194505,0.062279745790874586,0.06218585262831766,0.062154597602784634,0.06218585262831766,0.062279745790874586,0.062436792912194505,0.06265780085232109,0.06294373601849657,0.06329598800220992,0.0637168088578619,0.06420798218459822,0.06477202926180325,0.06541223012027331,0.0661318119673524,0.06693500524852425,0.06782604393083602,0.06880944411386736,0.0698883346049115,0.07105348297045566,0.07308423734502867,0.07355621157330461,0.0752780552720651,0.07723654562141746,0.078918010200141,0.08036727918079123,0.08341772633139044,0.08534235469414853,0.08941670827334747,0.0924846071866341,0.09336193487979472,0.09832636202918366,0.10214803024427965,0.10781523765763268,0.11142766181728803,0.11796029924880713,0.12538628990296274,0.12799201521556824,0.13905923790298402,0.1527073880424723,0.1600292739458382,0.1766270474763587,0.18212229886557907,0.21110361930914223,0.2474291273392737,0.26936309691518545,0.3633602177724242,0.39351110998541117,0.6814890084788203,0.6824116371572018,1.202963950112462,1.9098668992519379,5.176455095410347
2.750812211073935,5.57778824865818,1.7982319723814726,1.209044225513935,0.7877227971330285,0.6346852472051978,0.5250643920153379,0.44809972401708364,0.3833064138889313,0.33508543157950044,0.28817454306408763,0.26673810090869665,0.2310561608755961,0.2252901801839471,0.20949523337185383,0.19659169670194387,0.1829302305704914,0.1757638747803867,0.16340226598549634,0.1520892767002806,0.150024316390045,0.14357896288856864,0.13759394583757967,0.13084551924839616,0.12905094458255917,0.12402347289025784,0.12003340118099004,0.1178076493088156,0.11498580267652869,0.11156224069418386,0.10885456250980496,0.10652853455394506,0.10434303339570761,0.10283024760428816,0.10013933992013335,0.098556398821529,0.09704635851085186,0.09566825488582253,0.09442020306596532,0.09329625696409494,0.09228969889227301,0.09139497112482786,0.09060677175875753,0.08992093941196799,0.089333790470846,0.08884191908873618,0.0884429105790332,0.08813472691690549,0.087915648764465,0.0877847230876796,0.08774111326783895,0.0877847230876796,0.087915648764465,0.08813472691690549,0.0884429105790332,0.08884191908873618,0.089333790470846,0.08992093941196799,0.09060677175875753,0.09139497112482786,0.09228969889227301,0.09329625696409494,0.09442020306596532,0.09566825488582253,0.09704635851085186,0.098556398821529,0.10013933992013335,0.10283024760428816,0.10434303339570761,0.10652853455394506,0.10885456250980496,0.11156224069418386,0.11498580267652869,0.1178076493088156,0.12003340118099004,0.12402347289025784,0.12905094458255917,0.13084551924839616,0.13759394583757967,0.14357896288856864,0.150024316390045,0.1520892767002806,0.16340226598549634,0.1757638747803867,0.1829302305704914,0.19659169670194387,0.20949523337185383,0.2252901801839471,0.2310561608755961,0.26673810090869665,0.28817454306408763,0.33508543157950044,0.3833064138889313,0.44809972401708364,0.5250643920153379,0.6346852472051978,0.7877227971330285,1.209044225513935,1.7982319723814726,5.57778824865818
4.439301662147045,5.086332181468606,2.3648834135383368,1.0796618465974461,0.7314260224811733,0.5032114379573613,0.46291834162548184,0.4334267866797745,0.32554966676980257,0.27662892173975706,0.23118537850677967,0.2166355336084962,0.18604727345518768,0.18173596332781017,0.16890122485347092,0.15659698098897934,0.14517582370899618,0.13608015375211835,0.1337592035997659,0.12433630297891796,0.11973928683437407,0.11878471751697361,0.11041387286968529,0.10324867512099445,0.1003824460785836,0.09866592625621706,0.0964417327195406,0.09283693274483085,0.0890646709012799,0.08725730690639466,0.08649576490279287,0.085515589104034,0.08352134213782847,0.08038833981845528,0.07918543217238039,0.07805122947320342,0.07691089529544115,0.07585372554603964,0.07488839782308787,0.07401487173046917,0.07322991464752704,0.0725308028049767,0.07191378728020936,0.0713762225350365,0.07091541809495538,0.07052928861230612,0.07021589123178273,0.06997365946881473,0.06980144057888538,0.06969845725689083,0.06966418214142323,0.06969845725689083,0.06980144057888538,0.06997365946881473,0.07021589123178273,0.07052928861230612,0.07091541809495538,0.0713762225350365,0.07191378728020936,0.0725308028049767,0.07322991464752704,0.07401487173046917,0.07488839782308787,0.07585372554603964,0.07691089529544115,0.07805122947320342,0.07918543217238039,0.08038833981845528,0.08352134213782847,0.085515589104034,0.08649576490279287,0.08725730690639466,0.0890646709012799,0.09283693274483085,0.0964417327195406,0.09866592625621706,0.1003824460785836,0.10324867512099445,0.11041387286968529,0.11878471751697361,0.11973928683437407,0.12433630297891796,0.1337592035997659,0.13608015375211835,0.14517582370899618,0.15659698098897934,0.16890122485347092,0.18173596332781017,0.18604727345518768,0.2166355336084962,0.23118537850677967,0.27662892173975706,0.32554966676980257,0.4334267866797745,0.46291834162548184,0.5032114379573613,0.7314260224811733,1.0796618465974461,2.3648834135383368,5.086332181468606
4.003227818757296,4.49476882815361,2.0652102418243885,0.7129022125154734,0.6734932668041438,0.43387557775713503,0.349664565641433,0.3300944520160556,0.2662911480292678,0.2364258049055934,0.20108820451423526,0.17350521055050194,0.16384980914881453,0.15751590859144926,0.1437928267987445,0.13492424180731177,0.12531828797364142,0.11963948124321178,0.11094533099094406,0.10767617201781832,0.10572349472204223,0.10001554887276143,0.0961700477055274,0.09163221940980293,0.08882508164970204,0.08499373513041064,0.08287049585487694,0.08063288370613009,0.07867966103367507,0.07717908074846491,0.07445831064251252,0.07342864249949344,0.071098456683103,0.0703614984813612,0.06877448543673381,0.06776192502002232,0.06674745670170523,0.06581415672553703,0.06496580052771606,0.06419993142480962,0.06351299615926109,0.06290153981535695,0.06236259717843495,0.06189320742851123,0.061491185653721914,0.06115437392145395,0.06088093438302167,0.060669730097288266,0.06051957339514047,0.06042983764200471,0.060399800539016724,0.06042983764200471,0.06051957339514047,0.060669730097288266,0.06088093438302167,0.06115437392145395,0.061491185653721914,0.06189320742851123,0.06236259717843495,0.06290153981535695,0.06351299615926109,0.06419993142480962,0.06496580052771606,0.06581415672553703,0.06674745670170523,0.06776192502002232,0.06877448543673381,0.0703614984813612,0.071098456683103,0.07342864249949344,0.07445831064251252,0.07717908074846491,0.07867966103367507,0.08063288370613009,0.08287049585487694,0.08499373513041064,0.08882508164970204,0.09163221940980293,0.0961700477055274,0.10001554887276143,0.10572349472204223,0.10767617201781832,0.11094533099094406,0.11963948124321178,0.12531828797364142,0.13492424180731177,0.1437928267987445,0.15751590859144926,0.16384980914881453,0.17350521055050194,0.20108820451423526,0.2364258049055934,0.2662911480292678,0.3300944520160556,0.349664565641433,0.43387557775713503,0.6734932668041438,0.7129022125154734,2.0652102418243885,4.49476882815361
4.398033965379,4.184093564748764,1.70771349593997,0.6871742149814963,0.5591228157281876,0.41672311816364527,0.31334645254537463,0.2644331424962729,0.20368201727978885,0.20123808039352298,0.17808659095317125,0.15050424658693373,0.13932260195724666,0.12965548143256456,0.11959312076214701,0.1116846235236153,0.10529693830176257,0.0995935516548343,0.09339468262623996,0.09069791669026017,0.08504631617688574,0.08255010249558836,0.07864564622286707,0.07656064142065588,0.07379118276003283,0.07165919651743025,0.06906838611757848,0.06682539390749298,0.06591013158322312,0.06399822876846883,0.061699638623395,0.06051136915630195,0.06005526549415663,0.05913118858006783,0.057345300214365125,0.0564373762026662,0.05556550635083113,0.05477013917698059,0.0540500063507352,0.053401637414935976,0.05282120528136147,0.0523053416836774,0.05185103297117166,0.05145562203688314,0.05111719651176827,0.05083362192090135,0.05060375986067811,0.05042609802330844,0.05029982824635226,0.05022433892736444,0.05019920552149415,0.05022433892736444,0.05029982824635226,0.05042609802330844,0.05060375986067811,0.05083362192090135,0.05111719651176827,0.05145562203688314,0.05185103297117166,0.0523053416836774,0.05282120528136147,0.053401637414935976,0.0540500063507352,0.05477013917698059,0.05556550635083113,0.0564373762026662,0.057345300214365125,0.05913118858006783,0.06005526549415663,0.06051136915630195,0.061699638623395,0.06399822876846883,0.06591013158322312,0.06682539390749298,0.06906838611757848,0.07165919651743025,0.07379118276003283,0.07656064142065588,0.07864564622286707,0.08255010249558836,0.08504631617688574,0.09069791669026017,0.09339468262623996,0.0995935516548343,0.10529693830176257,0.1116846235236153,0.11959312076214701,0.12965548143256456,0.13932260195724666,0.15050424658693373,0.17808659095317125,0.20123808039352298,0.20368201727978885,0.2644331424962729,0.31334645254537463,0.41672311816364527,0.5591228157281876,0.6871742149814963,1.70771349593997,4.184093564748764
3.635304596275091,3.9516842551529408,1.68442920781672,0.7238016023766249,0.6027229791507125,0.44749380368739367,0.3318972112610936,0.2498152086045593,0.24073194339871407,0.20007890881970525,0.1962167217861861,0.1716992991277948,0.16170453373342752,0.14866765798069537,0.13807772006839514,0.12870724202366546,0.12097942078253254,0.11615132429869846,0.10913087998051196,0.10494795138947666,0.09902504947967827,0.09357735246885568,0.09181898756651208,0.0877606701105833,0.08441757474793121,0.08243977191159502,0.07975246693240479,0.07776937232119963,0.07549144234508276,0.07298699719831347,0.07249212771421298,0.07000357750803232,0.0689277567435056,0.06713682532426901,0.06656221707817167,0.06534193735569715,0.06431379716377705,0.06339234084589407,0.06256247032433748,0.061816675413865596,0.06114954949589446,0.06055668732733466,0.06003483114182018,0.05958056717645377,0.05919180964701809,0.05886611060122959,0.058601956465281546,0.05839783788542263,0.05825273905065842,0.05816597767989151,0.05813718028366566,0.05816597767989151,0.05825273905065842,0.05839783788542263,0.058601956465281546,0.05886611060122959,0.05919180964701809,0.05958056717645377,0.06003483114182018,0.06055668732733466,0.06114954949589446,0.061816675413865596,0.06256247032433748,0.06339234084589407,0.06431379716377705,0.06534193735569715,0.06656221707817167,0.06713682532426901,0.0689277567435056,0.07000357750803232,0.07249212771421298,0.07298699719831347,0.07549144234508276,0.07776937232119963,0.07975246693240479,0.08243977191159502,0.08441757474793121,0.0877606701105833,0.09181898756651208,0.09357735246885568,0.09902504947967827,0.10494795138947666,0.10913087998051196,0.11615132429869846,0.12097942078253254,0.12870724202366546,0.13807772006839514,0.14866765798069537,0.16170453373342752,0.1716992991277948,0.1962167217861861,0.20007890881970525,0.24073194339871407,0.2498152086045593,0.3318972112610936,0.44749380368739367,0.6027229791507125,0.7238016023766249,1.68442920781672,3.9516842551529408
3.385947994887829,3.399292821995914,1.438918124884367,0.737192421220243,0.4472454683855176,0.4075507642701268,0.31622876320034266,0.2463505829218775,0.2082911377074197,0.1928190758335404,0.1684336825273931,0.15361208986723796,0.1385019487934187,0.1261404851975385,0.11901510055031395,0.11086613789666444,0.10421814653091133,0.09879219400318107,0.09437982740928419,0.08853188384091482,0.086037423228845,0.08220890208031051,0.07898069560178556,0.07559765822952613,0.07368554903951008,0.07015042098646518,0.06824551519821398,0.06706722246599384,0.06517739871924277,0.0631260657828534,0.061630103999050334,0.060266409383984865,0.059107463821419515,0.05780975935340393,0.05702782340813428,0.05604461786424508,0.05517896830860991,0.05439715515967691,0.05369073351175757,0.05305475605564425,0.05248526341165416,0.05197880975174485,0.05153263257670915,0.051144212506187614,0.05081144677387783,0.05053279192361515,0.05030668435210828,0.050132020987803116,0.05000783288414823,0.049933582566154655,0.04990888200700283,0.049933582566154655,0.05000783288414823,0.050132020987803116,0.05030668435210828,0.05053279192361515,0.05081144677387783,0.051144212506187614,0.05153263257670915,0.05197880975174485,0.05248526341165416,0.05305475605564425,0.05369073351175757,0.05439715515967691,0.05517896830860991,0.05604461786424508,0.05702782340813428,0.05780975935340393,0.059107463821419515,0.060266409383984865,0.061630103999050334,0.0631260657828534,0.06517739871924277,0.06706722246599384,0.06824551519821398,0.07015042098646518,0.07368554903951008,0.07559765822952613,0.07898069560178556,0.08220890208031051,0.086037423228845,0.08853188384091482,0.09437982740928419,0.09879219400318107,0.10421814653091133,0.11086613789666444,0.11901510055031395,0.1261404851975385,0.1385019487934187,0.15361208986723796,0.1684336825273931,0.1928190758335404,0.2082911377074197,0.2463505829218775,0.31622876320034266,0.4075507642701268,0.4472454683855176,0.737192421220243,1.438918124884367,3.399292821995914
2.1222685454413295,4.0683967135846615,5.046999238431454,4.06120940297842,2.5315322000533342,1.9316354151815176,1.2206064341589808,0.7980752121657133,0.8290372993797064,0.5820799814537168,0.38419098872691393,0.3414336098358035,0.35592268488835543,0.28194277826696634,0.20428473129868507,0.18427010090090334,0.18916694226209074,0.18317920132540166,0.13283239759039134,0.1459497099276632,0.149570994079113,0.12669966591056436,0.11425145121756941,0.11775336891878396,0.10862102324608713,0.10609133211255539,0.09861814870964736,0.09397530034766532,0.0968543360941112,0.09478243160992861,0.08699133218033239,0.08801977848634124,0.08586028375430033,0.08267417410388589,0.07967481714149471,0.07824660745973233,0.07691912438895088,0.07571890721737873,0.07463816838571802,0.07366789477237035,0.07280087615072262,0.07203083406784572,0.07135283885872923,0.07076280257024337,0.07025673051248305,0.06983262127323542,0.06948757187637966,0.06922050751745701,0.06903029776003677,0.06891623510455247,0.06887833960354328,0.06891623510455247,0.06903029776003677,0.06922050751745701,0.06948757187637966,0.06983262127323542,0.07025673051248305,0.07076280257024337,0.07135283885872923,0.07203083406784572,0.07280087615072262,0.07366789477237035,0.07463816838571802,0.07571890721737873,0.07691912438895088,0.07824660745973233,0.07967481714149471,0.08267417410388589,0.08586028375430033,0.08801977848634124,0.08699133218033239,0.09478243160992861,0.0968543360941112,0.09397530034766532,0.09861814870964736,0.10609133211255539,0.10862102324608713,0.11775336891878396,0.11425145121756941,0.12669966591056436,0.149570994079113,0.1459497099276632,0.13283239759039134,0.18317920132540166,0.18916694226209074,0.18427010090090334,0.20428473129868507,0.28194277826696634,0.35592268488835543,0.3414336098358035,0.38419098872691393,0.5820799814537168,0.8290372993797064,0.7980752121657133,1.2206064341589808,1.9316354151815176,2.5315322000533342,4.06120940297842,5.046999238431454,4.0683967135846615
3.791902221739292,6.332798334769905,6.271361567080021,4.487083368003368,3.172924354672432,2.9335201494395733,1.5547329634428024,1.6366101950407028,0.8235476254485548,0.7639935789629817,0.6375075159594417,0.5224353075027466,0.553546383511275,0.45233065797947347,0.3713722568936646,0.31996876071207225,0.2962152175605297,0.26269741461146623,0.2675024925265461,0.24783777026459575,0.23836538987234235,0.20610262150876224,0.19930999935604632,0.2100977071095258,0.18000914086587727,0.1895418472122401,0.16808011732064188,0.16359799657948315,0.16568091657245532,0.16015441974741407,0.15429312689229846,0.1420950526226079,0.1464829790056683,0.13883412641007453,0.13440493756206706,0.13167449398315512,0.1296225284022512,0.12778085796162486,0.1261092362110503,0.12459608883364126,0.12323460600600811,0.12201978434313787,0.12094591359345941,0.12000865198206156,0.11920367376296781,0.11852761573391035,0.1179772710056568,0.11755069010905572,0.11724611910358362,0.11706315239462128,0.11700212210416794,0.11706315239462128,0.11724611910358362,0.11755069010905572,0.1179772710056568,0.11852761573391035,0.11920367376296781,0.12000865198206156,0.12094591359345941,0.12201978434313787,0.12323460600600811,0.12459608883364126,0.1261092362110503,0.12778085796162486,0.1296225284022512,0.13167449398315512,0.13440493756206706,0.13883412641007453,0.1464829790056683,0.1420950526226079,0.15429312689229846,0.16015441974741407,0.16568091657245532,0.16359799657948315,0.16808011732064188,0.1895418472122401,0.18000914086587727,0.2100977071095258,0.19930999935604632,0.20610262150876224,0.23836538987234235,0.24783777026459575,0.2675024925265461,0.26269741461146623,0.2962152175605297,0.31996876071207225,0.3713722568936646,0.45233065797947347,0.553546383511275,0.5224353075027466,0.6375075159594417,0.7639935789629817,0.8235476254485548,1.6366101950407028,1.5547329634428024,2.9335201494395733,3.172924354672432,4.487083368003368,6.271361567080021,6.332798334769905
3.8762714006006718,8.016828894615173,6.736727200448513,3.8543506488204002,2.3156551010906696,2.452801965177059,1.5780019871890545,1.4100190959870815,0.7027004519477487,0.7221336290240288,0.5200437197927386,0.4211229074280709,0.4335882728919387,0.3543472704477608,0.28371728770434856,0.26422339025884867,0.27210537623614073,0.24768253043293953,0.2295327722094953,0.2318702251650393,0.1966525251045823,0.19996852288022637,0.18884369381703436,0.18713151034899056,0.17557113175280392,0.17306498310063034,0.16440002573654056,0.15779306000331417,0.15376528189517558,0.14939739927649498,0.14844249468296766,0.14824268128722906,0.14566584420390427,0.14220754837151617,0.13091252563754097,0.1313918860978447,0.1299385745660402,0.1283386888098903,0.12680044589797035,0.12537596229230985,0.12407991039799526,0.12291682773502544,0.12188529327977449,0.12098368746228516,0.12020894873421639,0.11955869186203927,0.11903021339094266,0.11862139101140201,0.11833060870412737,0.1181566016166471,0.11809870041906834,0.1181566016166471,0.11833060870412737,0.11862139101140201,0.11903021339094266,0.11955869186203927,0.12020894873421639,0.12098368746228516,0.12188529327977449,0.12291682773502544,0.12407991039799526,0.12537596229230985,0.12680044589797035,0.1283386888098903,0.1299385745660402,0.1313918860978447,0.13091252563754097,0.14220754837151617,0.14566584420390427,0.14824268128722906,0.14844249468296766,0.14939739927649498,0.15376528189517558,0.15779306000331417,0.16440002573654056,0.17306498310063034,0.17557113175280392,0.18713151034899056,0.18884369381703436,0.19996852288022637,0.1966525251045823,0.2318702251650393,0.2295327722094953,0.24768253043293953,0.27210537623614073,0.26422339025884867,0.28371728770434856,0.3543472704477608,0.4335882728919387,0.4211229074280709,0.5200437197927386,0.7221336290240288,0.7027004519477487,1.4100190959870815,1.5780019871890545,2.452801965177059,2.3156551010906696,3.8543506488204002,6.736727200448513,8.016828894615173
3.8933157958090305,9.037526816129684,5.242216773331165,2.519167009741068,1.7709989864379168,1.6980991400778294,1.1426183469593525,0.7338867243379354,0.5678623067215085,0.5222991881892085,0.38970870338380337,0.3496992817381397,0.33261835761368275,0.3149455557577312,0.27443624613806605,0.2349492599023506,0.24031221494078636,0.2197494888678193,0.20823722355999053,0.18408244679449126,0.1889219037257135,0.17261152691207826,0.171052488964051,0.1596513339318335,0.15475849085487425,0.15112213674001396,0.14786463475320488,0.1391603839583695,0.1410445705987513,0.13360539148561656,0.13233463652431965,0.1284266331931576,0.12889741582330316,0.12361908832099289,0.12207112112082541,0.11993634118698537,0.11803982593119144,0.11633200175128877,0.1147938237991184,0.113412537262775,0.11217787023633718,0.1110817858716473,0.11011712346225977,0.10927808657288551,0.10856004804372787,0.10795898037031293,0.10747136129066348,0.10709489218425006,0.1068273305427283,0.10666754702106118,0.1066141426563263,0.10666754702106118,0.1068273305427283,0.10709489218425006,0.10747136129066348,0.10795898037031293,0.10856004804372787,0.10927808657288551,0.11011712346225977,0.1110817858716473,0.11217787023633718,0.113412537262775,0.1147938237991184,0.11633200175128877,0.11803982593119144,0.11993634118698537,0.12207112112082541,0.12361908832099289,0.12889741582330316,0.1284266331931576,0.13233463652431965,0.13360539148561656,0.1410445705987513,0.1391603839583695,0.14786463475320488,0.15112213674001396,0.15475849085487425,0.1596513339318335,0.171052488964051,0.17261152691207826,0.1889219037257135,0.18408244679449126,0.20823722355999053,0.2197494888678193,0.24031221494078636,0.2349492599023506,0.27443624613806605,0.3149455557577312,0.33261835761368275,0.3496992817381397,0.38970870338380337,0.5222991881892085,0.5678623067215085,0.7338867243379354,1.1426183469593525,1.6980991400778294,1.7709989864379168,2.519167009741068,5.242216773331165,9.037526816129684
4.194098971784115,7.620423845946789,3.244640037417412,2.078376092016697,1.2466219086199999,1.0827792985364795,0.7584177455864847,0.7060889303684235,0.49516263930127025,0.46007377561181784,0.35632809228263795,0.3255831506103277,0.3102997310925275,0.2727859017904848,0.25473725353367627,0.22594764991663396,0.2239469632622786,0.20935283601284027,0.19734680312103592,0.18753046804340556,0.1827123137190938,0.16857742008869536,0.16561804513912648,0.15814729400153738,0.15390874457079917,0.1470042885048315,0.14138886361615732,0.139421051251702,0.13590059330454096,0.13088514245464467,0.12852737691719085,0.1273032933822833,0.12200881144963205,0.1211262408469338,0.11875047482317314,0.11665258224820718,0.1148222070914926,0.11317430611234158,0.11168828395602759,0.11035248512052931,0.10915701306657866,0.10809494997374713,0.10715989947493654,0.10634609367116354,0.10564938317111228,0.10506602517853025,0.10459273002925329,0.10422716772882268,0.1039673208433669,0.10381201939890161,0.10376035422086716,0.10381201939890161,0.1039673208433669,0.10422716772882268,0.10459273002925329,0.10506602517853025,0.10564938317111228,0.10634609367116354,0.10715989947493654,0.10809494997374713,0.10915701306657866,0.11035248512052931,0.11168828395602759,0.11317430611234158,0.1148222070914926,0.11665258224820718,0.11875047482317314,0.1211262408469338,0.12200881144963205,0.1273032933822833,0.12852737691719085,0.13088514245464467,0.13590059330454096,0.139421051251702,0.14138886361615732,0.1470042885048315,0.15390874457079917,0.15814729400153738,0.16561804513912648,0.16857742008869536,0.1827123137190938,0.18753046804340556,0.19734680312103592,0.20935283601284027,0.2239469632622786,0.22594764991663396,0.25473725353367627,0.2727859017904848,0.3102997310925275,0.3255831506103277,0.35632809228263795,0.46007377561181784,0.49516263930127025,0.7060889303684235,0.7584177455864847,1.0827792985364795,1.2466219086199999,2.078376092016697,3.244640037417412,7.620423845946789
4.389702846528962,5.826132006943226,2.8903635814785957,1.4196415590122342,1.1537974318489432,0.8340812707319856,0.6706838551908731,0.45998595654964447,0.4343496896326542,0.395250647328794,0.3318114241119474,0.28731794748455286,0.25282325758598745,0.22249503224156797,0.19754337437916547,0.18607304140459746,0.1802088626427576,0.16382852161768824,0.1561842820374295,0.15828922670334578,0.1402033080230467,0.13886022387305275,0.1320715372567065,0.12754763389239088,0.12135116715217009,0.12017028965055943,0.11556691897567362,0.1111476096266415,0.10908371570985764,0.10668347508180887,0.10320555782527663,0.10136895556934178,0.09831425524316728,0.09713925435789861,0.09533729939721525,0.09380419069202617,0.09236737823812291,0.09105733362957835,0.0898699316312559,0.08879955171141773,0.08784006544738077,0.08698667754651979,0.08623456742498092,0.08557976613519713,0.0850190358760301,0.08454911957960576,0.08416795977973379,0.08387348538963124,0.08366412241593935,0.08353893496678211,0.08349733613431454,0.08353893496678211,0.08366412241593935,0.08387348538963124,0.08416795977973379,0.08454911957960576,0.0850190358760301,0.08557976613519713,0.08623456742498092,0.08698667754651979,0.08784006544738077,0.08879955171141773,0.0898699316312559,0.09105733362957835,0.09236737823812291,0.09380419069202617,0.09533729939721525,0.09713925435789861,0.09831425524316728,0.10136895556934178,0.10320555782527663,0.10668347508180887,0.10908371570985764,0.1111476096266415,0.11556691897567362,0.12017028965055943,0.12135116715217009,0.12754763389239088,0.1320715372567065,0.13886022387305275,0.1402033080230467,0.15828922670334578,0.1561842820374295,0.16382852161768824,0.1802088626427576,0.18607304140459746,0.19754337437916547,0.22249503224156797,0.25282325758598745,0.28731794748455286,0.3318114241119474,0.395250647328794,0.4343496896326542,0.45998595654964447,0.6706838551908731,0.8340812707319856,1.1537974318489432,1.4196415590122342,2.8903635814785957,5.826132006943226
3.847239814698696,5.901329409331083,2.4450558237731457,1.8141445331275463,1.312800269573927,0.7226890400052071,0.48253239318728447,0.41610224172472954,0.3724448647117242,0.2606664237100631,0.27809484559111297,0.22790121752768755,0.20862809591926634,0.19371288211550564,0.15639806777471676,0.15683628397528082,0.1376558580668643,0.13706043607089669,0.12749552191235125,0.11777156533207744,0.1155000482685864,0.1107885015080683,0.10589320893632248,0.10268117836676538,0.09887460834579542,0.09306428540730849,0.09228421107400209,0.0906111944350414,0.08804688224336132,0.08526015450479463,0.0836799192475155,0.0814833008334972,0.08035539503907785,0.07747781660873443,0.0768103142036125,0.07547723985044286,0.07430368708446622,0.07324250822421163,0.0722832121537067,0.07141928258351982,0.07064559403806925,0.06995787296909839,0.06935200252337381,0.06882473500445485,0.06837318907491863,0.0679950105259195,0.0676881517865695,0.067451115406584,0.06728265690617263,0.06718189065577462,0.06714843958616257,0.06718189065577462,0.06728265690617263,0.067451115406584,0.0676881517865695,0.0679950105259195,0.06837318907491863,0.06882473500445485,0.06935200252337381,0.06995787296909839,0.07064559403806925,0.07141928258351982,0.0722832121537067,0.07324250822421163,0.07430368708446622,0.07547723985044286,0.0768103142036125,0.07747781660873443,0.08035539503907785,0.0814833008334972,0.0836799192475155,0.08526015450479463,0.08804688224336132,0.0906111944350414,0.09228421107400209,0.09306428540730849,0.09887460834579542,0.10268117836676538,0.10589320893632248,0.1107885015080683,0.1155000482685864,0.11777156533207744,0.12749552191235125,0.13706043607089669,0.1376558580668643,0.15683628397528082,0.15639806777471676,0.19371288211550564,0.20862809591926634,0.22790121752768755,0.27809484559111297,0.2606664237100631,0.3724448647117242,0.41610224172472954,0.48253239318728447,0.7226890400052071,1.312800269573927,1.8141445331275463,2.4450558237731457,5.901329409331083
4.9458113722503185,4.376817889511585,3.468522310256958,1.8364079482853413,0.9868871085345745,0.7200288102030754,0.6355386227369308,0.494196817278862,0.365547907538712,0.3107961742207408,0.3276726664043963,0.25478274666238576,0.2531011332757771,0.21976177720353007,0.17675573483575135,0.17950447625480592,0.1564227727940306,0.15434029058087617,0.15111748676281422,0.14182464886107482,0.13351550622610375,0.12591263039212208,0.12050682710832916,0.11829597601899877,0.11239408380060922,0.11011687200516462,0.10590414123726077,0.10480822209501639,0.10111650347243994,0.09853168952395208,0.09676904205116443,0.09232848536339588,0.09142312133917585,0.08941078842326533,0.08794180860422784,0.08637934526632307,0.08504991454537958,0.08384523701897706,0.08275439501449,0.08177135712685413,0.08089001938060392,0.08010622525762301,0.07941545587527798,0.0788142485289427,0.07829910668442608,0.07786756691348273,0.07751754462151439,0.077247063320101,0.07705479199285037,0.07693980949625256,0.07690149918198586,0.07693980949625256,0.07705479199285037,0.077247063320101,0.07751754462151439,0.07786756691348273,0.07829910668442608,0.0788142485289427,0.07941545587527798,0.08010622525762301,0.08089001938060392,0.08177135712685413,0.08275439501449,0.08384523701897706,0.08504991454537958,0.08637934526632307,0.08794180860422784,0.08941078842326533,0.09142312133917585,0.09232848536339588,0.09676904205116443,0.09853168952395208,0.10111650347243994,0.10480822209501639,0.10590414123726077,0.11011687200516462,0.11239408380060922,0.11829597601899877,0.12050682710832916,0.12591263039212208,0.13351550622610375,0.14182464886107482,0.15111748676281422,0.15434029058087617,0.1564227727940306,0.17950447625480592,0.17675573483575135,0.21976177720353007,0.2531011332757771,0.25478274666238576,0.3276726664043963,0.3107961742207408,0.365547907538712,0.494196817278862,0.6355386227369308,0.7200288102030754,0.9868871085345745,1.8364079482853413,3.468522310256958,4.376817889511585
3.674729272723198,5.179430283606052,2.390240479260683,1.6374951470643282,1.1307809595018625,0.9967344123870134,0.5438241730444133,0.5079637302551419,0.26981995394453406,0.3315317346714437,0.25446402095258236,0.2166348733007908,0.18392056785523891,0.16473184851929545,0.15445752494269982,0.1403659176430665,0.13343975592579227,0.12939523323439062,0.11501675876206718,0.11239218077389523,0.10571189924667124,0.10324160289019346,0.1005750812109909,0.09461122361244634,0.09027576140942983,0.08801018219674006,0.08497040646034293,0.08158435899531469,0.0802983398316428,0.07741881554829888,0.07444691442651674,0.07492541705141775,0.07264380669221282,0.07110239718167577,0.0698088540812023,0.06845677417004481,0.06734234857140109,0.06634824142383877,0.06545463792281225,0.06465240252146032,0.06393499702971894,0.06329725009709364,0.06273549083562102,0.062246577923360746,0.061827403369534295,0.06147601581324125,0.06119050027336925,0.060969609152380144,0.060812322601123014,0.06071812761729234,0.06068685185164213,0.06071812761729234,0.060812322601123014,0.060969609152380144,0.06119050027336925,0.06147601581324125,0.061827403369534295,0.062246577923360746,0.06273549083562102,0.06329725009709364,0.06393499702971894,0.06465240252146032,0.06545463792281225,0.06634824142383877,0.06734234857140109,0.06845677417004481,0.0698088540812023,0.07110239718167577,0.07264380669221282,0.07492541705141775,0.07444691442651674,0.07741881554829888,0.0802983398316428,0.08158435899531469,0.08497040646034293,0.08801018219674006,0.09027576140942983,0.09461122361244634,0.1005750812109909,0.10324160289019346,0.10571189924667124,0.11239218077389523,0.11501675876206718,0.12939523323439062,0.13343975592579227,0.1403659176430665,0.15445752494269982,0.16473184851929545,0.18392056785523891,0.2166348733007908,0.25446402095258236,0.3315317346714437,0.26981995394453406,0.5079637302551419,0.5438241730444133,0.9967344123870134,1.1307809595018625,1.6374951470643282,2.390240479260683,5.179430283606052
3.9948635241016746,3.634599395096302,2.3437394127249718,1.4248804738745093,0.6742782248184085,0.6925353170372546,0.5696315267123282,0.4472503266297281,0.28623664274346083,0.3015201138332486,0.2514662032481283,0.19342041900381446,0.17936525581171736,0.15682011184981093,0.14629164396319538,0.12875426647951826,0.1255083080031909,0.11603027139790356,0.11072481807786971,0.10650795773835853,0.09867958599352278,0.09468414590810426,0.0903824330016505,0.08787975629093125,0.08502525778021663,0.08244971121894196,0.07905707546160556,0.07617492041026708,0.07444743506493978,0.07238059194060043,0.07063985319109634,0.06960336680640467,0.06756020872853696,0.06645031008520164,0.06513132649706677,0.06401879036275204,0.06300810902030207,0.062091263869660906,0.06126238944125362,0.060516175217344426,0.05984842812176794,0.0592549799621338,0.05873226322000846,0.058277697797166184,0.05788845174538437,0.05756242206552997,0.05729814065853134,0.0570938913297141,0.05694879796647001,0.05686199804767966,0.0568331154063344,0.05686199804767966,0.05694879796647001,0.0570938913297141,0.05729814065853134,0.05756242206552997,0.05788845174538437,0.058277697797166184,0.05873226322000846,0.0592549799621338,0.05984842812176794,0.060516175217344426,0.06126238944125362,0.062091263869660906,0.06300810902030207,0.06401879036275204,0.06513132649706677,0.06645031008520164,0.06756020872853696,0.06960336680640467,0.07063985319109634,0.07238059194060043,0.07444743506493978,0.07617492041026708,0.07905707546160556,0.08244971121894196,0.08502525778021663,0.08787975629093125,0.0903824330016505,0.09468414590810426,0.09867958599352278,0.10650795773835853,0.11072481807786971,0.11603027139790356,0.1255083080031909,0.12875426647951826,0.14629164396319538,0.15682011184981093,0.17936525581171736,0.19342041900381446,0.2514662032481283,0.3015201138332486,0.28623664274346083,0.4472503266297281,0.5696315267123282,0.6925353170372546,0.6742782248184085,1.4248804738745093,2.3437394127249718,3.634599395096302
3.76818760484457,4.199443314224482,1.756182949990034,0.874084061710164,0.6453037913888693,0.5424018101766706,0.45268576964735985,0.30662434676196426,0.23984387353993952,0.23502190923318267,0.20432152308057994,0.16955777205293998,0.1552091808989644,0.14079944626428187,0.13036371732596308,0.12463599588954821,0.11747274320805445,0.11048050737008452,0.10467184300068766,0.1013140658615157,0.09693038830300793,0.09393220275524072,0.09014524915255606,0.08564545813715085,0.08315286797005683,0.07972361275460571,0.07879916689125821,0.07562263862928376,0.07368453772505745,0.07178316812496632,0.06994169839890674,0.06839942530496046,0.06763018516357988,0.06542329210788012,0.06516540824668482,0.06386988022131845,0.06284501700429246,0.061938346683746204,0.061125488457037136,0.06039656201028265,0.059745393838966265,0.059167120285565034,0.058658288849983364,0.05821548300446011,0.057836441934341565,0.05751904926728457,0.05726163386134431,0.057062778621912,0.05692145135253668,0.056836963223759085,0.05680876597762108,0.056836963223759085,0.05692145135253668,0.057062778621912,0.05726163386134431,0.05751904926728457,0.057836441934341565,0.05821548300446011,0.058658288849983364,0.059167120285565034,0.059745393838966265,0.06039656201028265,0.061125488457037136,0.061938346683746204,0.06284501700429246,0.06386988022131845,0.06516540824668482,0.06542329210788012,0.06763018516357988,0.06839942530496046,0.06994169839890674,0.07178316812496632,0.07368453772505745,0.07562263862928376,0.07879916689125821,0.07972361275460571,0.08315286797005683,0.08564545813715085,0.09014524915255606,0.09393220275524072,0.09693038830300793,0.1013140658615157,0.10467184300068766,0.11048050737008452,0.11747274320805445,0.12463599588954821,0.13036371732596308,0.14079944626428187,0.1552091808989644,0.16955777205293998,0.20432152308057994,0.23502190923318267,0.23984387353993952,0.30662434676196426,0.45268576964735985,0.5424018101766706,0.6453037913888693,0.874084061710164,1.756182949990034,4.199443314224482
4.050548989325762,3.9663006588816643,1.436729647219181,1.1139136934652925,0.6695651188492775,0.524476598482579,0.3357490112539381,0.2861897761467844,0.24509814765769988,0.22350054723210633,0.19111575349234045,0.16320826904848218,0.14085013791918755,0.13206682342570275,0.12490203406196088,0.11667328502517194,0.11024542571976781,0.10346880520228297,0.09888342808699235,0.09577111533144489,0.08976057852851227,0.08608412003377452,0.08269918645964935,0.07972643920220435,0.07710442127427086,0.07456586556509137,0.07273432845249772,0.07100953010376543,0.06781284639146179,0.06669953928212635,0.0652395314828027,0.06322529562748969,0.0620553120970726,0.06102857401128858,0.05995358238578774,0.05896795845183078,0.058073521562619135,0.05725878945668228,0.056519638252211735,0.05585220789362211,0.05525349780509714,0.0547205430775648,0.05425061179266777,0.05384136149950791,0.053490539619815536,0.05319657805375755,0.05295796916470863,0.05277356499573216,0.052642437934991904,0.05256404673855286,0.0525380028411746,0.05256404673855286,0.052642437934991904,0.05277356499573216,0.05295796916470863,0.05319657805375755,0.053490539619815536,0.05384136149950791,0.05425061179266777,0.0547205430775648,0.05525349780509714,0.05585220789362211,0.056519638252211735,0.05725878945668228,0.058073521562619135,0.05896795845183078,0.05995358238578774,0.06102857401128858,0.0620553120970726,0.06322529562748969,0.0652395314828027,0.06669953928212635,0.06781284639146179,0.07100953010376543,0.07273432845249772,0.07456586556509137,0.07710442127427086,0.07972643920220435,0.08269918645964935,0.08608412003377452,0.08976057852851227,0.09577111533144489,0.09888342808699235,0.10346880520228297,0.11024542571976781,0.11667328502517194,0.12490203406196088,0.13206682342570275,0.14085013791918755,0.16320826904848218,0.19111575349234045,0.22350054723210633,0.24509814765769988,0.2861897761467844,0.3357490112539381,0.524476598482579,0.6695651188492775,1.1139136934652925,1.436729647219181,3.9663006588816643
3.594619217561558,3.1193942204117775,1.4779376685619354,0.6222145124338567,0.43887843703851104,0.3907233253121376,0.24498657835647464,0.19555067643523216,0.15169754647649825,0.14277393324300647,0.11189335188828409,0.09945880528539419,0.08596711873542517,0.0854344917461276,0.07668614818248898,0.07219925837125629,0.06611900415737182,0.06251153023913503,0.058022628916660324,0.056147649127524346,0.05384791595861316,0.050772618589689955,0.04843642929336056,0.047302621678682044,0.04523674555821344,0.043927744118263945,0.042438799180672504,0.041401133057661355,0.04026828696078155,0.03902611919329502,0.037948068900732324,0.036891555282636546,0.035883332559023984,0.03573479937040247,0.03504150845401455,0.034442419157130644,0.03389723591681104,0.033405922120437026,0.03296286101976875,0.0325642955431249,0.032207976444624364,0.03189113058033399,0.03161220988840796,0.031369498203275725,0.031161678343778476,0.030987558973720297,0.030846503635984845,0.03073746574227698,0.030659970798296854,0.03061360820720438,0.030598227633163333,0.03061360820720438,0.030659970798296854,0.03073746574227698,0.030846503635984845,0.030987558973720297,0.031161678343778476,0.031369498203275725,0.03161220988840796,0.03189113058033399,0.032207976444624364,0.0325642955431249,0.03296286101976875,0.033405922120437026,0.03389723591681104,0.034442419157130644,0.03504150845401455,0.03573479937040247,0.035883332559023984,0.036891555282636546,0.037948068900732324,0.03902611919329502,0.04026828696078155,0.041401133057661355,0.042438799180672504,0.043927744118263945,0.04523674555821344,0.047302621678682044,0.04843642929336056,0.050772618589689955,0.05384791595861316,0.056147649127524346,0.058022628916660324,0.06251153023913503,0.06611900415737182,0.07219925837125629,0.07668614818248898,0.0854344917461276,0.08596711873542517,0.09945880528539419,0.11189335188828409,0.14277393324300647,0.15169754647649825,0.19555067643523216,0.24498657835647464,0.3907233253121376,0.43887843703851104,0.6222145124338567,1.4779376685619354,3.1193942204117775
1.7605762877501547,3.338146634399891,2.145929692313075,1.2668540198355913,0.9634111057966948,0.8226436711847782,0.6730500208213925,0.44474313082173467,0.3190899705514312,0.24403077107854187,0.21300582180265337,0.1808765261375811,0.21406577911693603,0.1696356016327627,0.14953386189881712,0.12324948102468625,0.14836656785337254,0.12565857710433193,0.12232816015603021,0.12402897205902264,0.1081394168722909,0.09825517548597418,0.09619115202804096,0.07694282295415178,0.08920489336014725,0.08688075239479076,0.07680548771168105,0.07765653011301765,0.07371303273248486,0.07538450928404927,0.07486794709984679,0.07044458277232479,0.06526330788619816,0.06495080600871006,0.06291278421122115,0.06193128161976347,0.060976855660555884,0.0601013750419952,0.05930615779652726,0.05858860837906832,0.05794537557812873,0.057373234380065696,0.05686902941306471,0.05643028815029538,0.056054587508697296,0.055739759460266214,0.05548451071445015,0.05528728319040965,0.055147084978671046,0.055063288298697444,0.055035382974892855,0.055063288298697444,0.055147084978671046,0.05528728319040965,0.05548451071445015,0.055739759460266214,0.056054587508697296,0.05643028815029538,0.05686902941306471,0.057373234380065696,0.05794537557812873,0.05858860837906832,0.05930615779652726,0.0601013750419952,0.060976855660555884,0.06193128161976347,0.06291278421122115,0.06495080600871006,0.06526330788619816,0.07044458277232479,0.07486794709984679,0.07538450928404927,0.07371303273248486,0.07765653011301765,0.07680548771168105,0.08688075239479076,0.08920489336014725,0.07694282295415178,0.09619115202804096,0.09825517548597418,0.1081394168722909,0.12402897205902264,0.12232816015603021,0.12565857710433193,0.14836656785337254,0.12324948102468625,0.14953386189881712,0.1696356016327627,0.21406577911693603,0.1808765261375811,0.21300582180265337,0.24403077107854187,0.3190899705514312,0.44474313082173467,0.6730500208213925,0.8226436711847782,0.9634111057966948,1.2668540198355913,2.145929692313075,3.338146634399891
5.052020695060492,6.149142265319824,3.855234608054161,1.5720557272434235,1.9411950539797544,1.8422888405621052,1.0137114096432924,1.18261643871665,0.611519361846149,0.4773806920275092,0.35582928807707503,0.29071105597540736,0.3179379254579544,0.2292554397135973,0.24733635084703565,0.19566431920975447,0.1896764086559415,0.1758078559068963,0.17648943257518113,0.17106192279607058,0.1731933585833758,0.1564717583823949,0.1767506101168692,0.13149020937271416,0.1269748345366679,0.12118736072443426,0.1201561790658161,0.11523048544768244,0.11420575570082292,0.10745174076873809,0.11215437343344092,0.10387057112529874,0.10335248603951186,0.10325059632305056,0.0989637240418233,0.09633937722537667,0.09457748936256394,0.09308411390520632,0.09177220705896616,0.09060910739935935,0.08957747125532478,0.08866611501434818,0.0878671194659546,0.08717389119556174,0.08658169285627082,0.08608660649042577,0.08568556635873392,0.08537607808830217,0.08515627903398126,0.08502486778888851,0.08498107083141804,0.08502486778888851,0.08515627903398126,0.08537607808830217,0.08568556635873392,0.08608660649042577,0.08658169285627082,0.08717389119556174,0.0878671194659546,0.08866611501434818,0.08957747125532478,0.09060910739935935,0.09177220705896616,0.09308411390520632,0.09457748936256394,0.09633937722537667,0.0989637240418233,0.10325059632305056,0.10335248603951186,0.10387057112529874,0.11215437343344092,0.10745174076873809,0.11420575570082292,0.11523048544768244,0.1201561790658161,0.12118736072443426,0.1269748345366679,0.13149020937271416,0.1767506101168692,0.1564717583823949,0.1731933585833758,0.17106192279607058,0.17648943257518113,0.1758078559068963,0.1896764086559415,0.19566431920975447,0.24733635084703565,0.2292554397135973,0.3179379254579544,0.29071105597540736,0.35582928807707503,0.4773806920275092,0.611519361846149,1.18261643871665,1.0137114096432924,1.8422888405621052,1.9411950539797544,1.5720557272434235,3.855234608054161,6.149142265319824
4.3663778975605965,8.61279022693634,4.024357505142689,2.348120618611574,1.5989437941461802,1.6207226756960154,0.8086094437167048,0.7407651613466442,0.6408492289483547,0.49452044698409736,0.42893060576170683,0.3664003578014672,0.3217872818931937,0.2931286343373358,0.2656875508837402,0.24665431550238281,0.2332428463269025,0.22440129588358104,0.1948950485093519,0.18235631968127564,0.18394437851384282,0.18131545349024236,0.17721544776577502,0.15629347250796854,0.1569328635232523,0.15090616734232754,0.14988277945667505,0.149763977737166,0.13883591536432505,0.13337198819499463,0.13111211475916207,0.12454957491718233,0.12529925536364317,0.12076679081656039,0.12165097641991451,0.11793040973134339,0.11576693260576576,0.1139709415147081,0.11239888455020264,0.11100486462237313,0.10976725223008543,0.1086727773072198,0.10771203052718192,0.10687807574868202,0.10616484540514648,0.1055684385355562,0.10508494375972077,0.1047117420239374,0.10444657853804529,0.10428818286163732,0.10423538740724325,0.10428818286163732,0.10444657853804529,0.1047117420239374,0.10508494375972077,0.1055684385355562,0.10616484540514648,0.10687807574868202,0.10771203052718192,0.1086727773072198,0.10976725223008543,0.11100486462237313,0.11239888455020264,0.1139709415147081,0.11576693260576576,0.11793040973134339,0.12165097641991451,0.12076679081656039,0.12529925536364317,0.12454957491718233,0.13111211475916207,0.13337198819499463,0.13883591536432505,0.149763977737166,0.14988277945667505,0.15090616734232754,0.1569328635232523,0.15629347250796854,0.17721544776577502,0.18131545349024236,0.18394437851384282,0.18235631968127564,0.1948950485093519,0.22440129588358104,0.2332428463269025,0.24665431550238281,0.2656875508837402,0.2931286343373358,0.3217872818931937,0.3664003578014672,0.42893060576170683,0.49452044698409736,0.6408492289483547,0.7407651613466442,0.8086094437167048,1.6207226756960154,1.5989437941461802,2.348120618611574,4.024357505142689,8.61279022693634
6.485507936216891,9.392189681529999,3.8252337388694286,1.854492675513029,1.2992295734584332,0.9504137542098761,0.6508020795881748,0.6522076604887843,0.4260529358871281,0.37522693909704685,0.32253742404282093,0.2868455717107281,0.2616292315069586,0.23790858848951757,0.21860319166444242,0.20454608695581555,0.19319997285492718,0.1876787964720279,0.1747954993043095,0.1509356803726405,0.15113795292563736,0.15873046673368663,0.15033058263361454,0.13675509701715782,0.13314592151436955,0.12977035448420793,0.1256016592378728,0.12364306004019454,0.11876005807425827,0.11614135192940012,0.1141435339814052,0.11077983846189454,0.1079656295478344,0.10491147654829547,0.10384422063361853,0.1020980540488381,0.10054444166598842,0.09912878679460846,0.09784513496560976,0.09668710030382499,0.09564936041715555,0.09472582445596345,0.0939117502712179,0.09320302575360984,0.0925959037267603,0.09208733291598037,0.09167461781180464,0.09135572853847407,0.09112908475799486,0.09099342717672698,0.09094833862036467,0.09099342717672698,0.09112908475799486,0.09135572853847407,0.09167461781180464,0.09208733291598037,0.0925959037267603,0.09320302575360984,0.0939117502712179,0.09472582445596345,0.09564936041715555,0.09668710030382499,0.09784513496560976,0.09912878679460846,0.10054444166598842,0.1020980540488381,0.10384422063361853,0.10491147654829547,0.1079656295478344,0.11077983846189454,0.1141435339814052,0.11614135192940012,0.11876005807425827,0.12364306004019454,0.1256016592378728,0.12977035448420793,0.13314592151436955,0.13675509701715782,0.15033058263361454,0.15873046673368663,0.15113795292563736,0.1509356803726405,0.1747954993043095,0.1876787964720279,0.19319997285492718,0.20454608695581555,0.21860319166444242,0.23790858848951757,0.2616292315069586,0.2868455717107281,0.32253742404282093,0.37522693909704685,0.4260529358871281,0.6522076604887843,0.6508020795881748,0.9504137542098761,1.2992295734584332,1.854492675513029,3.8252337388694286,9.392189681529999
3.6947484221309423,8.69855110347271,2.9039840921759605,1.6575770899653435,1.0119276996701956,0.7799666281789541,0.5264638960361481,0.49482532357797027,0.35916294693015516,0.3259832779876888,0.2748939005541615,0.2645197936799377,0.22707742254715413,0.2105931828264147,0.19853598973713815,0.1890688174898969,0.17337856753147207,0.1663234646548517,0.1602968307561241,0.1524534790078178,0.14638918498530984,0.13652752275811508,0.13527030928526074,0.1274729081778787,0.12126512208487839,0.11751505269785412,0.11443820461863652,0.11254184925928712,0.10838528993190266,0.10548190271947533,0.10383946809452027,0.10195215491694398,0.09921177118667401,0.097034761638497,0.09498510765843093,0.09354591176088434,0.09212765042320825,0.09082633032812737,0.08964429063780699,0.0885776864743093,0.0876207334222272,0.0867695143824676,0.08601884543895721,0.08536506022210233,0.08480523507751059,0.08433568225882482,0.08395473631389905,0.08366040608962066,0.08345118971192278,0.08332600406720303,0.08328440389595926,0.08332600406720303,0.08345118971192278,0.08366040608962066,0.08395473631389905,0.08433568225882482,0.08480523507751059,0.08536506022210233,0.08601884543895721,0.0867695143824676,0.0876207334222272,0.0885776864743093,0.08964429063780699,0.09082633032812737,0.09212765042320825,0.09354591176088434,0.09498510765843093,0.097034761638497,0.09921177118667401,0.10195215491694398,0.10383946809452027,0.10548190271947533,0.10838528993190266,0.11254184925928712,0.11443820461863652,0.11751505269785412,0.12126512208487839,0.1274729081778787,0.13527030928526074,0.13652752275811508,0.14638918498530984,0.1524534790078178,0.1602968307561241,0.1663234646548517,0.17337856753147207,0.1890688174898969,0.19853598973713815,0.2105931828264147,0.22707742254715413,0.2645197936799377,0.2748939005541615,0.3259832779876888,0.35916294693015516,0.49482532357797027,0.5264638960361481,0.7799666281789541,1.0119276996701956,1.6575770899653435,2.9039840921759605,8.69855110347271
5.67716047167778,6.256424717139453,2.5140195786952972,1.2665104158222675,0.6623488068580627,0.5995525703765452,0.41811316600069404,0.35075814882293344,0.2879131897352636,0.2419504513964057,0.2033094959333539,0.20237920666113496,0.17281396058388054,0.1621553034055978,0.14790601306594908,0.13913326151669025,0.13236293965019286,0.12388306553475559,0.11632728460244834,0.11290526250377297,0.10575859138043597,0.10288601741194725,0.09803169110091403,0.0947185106924735,0.09378384373849258,0.08794394956203178,0.08605284959776327,0.08510027168085799,0.08132157003274187,0.07893327728379518,0.07755061978241429,0.07655558257829398,0.07464311126386747,0.07234471943229437,0.07155795826110989,0.07037834962829947,0.06929248565575108,0.06830473963054828,0.06741053951554932,0.06660498661221936,0.06588368225493468,0.06524204640300013,0.06467717388295569,0.06418540808954276,0.06376413360703737,0.06341148735373281,0.06312525947578251,0.06290421955054626,0.0627470331673976,0.06265309191076085,0.06262177228927612,0.06265309191076085,0.0627470331673976,0.06290421955054626,0.06312525947578251,0.06341148735373281,0.06376413360703737,0.06418540808954276,0.06467717388295569,0.06524204640300013,0.06588368225493468,0.06660498661221936,0.06741053951554932,0.06830473963054828,0.06929248565575108,0.07037834962829947,0.07155795826110989,0.07234471943229437,0.07464311126386747,0.07655558257829398,0.07755061978241429,0.07893327728379518,0.08132157003274187,0.08510027168085799,0.08605284959776327,0.08794394956203178,0.09378384373849258,0.0947185106924735,0.09803169110091403,0.10288601741194725,0.10575859138043597,0.11290526250377297,0.11632728460244834,0.12388306553475559,0.13236293965019286,0.13913326151669025,0.14790601306594908,0.1621553034055978,0.17281396058388054,0.20237920666113496,0.2033094959333539,0.2419504513964057,0.2879131897352636,0.35075814882293344,0.41811316600069404,0.5995525703765452,0.6623488068580627,1.2665104158222675,2.5140195786952972,6.256424717139453
2.176165140233934,5.511907078325748,2.486013814806938,1.4291876461356878,0.9506445536389947,0.8410480711609125,0.6411662604659796,0.5465746442787349,0.46203320380300283,0.35039370018057525,0.31093035405501723,0.2955651427619159,0.2626801789738238,0.2532922690734267,0.2339611817151308,0.22301075095310807,0.2121415315195918,0.19119131937623024,0.19807077758014202,0.1699948830064386,0.16702935891225934,0.1600091764703393,0.15275782509706914,0.1468199733644724,0.1412722155218944,0.13881152169778943,0.1343792529660277,0.12836447288282216,0.12794793909415603,0.12282876600511372,0.12167241075076163,0.11871624016202986,0.11503368965350091,0.11407420027535409,0.11076014762511477,0.10899022402008995,0.10731304681394249,0.10578887647716329,0.10441103659104556,0.10317087196744978,0.10206074523739517,0.10107428452465683,0.10020548902684823,0.09944953897502273,0.09880221547791734,0.09825990127865225,0.09782011719653383,0.0974803427234292,0.09723884315462783,0.0970944813452661,0.09704642347060144,0.0970944813452661,0.09723884315462783,0.0974803427234292,0.09782011719653383,0.09825990127865225,0.09880221547791734,0.09944953897502273,0.10020548902684823,0.10107428452465683,0.10206074523739517,0.10317087196744978,0.10441103659104556,0.10578887647716329,0.10731304681394249,0.10899022402008995,0.11076014762511477,0.11407420027535409,0.11503368965350091,0.11871624016202986,0.12167241075076163,0.12282876600511372,0.12794793909415603,0.12836447288282216,0.1343792529660277,0.13881152169778943,0.1412722155218944,0.1468199733644724,0.15275782509706914,0.1600091764703393,0.16702935891225934,0.1699948830064386,0.19807077758014202,0.19119131937623024,0.2121415315195918,0.22301075095310807,0.2339611817151308,0.2532922690734267,0.2626801789738238,0.2955651427619159,0.31093035405501723,0.35039370018057525,0.46203320380300283,0.5465746442787349,0.6411662604659796,0.8410480711609125,0.9506445536389947,1.4291876461356878,2.486013814806938,5.511907078325748
4.296632794197649,4.405471622943878,2.6416970938444138,1.6131461393088102,1.4377017095685005,1.2659688694402575,1.220663057640195,0.6167714041657746,0.5410145237110555,0.3864226574078202,0.31163058103993535,0.2811451926827431,0.2275112357456237,0.18399549112655222,0.18531016330234706,0.16845247498713434,0.14511951338499784,0.13212809106335044,0.11956710327649489,0.12203787826001644,0.1249353070743382,0.12436988958506845,0.1087481479626149,0.09656134736724198,0.09934188437182456,0.09836045862175524,0.10721079888753593,0.08755319358897395,0.08572769409511238,0.08065471309237182,0.08199045827495866,0.07106725050834939,0.07090951531426981,0.07478629337856546,0.07073316641617566,0.06878141389461234,0.06751578315743245,0.06645389419281855,0.06552424971596338,0.06470087505294941,0.06397077816654928,0.0633258965681307,0.06276018169592135,0.062269535090308636,0.06185026711318642,0.06149963277857751,0.061215589521452785,0.06099635310238227,0.060840630205348134,0.060747485083993524,0.06071661366149783,0.060747485083993524,0.060840630205348134,0.06099635310238227,0.061215589521452785,0.06149963277857751,0.06185026711318642,0.062269535090308636,0.06276018169592135,0.0633258965681307,0.06397077816654928,0.06470087505294941,0.06552424971596338,0.06645389419281855,0.06751578315743245,0.06878141389461234,0.07073316641617566,0.07478629337856546,0.07090951531426981,0.07106725050834939,0.08199045827495866,0.08065471309237182,0.08572769409511238,0.08755319358897395,0.10721079888753593,0.09836045862175524,0.09934188437182456,0.09656134736724198,0.1087481479626149,0.12436988958506845,0.1249353070743382,0.12203787826001644,0.11956710327649489,0.13212809106335044,0.14511951338499784,0.16845247498713434,0.18531016330234706,0.18399549112655222,0.2275112357456237,0.2811451926827431,0.31163058103993535,0.3864226574078202,0.5410145237110555,0.6167714041657746,1.220663057640195,1.2659688694402575,1.4377017095685005,1.6131461393088102,2.6416970938444138,4.405471622943878
4.424004020169377,4.229576177895069,4.576374568045139,2.029852418228984,1.6177955977618694,1.5915267765522003,1.5231932830065489,1.0210650162771344,0.5364999619778246,0.4603550499305129,0.40167711675167084,0.29020125744864345,0.3428635143209249,0.22369808598887175,0.2603605187032372,0.22024998301640153,0.20974947465583682,0.18030420178547502,0.17487649712711573,0.17010696430224925,0.15241613960824907,0.16408670786768198,0.14676053792936727,0.137952642980963,0.1309723323211074,0.11685601435601711,0.13135518971830606,0.11647594638634473,0.12307303643319756,0.1065478555392474,0.11406912552774884,0.09625699976459146,0.10435141797643155,0.09936124866362661,0.09524880177923478,0.09301067638443783,0.09135116687684786,0.08994546874600928,0.08871609744528541,0.087617489080003,0.08663522876304341,0.08576260636618827,0.08499433386896271,0.08432621121755801,0.08375421185337473,0.08327545429347083,0.08288725779857486,0.08258740570454393,0.08237437583738938,0.082247046608245,0.08220469951629639,0.082247046608245,0.08237437583738938,0.08258740570454393,0.08288725779857486,0.08327545429347083,0.08375421185337473,0.08432621121755801,0.08499433386896271,0.08576260636618827,0.08663522876304341,0.087617489080003,0.08871609744528541,0.08994546874600928,0.09135116687684786,0.09301067638443783,0.09524880177923478,0.09936124866362661,0.10435141797643155,0.09625699976459146,0.11406912552774884,0.1065478555392474,0.12307303643319756,0.11647594638634473,0.13135518971830606,0.11685601435601711,0.1309723323211074,0.137952642980963,0.14676053792936727,0.16408670786768198,0.15241613960824907,0.17010696430224925,0.17487649712711573,0.18030420178547502,0.20974947465583682,0.22024998301640153,0.2603605187032372,0.22369808598887175,0.3428635143209249,0.29020125744864345,0.40167711675167084,0.4603550499305129,0.5364999619778246,1.0210650162771344,1.5231932830065489,1.5915267765522003,1.6177955977618694,2.029852418228984,4.576374568045139,4.229576177895069
3.3822605777531862,5.8071330934762955,2.5322423768229783,1.5392187414690852,0.9515374507755041,1.2979681324213743,0.9395470321178436,0.5811697663739324,0.4256279105320573,0.38778381887823343,0.31010941741988063,0.26564143190626055,0.23935496993362904,0.22240781015716493,0.22405875008553267,0.1861998331733048,0.1756266534794122,0.17060826381202787,0.1675481143174693,0.15093875769525766,0.15292301395675167,0.14371554355602711,0.13077410100959241,0.13306789309717715,0.12393554177833721,0.12428985827136785,0.11950054869521409,0.11349286010954529,0.11151915456866845,0.10857031820341945,0.10522129712626338,0.10241825952834915,0.10306025226600468,0.09717548044864088,0.09618043099180795,0.09444937686203048,0.09296138997888193,0.09161751245846972,0.09040195649140514,0.0893059116351651,0.0883233777130954,0.08744857269630302,0.08667677994526457,0.08600400868454017,0.0854269355913857,0.08494250566582195,0.08454855488525936,0.0842435005470179,0.08402622148423688,0.08389611104212236,0.083852743729949,0.08389611104212236,0.08402622148423688,0.0842435005470179,0.08454855488525936,0.08494250566582195,0.0854269355913857,0.08600400868454017,0.08667677994526457,0.08744857269630302,0.0883233777130954,0.0893059116351651,0.09040195649140514,0.09161751245846972,0.09296138997888193,0.09444937686203048,0.09618043099180795,0.09717548044864088,0.10306025226600468,0.10241825952834915,0.10522129712626338,0.10857031820341945,0.11151915456866845,0.11349286010954529,0.11950054869521409,0.12428985827136785,0.12393554177833721,0.13306789309717715,0.13077410100959241,0.14371554355602711,0.15292301395675167,0.15093875769525766,0.1675481143174693,0.17060826381202787,0.1756266534794122,0.1861998331733048,0.22405875008553267,0.22240781015716493,0.23935496993362904,0.26564143190626055,0.31010941741988063,0.38778381887823343,0.4256279105320573,0.5811697663739324,0.9395470321178436,1.2979681324213743,0.9515374507755041,1.5392187414690852,2.5322423768229783,5.8071330934762955
5.200102627277374,4.99561519920826,2.3119721710681915,1.4387358780950308,0.9721800535917282,0.6926234248094261,0.41114687640219927,0.41843927348963916,0.34244367107748985,0.25247299391776323,0.22404117626138031,0.22382694389671087,0.19367972831241786,0.17841702041914687,0.16521619900595397,0.1537197381258011,0.15022559883072972,0.1376272402703762,0.13010276784189045,0.12175325257703662,0.11699265940114856,0.10999516653828323,0.10810897254850715,0.10572826012503356,0.10363160818815231,0.09791538841091096,0.09447392146103084,0.09338408010080457,0.09219563787337393,0.08828002854716033,0.08641407359391451,0.08416818792466074,0.08120006218086928,0.07950790005270392,0.0781897233100608,0.07709384826011956,0.0759580300655216,0.07490132073871791,0.07393569662235677,0.07306147192139179,0.07227623194921762,0.07157686247956008,0.07095980981830508,0.07042264885967597,0.06996213441016153,0.06957630795659497,0.06926315760938451,0.06902125128544867,0.06884925882332027,0.06874647451331839,0.06871224008500576,0.06874647451331839,0.06884925882332027,0.06902125128544867,0.06926315760938451,0.06957630795659497,0.06996213441016153,0.07042264885967597,0.07095980981830508,0.07157686247956008,0.07227623194921762,0.07306147192139179,0.07393569662235677,0.07490132073871791,0.0759580300655216,0.07709384826011956,0.0781897233100608,0.07950790005270392,0.08120006218086928,0.08416818792466074,0.08641407359391451,0.08828002854716033,0.09219563787337393,0.09338408010080457,0.09447392146103084,0.09791538841091096,0.10363160818815231,0.10572826012503356,0.10810897254850715,0.10999516653828323,0.11699265940114856,0.12175325257703662,0.13010276784189045,0.1376272402703762,0.15022559883072972,0.1537197381258011,0.16521619900595397,0.17841702041914687,0.19367972831241786,0.22382694389671087,0.22404117626138031,0.25247299391776323,0.34244367107748985,0.41843927348963916,0.41114687640219927,0.6926234248094261,0.9721800535917282,1.4387358780950308,2.3119721710681915,4.99561519920826
3.9174661468714476,6.207617454230785,3.0833314806222916,1.9941768683493137,1.0278543699532747,0.7092599146999419,0.555672565009445,0.49006552156060934,0.4179076091386378,0.34654976846650243,0.32027083076536655,0.2889235164038837,0.26099237939342856,0.23709552129730582,0.22363703651353717,0.20409018290229142,0.19618612434715033,0.1847201909404248,0.17783696972765028,0.166994173778221,0.15763609344139695,0.15164827986154705,0.1475908086868003,0.14134408999234438,0.13885758339893073,0.1332322859670967,0.12793246959336102,0.12506837374530733,0.12053018505685031,0.11940406798385084,0.11690826632548124,0.11315291956998408,0.11062877578660846,0.1089325100183487,0.1068337798351422,0.10511048429179937,0.10350795357953757,0.10204965248703957,0.10072913020849228,0.09953872032929212,0.0984723245492205,0.09752362850122154,0.09668766462709755,0.09595987084321678,0.09533651568926871,0.09481434349436313,0.0943906344473362,0.0940632144920528,0.09383045590948313,0.09369132143910974,0.09364504972472787,0.09369132143910974,0.09383045590948313,0.0940632144920528,0.0943906344473362,0.09481434349436313,0.09533651568926871,0.09595987084321678,0.09668766462709755,0.09752362850122154,0.0984723245492205,0.09953872032929212,0.10072913020849228,0.10204965248703957,0.10350795357953757,0.10511048429179937,0.1068337798351422,0.1089325100183487,0.11062877578660846,0.11315291956998408,0.11690826632548124,0.11940406798385084,0.12053018505685031,0.12506837374530733,0.12793246959336102,0.1332322859670967,0.13885758339893073,0.14134408999234438,0.1475908086868003,0.15164827986154705,0.15763609344139695,0.166994173778221,0.17783696972765028,0.1847201909404248,0.19618612434715033,0.20409018290229142,0.22363703651353717,0.23709552129730582,0.26099237939342856,0.2889235164038837,0.32027083076536655,0.34654976846650243,0.4179076091386378,0.49006552156060934,0.555672565009445,0.7092599146999419,1.0278543699532747,1.9941768683493137,3.0833314806222916,6.207617454230785
5.821061531081796,5.316070728003979,3.526425249874592,1.292663563042879,0.8239486459642649,0.732271233573556,0.5215480076149106,0.3804634870029986,0.3654462629929185,0.28068434773012996,0.25567031698301435,0.24438981083221734,0.2218138501048088,0.20528241340070963,0.18824114731978625,0.1795108305523172,0.16906710295006633,0.15731604245956987,0.14895742246881127,0.14297684363555163,0.137692628079094,0.13250810001045465,0.12475804088171571,0.12023500830400735,0.11493422812782228,0.11352850357070565,0.11017994722351432,0.10605491162277758,0.1040241700829938,0.10047705110628158,0.09950403939001262,0.09729192446684465,0.0934779157396406,0.0931869150372222,0.09099101566243917,0.0895323061849922,0.08816987823229283,0.08692881197202951,0.08580432902090251,0.08479043492116034,0.08388206211384386,0.08307389676338062,0.08236149122240022,0.08174152567517012,0.08121034631039947,0.08076540590263903,0.08040423010243103,0.08012527850223705,0.07992695865686983,0.07980830891756341,0.0797688476741314,0.07980830891756341,0.07992695865686983,0.08012527850223705,0.08040423010243103,0.08076540590263903,0.08121034631039947,0.08174152567517012,0.08236149122240022,0.08307389676338062,0.08388206211384386,0.08479043492116034,0.08580432902090251,0.08692881197202951,0.08816987823229283,0.0895323061849922,0.09099101566243917,0.0931869150372222,0.0934779157396406,0.09729192446684465,0.09950403939001262,0.10047705110628158,0.1040241700829938,0.10605491162277758,0.11017994722351432,0.11352850357070565,0.11493422812782228,0.12023500830400735,0.12475804088171571,0.13250810001045465,0.137692628079094,0.14297684363555163,0.14895742246881127,0.15731604245956987,0.16906710295006633,0.1795108305523172,0.18824114731978625,0.20528241340070963,0.2218138501048088,0.24438981083221734,0.25567031698301435,0.28068434773012996,0.3654462629929185,0.3804634870029986,0.5215480076149106,0.732271233573556,0.8239486459642649,1.292663563042879,3.526425249874592,5.316070728003979
2.335609620437026,7.135636284947395,2.441304825246334,1.1840833062306046,0.7779222498647869,0.788341099396348,0.6070241220295429,0.4768789520021528,0.4125834421720356,0.3469889210537076,0.3299020011909306,0.3004873231984675,0.27058208594098687,0.24787001591175795,0.23225024435669184,0.2173857290763408,0.20078423584345728,0.19078442896716297,0.1837767877150327,0.17496425402350724,0.16964218067005277,0.15831169730518013,0.1551106331171468,0.14633051177952439,0.14176190877333283,0.13782708765938878,0.13296218740288168,0.1307955075171776,0.12650828808546066,0.1247464595362544,0.1193238600390032,0.11855158151593059,0.11569806269835681,0.11263491516001523,0.11103094229474664,0.10921619809232652,0.10755939409136772,0.10604817781131715,0.10467763419728726,0.10344156308565289,0.10233312170021236,0.10134699119953439,0.1004777493653819,0.09972081991145387,0.09907268470851704,0.09852939698612317,0.09808866394450888,0.09774814336560667,0.09750602557323873,0.09736131160752848,0.0973130757920444,0.09736131160752848,0.09750602557323873,0.09774814336560667,0.09808866394450888,0.09852939698612317,0.09907268470851704,0.09972081991145387,0.1004777493653819,0.10134699119953439,0.10233312170021236,0.10344156308565289,0.10467763419728726,0.10604817781131715,0.10755939409136772,0.10921619809232652,0.11103094229474664,0.11263491516001523,0.11569806269835681,0.11855158151593059,0.1193238600390032,0.1247464595362544,0.12650828808546066,0.1307955075171776,0.13296218740288168,0.13782708765938878,0.14176190877333283,0.14633051177952439,0.1551106331171468,0.15831169730518013,0.16964218067005277,0.17496425402350724,0.1837767877150327,0.19078442896716297,0.20078423584345728,0.2173857290763408,0.23225024435669184,0.24787001591175795,0.27058208594098687,0.3004873231984675,0.3299020011909306,0.3469889210537076,0.4125834421720356,0.4768789520021528,0.6070241220295429,0.788341099396348,0.7779222498647869,1.1840833062306046,2.441304825246334,7.135636284947395
6.774870291352272,5.14374502748251,4.1631002351641655,1.759162724018097,0.9758544024080038,1.0415516141802073,0.7181973364204168,0.5488455891609192,0.48834762535989285,0.4431054266169667,0.38353306613862514,0.3255139086395502,0.32791363866999745,0.2884589694440365,0.2722926950082183,0.25249583274126053,0.24168071011081338,0.22739139525219798,0.22451289324089885,0.2011974612250924,0.19645523047074676,0.1869564880616963,0.18261142168194056,0.17664795415475965,0.16815684596076608,0.16569627588614821,0.15580269135534763,0.14948631264269352,0.14887896948494017,0.14513872214592993,0.1408842778764665,0.13827409548684955,0.13444961910136044,0.1329222711501643,0.1302181127248332,0.1279879619833082,0.12600932572968304,0.12421852210536599,0.12260001071263105,0.12114277214277536,0.1198376091197133,0.11867718026041985,0.11765460262540728,0.11676480725873262,0.11600270040798932,0.1153643693542108,0.11484637786634266,0.11444625945296139,0.11416187253780663,0.11399180395528674,0.11393505707383156,0.11399180395528674,0.11416187253780663,0.11444625945296139,0.11484637786634266,0.1153643693542108,0.11600270040798932,0.11676480725873262,0.11765460262540728,0.11867718026041985,0.1198376091197133,0.12114277214277536,0.12260001071263105,0.12421852210536599,0.12600932572968304,0.1279879619833082,0.1302181127248332,0.1329222711501643,0.13444961910136044,0.13827409548684955,0.1408842778764665,0.14513872214592993,0.14887896948494017,0.14948631264269352,0.15580269135534763,0.16569627588614821,0.16815684596076608,0.17664795415475965,0.18261142168194056,0.1869564880616963,0.19645523047074676,0.2011974612250924,0.22451289324089885,0.22739139525219798,0.24168071011081338,0.25249583274126053,0.2722926950082183,0.2884589694440365,0.32791363866999745,0.3255139086395502,0.38353306613862514,0.4431054266169667,0.48834762535989285,0.5488455891609192,0.7181973364204168,1.0415516141802073,0.9758544024080038,1.759162724018097,4.1631002351641655,5.14374502748251
3.3278651535511017,7.2505847960710526,2.5785467103123665,1.1427734829485416,0.7196117932908237,0.5436235372908413,0.4716172534972429,0.4059666385874152,0.3190727895125747,0.2755045723170042,0.24142161663621664,0.21565132745308802,0.20110926777124405,0.1824830487021245,0.167961559840478,0.15515656454954296,0.1490018338081427,0.143404352478683,0.13703285541851074,0.1297733715036884,0.12444866262376308,0.1147667997283861,0.11197409982560202,0.10957329190568998,0.10392960434546694,0.1008182976511307,0.09721308533335105,0.09642553306184709,0.09463502105791122,0.0912250368273817,0.08725836628582329,0.08620200917357579,0.08483257846091874,0.08299751885351725,0.08090338594047353,0.07977122903685085,0.07859891178668477,0.07750919088721275,0.07651418991736136,0.0756138306169305,0.07480515673523769,0.0740848470304627,0.07344945045770146,0.07289609397412278,0.07242177921580151,0.07202429944300093,0.07170172498445027,0.0714525471557863,0.0712753587285988,0.07116937538376078,0.07113413326442242,0.07116937538376078,0.0712753587285988,0.0714525471557863,0.07170172498445027,0.07202429944300093,0.07242177921580151,0.07289609397412278,0.07344945045770146,0.0740848470304627,0.07480515673523769,0.0756138306169305,0.07651418991736136,0.07750919088721275,0.07859891178668477,0.07977122903685085,0.08090338594047353,0.08299751885351725,0.08483257846091874,0.08620200917357579,0.08725836628582329,0.0912250368273817,0.09463502105791122,0.09642553306184709,0.09721308533335105,0.1008182976511307,0.10392960434546694,0.10957329190568998,0.11197409982560202,0.1147667997283861,0.12444866262376308,0.1297733715036884,0.13703285541851074,0.143404352478683,0.1490018338081427,0.15515656454954296,0.167961559840478,0.1824830487021245,0.20110926777124405,0.21565132745308802,0.24142161663621664,0.2755045723170042,0.3190727895125747,0.4059666385874152,0.4716172534972429,0.5436235372908413,0.7196117932908237,1.1427734829485416,2.5785467103123665,7.2505847960710526
4.034583204425871,5.441659353673458,2.840451955795288,1.099097234196961,0.5977317867800593,0.5238538687117398,0.42492160433903337,0.3564936420880258,0.286219353787601,0.26159435394220054,0.2401314633898437,0.21586559258867055,0.195601580751827,0.17519244237337261,0.16607699514133856,0.15384754425031133,0.14601696649333462,0.13760075205937028,0.1301480516558513,0.12464230300975032,0.11748830205760896,0.11262717549107037,0.10829271038528532,0.10331964447686914,0.10134745296454639,0.09799026363180019,0.09436273020401131,0.09233011915057432,0.08887801104719983,0.0869382020609919,0.0854608673544135,0.083170198238804,0.081601908794255,0.08028497068153229,0.07829911019507563,0.07705459853059438,0.07587619775040366,0.07480111862241756,0.07382688507459534,0.07294857276974653,0.07216176295605692,0.071461688628915,0.07084515311453288,0.07030814452718914,0.06984830338205938,0.06946309739305434,0.06915062712687359,0.06890909683170321,0.06873748437828908,0.06863488168892218,0.06860068999230862,0.06863488168892218,0.06873748437828908,0.06890909683170321,0.06915062712687359,0.06946309739305434,0.06984830338205938,0.07030814452718914,0.07084515311453288,0.071461688628915,0.07216176295605692,0.07294857276974653,0.07382688507459534,0.07480111862241756,0.07587619775040366,0.07705459853059438,0.07829911019507563,0.08028497068153229,0.081601908794255,0.083170198238804,0.0854608673544135,0.0869382020609919,0.08887801104719983,0.09233011915057432,0.09436273020401131,0.09799026363180019,0.10134745296454639,0.10331964447686914,0.10829271038528532,0.11262717549107037,0.11748830205760896,0.12464230300975032,0.1301480516558513,0.13760075205937028,0.14601696649333462,0.15384754425031133,0.16607699514133856,0.17519244237337261,0.195601580751827,0.21586559258867055,0.2401314633898437,0.26159435394220054,0.286219353787601,0.3564936420880258,0.42492160433903337,0.5238538687117398,0.5977317867800593,1.099097234196961,2.840451955795288,5.441659353673458
3.006600998342037,4.621088944375515,1.6856424901634455,0.7570001385174692,0.5639448268339038,0.3907133536413312,0.37292556231841445,0.29095177352428436,0.26487578416708857,0.22203776566311717,0.1926745269447565,0.16918936738511547,0.15772335277870297,0.14536265353672206,0.135658678249456,0.12664640706498176,0.1191791130695492,0.11166497354861349,0.10668538958998397,0.10158479504752904,0.09763032011687756,0.09313206863589585,0.0898083535139449,0.08704890334047377,0.08400777395581827,0.0812638922361657,0.07749400567263365,0.07598679151851684,0.07456738676410168,0.07233876612735912,0.06973984249634668,0.0694809271954,0.0680349831818603,0.06675874223583378,0.06504390272311866,0.06401599379023537,0.06303042016224936,0.062131913320627064,0.06131876545259729,0.060586417850572616,0.059930909890681505,0.059348182927351445,0.05883489124244079,0.05838854651665315,0.058006063336506486,0.057685911597218364,0.05742608575383201,0.05722547322511673,0.05708287900779396,0.05699753691442311,0.05696922121569514,0.05699753691442311,0.05708287900779396,0.05722547322511673,0.05742608575383201,0.057685911597218364,0.058006063336506486,0.05838854651665315,0.05883489124244079,0.059348182927351445,0.059930909890681505,0.060586417850572616,0.06131876545259729,0.062131913320627064,0.06303042016224936,0.06401599379023537,0.06504390272311866,0.06675874223583378,0.0680349831818603,0.0694809271954,0.06973984249634668,0.07233876612735912,0.07456738676410168,0.07598679151851684,0.07749400567263365,0.0812638922361657,0.08400777395581827,0.08704890334047377,0.0898083535139449,0.09313206863589585,0.09763032011687756,0.10158479504752904,0.10668538958998397,0.11166497354861349,0.1191791130695492,0.12664640706498176,0.135658678249456,0.14536265353672206,0.15772335277870297,0.16918936738511547,0.1926745269447565,0.22203776566311717,0.26487578416708857,0.29095177352428436,0.37292556231841445,0.3907133536413312,0.5639448268339038,0.7570001385174692,1.6856424901634455,4.621088944375515
2.666496677324176,3.0654677534475923,1.7035028040409088,0.9627461526542902,0.6294215116649866,0.46245221584104,0.35961729288101196,0.309476959053427,0.2704498637467623,0.23786634765565395,0.21945009334012866,0.1926709960680455,0.17559927538968623,0.16291687614284456,0.15216903341934085,0.14250885671935976,0.1334753065602854,0.12681772513315082,0.12050833192188293,0.11244994995649904,0.10869572928640991,0.10358041245490313,0.10009102814365178,0.09709894156549126,0.09228425868786871,0.08997172873932868,0.08756945130880922,0.08487071690615267,0.08254528208635747,0.08048010326456279,0.07895930542144924,0.0774033524794504,0.07554857200011611,0.07399528665700927,0.07278561597922817,0.07153227331582457,0.0704192515113391,0.06941309035755694,0.06850449182093143,0.06768699787789956,0.06695551745360717,0.06630549457622692,0.06573275447590277,0.06523446267237887,0.064808102149982,0.06445079058175907,0.0641609444282949,0.06393705803202465,0.06377795396838337,0.06368280778406188,0.06365111004561186,0.06368280778406188,0.06377795396838337,0.06393705803202465,0.0641609444282949,0.06445079058175907,0.064808102149982,0.06523446267237887,0.06573275447590277,0.06630549457622692,0.06695551745360717,0.06768699787789956,0.06850449182093143,0.06941309035755694,0.0704192515113391,0.07153227331582457,0.07278561597922817,0.07399528665700927,0.07554857200011611,0.0774033524794504,0.07895930542144924,0.08048010326456279,0.08254528208635747,0.08487071690615267,0.08756945130880922,0.08997172873932868,0.09228425868786871,0.09709894156549126,0.10009102814365178,0.10358041245490313,0.10869572928640991,0.11244994995649904,0.12050833192188293,0.12681772513315082,0.1334753065602854,0.14250885671935976,0.15216903341934085,0.16291687614284456,0.17559927538968623,0.1926709960680455,0.21945009334012866,0.23786634765565395,0.2704498637467623,0.309476959053427,0.35961729288101196,0.46245221584104,0.6294215116649866,0.9627461526542902,1.7035028040409088,3.0654677534475923
2.1758699694182724,3.2929479852318764,1.789039235562086,0.7826050957664847,0.7221630914136767,0.4325550049543381,0.4420223068445921,0.31168029201216996,0.21247756178490818,0.24632035056129098,0.16157795290928334,0.11581649666186422,0.12161880906205624,0.10314049432054162,0.08277034375350922,0.08401557186152786,0.10470877401530743,0.07917079667095095,0.07749407249502838,0.06036181322997436,0.06515404931269586,0.06216150347609073,0.055616650730371475,0.05023761608754285,0.049347662716172636,0.050895655498607084,0.04973008867818862,0.04460273854783736,0.0443382280645892,0.04118350596399978,0.04332953170523979,0.042068422728334554,0.04195074169547297,0.038209221478609834,0.03690943165565841,0.03602292516734451,0.035340776812518016,0.03475634357891977,0.03424295788863674,0.03378916491055861,0.03338744325446896,0.03303371972288005,0.03272409745841287,0.032455973618198186,0.03222731969435699,0.03203654184471816,0.03188201293232851,0.031762886472279206,0.03167828300502151,0.031627719436073676,0.031610933830961585,0.031627719436073676,0.03167828300502151,0.031762886472279206,0.03188201293232851,0.03203654184471816,0.03222731969435699,0.032455973618198186,0.03272409745841287,0.03303371972288005,0.03338744325446896,0.03378916491055861,0.03424295788863674,0.03475634357891977,0.035340776812518016,0.03602292516734451,0.03690943165565841,0.038209221478609834,0.04195074169547297,0.042068422728334554,0.04332953170523979,0.04118350596399978,0.0443382280645892,0.04460273854783736,0.04973008867818862,0.050895655498607084,0.049347662716172636,0.05023761608754285,0.055616650730371475,0.06216150347609073,0.06515404931269586,0.06036181322997436,0.07749407249502838,0.07917079667095095,0.10470877401530743,0.08401557186152786,0.08277034375350922,0.10314049432054162,0.12161880906205624,0.11581649666186422,0.16157795290928334,0.24632035056129098,0.21247756178490818,0.31168029201216996,0.4420223068445921,0.4325550049543381,0.7221630914136767,0.7826050957664847,1.789039235562086,3.2929479852318764
2.5813503339886665,5.161154046654701,3.8030241802334785,2.031709849834442,1.674881899729371,1.287369430065155,1.150288125500083,0.787093460559845,0.5001467033289373,0.4580607544630766,0.37550258450210094,0.3091262918896973,0.25624134950339794,0.2129236320615746,0.1749339335365221,0.1876662124413997,0.16893390123732388,0.17317887855460867,0.17725671967491508,0.1543588605709374,0.12306894105859101,0.13493152032606304,0.1125375788542442,0.13035168801434338,0.10681684804148972,0.11692803248297423,0.10276874015107751,0.09901463962160051,0.10042227327357978,0.09760783906676807,0.0811342754168436,0.09294168872293085,0.0855061818001559,0.0809911543619819,0.07956587101216428,0.07752452016575262,0.07610656743054278,0.07489947436260991,0.07383747503627092,0.07289581696386449,0.07206075041904114,0.07132307899883017,0.07067644677590579,0.07011606593732722,0.06963717509643175,0.06923706320230849,0.06891297228867188,0.06866289098979905,0.06848531647119671,0.06837923449347727,0.06834390200674534,0.06837923449347727,0.06848531647119671,0.06866289098979905,0.06891297228867188,0.06923706320230849,0.06963717509643175,0.07011606593732722,0.07067644677590579,0.07132307899883017,0.07206075041904114,0.07289581696386449,0.07383747503627092,0.07489947436260991,0.07610656743054278,0.07752452016575262,0.07956587101216428,0.0809911543619819,0.0855061818001559,0.09294168872293085,0.0811342754168436,0.09760783906676807,0.10042227327357978,0.09901463962160051,0.10276874015107751,0.11692803248297423,0.10681684804148972,0.13035168801434338,0.1125375788542442,0.13493152032606304,0.12306894105859101,0.1543588605709374,0.17725671967491508,0.17317887855460867,0.16893390123732388,0.1876662124413997,0.1749339335365221,0.2129236320615746,0.25624134950339794,0.3091262918896973,0.37550258450210094,0.4580607544630766,0.5001467033289373,0.787093460559845,1.150288125500083,1.287369430065155,1.674881899729371,2.031709849834442,3.8030241802334785,5.161154046654701
3.415389681234956,6.386942908167839,3.362772934138775,2.513483203947544,1.8544506020843983,1.681803435087204,1.0090449322015047,0.9587584175169468,0.6557924235239625,0.5721597555093467,0.4275003573857248,0.34616088203620166,0.31665764981880784,0.23491371097043157,0.25650149630382657,0.23615792009513825,0.20139851624844596,0.1907856019679457,0.15793926996411756,0.20160928001860157,0.14535542426165193,0.15300970303360373,0.14017829904332757,0.15785498404875398,0.14586457458790392,0.1285609797341749,0.1330090945120901,0.12485575687605888,0.11321855103597045,0.1188740108627826,0.11428560898639262,0.10936633028904907,0.1070226269075647,0.11059390637092292,0.10146965307649225,0.09933779964921996,0.09758755814982578,0.09606839323532768,0.09472460746474098,0.09352983038115781,0.09246878234262113,0.0915306256065378,0.09070748490921687,0.08999331282393541,0.08938317312276922,0.08887292635336053,0.08845934971759561,0.08814022578735603,0.08791348009981448,0.08777800687676063,0.08773293904960155,0.08777800687676063,0.08791348009981448,0.08814022578735603,0.08845934971759561,0.08887292635336053,0.08938317312276922,0.08999331282393541,0.09070748490921687,0.0915306256065378,0.09246878234262113,0.09352983038115781,0.09472460746474098,0.09606839323532768,0.09758755814982578,0.09933779964921996,0.10146965307649225,0.11059390637092292,0.1070226269075647,0.10936633028904907,0.11428560898639262,0.1188740108627826,0.11321855103597045,0.12485575687605888,0.1330090945120901,0.1285609797341749,0.14586457458790392,0.15785498404875398,0.14017829904332757,0.15300970303360373,0.14535542426165193,0.20160928001860157,0.15793926996411756,0.1907856019679457,0.20139851624844596,0.23615792009513825,0.25650149630382657,0.23491371097043157,0.31665764981880784,0.34616088203620166,0.4275003573857248,0.5721597555093467,0.6557924235239625,0.9587584175169468,1.0090449322015047,1.681803435087204,1.8544506020843983,2.513483203947544,3.362772934138775,6.386942908167839
3.868110166862607,6.21098954975605,3.208435647189617,1.5555273052304983,1.2801969964057207,1.2556087672710419,0.8620691522955894,0.6261314712464809,0.4819474208634347,0.4330296549014747,0.3779608071781695,0.3496432725805789,0.3312788181938231,0.29452043486526236,0.26389531360473484,0.25386031647212803,0.22474907850846648,0.2157403752207756,0.20928073476534337,0.19744890369474888,0.18825432029552758,0.18734712060540915,0.17425687256036326,0.174849983304739,0.15558040741598234,0.16158039559377357,0.15322092920541763,0.15156822159769945,0.14309643965680152,0.14432325027883053,0.13739464555692393,0.13160840247292072,0.13219897577073425,0.13012500706827268,0.12757271964801475,0.12489235537941568,0.12283044084324501,0.12101792197790928,0.1193991115433164,0.11795033651287667,0.11665766898659058,0.11551127160782926,0.11450276215327904,0.11362598807318136,0.11287584545789286,0.11224785436934326,0.11173863090516534,0.1113453581056092,0.1110658637189772,0.11089882424857933,0.11084314249455929,0.11089882424857933,0.1110658637189772,0.1113453581056092,0.11173863090516534,0.11224785436934326,0.11287584545789286,0.11362598807318136,0.11450276215327904,0.11551127160782926,0.11665766898659058,0.11795033651287667,0.1193991115433164,0.12101792197790928,0.12283044084324501,0.12489235537941568,0.12757271964801475,0.13012500706827268,0.13219897577073425,0.13160840247292072,0.13739464555692393,0.14432325027883053,0.14309643965680152,0.15156822159769945,0.15322092920541763,0.16158039559377357,0.15558040741598234,0.174849983304739,0.17425687256036326,0.18734712060540915,0.18825432029552758,0.19744890369474888,0.20928073476534337,0.2157403752207756,0.22474907850846648,0.25386031647212803,0.26389531360473484,0.29452043486526236,0.3312788181938231,0.3496432725805789,0.3779608071781695,0.4330296549014747,0.4819474208634347,0.6261314712464809,0.8620691522955894,1.2556087672710419,1.2801969964057207,1.5555273052304983,3.208435647189617,6.21098954975605
6.963427804410458,5.5797562301158905,2.6222706213593483,1.1318629533052444,0.9680368453264236,0.8400830570608377,0.621647447347641,0.4992790590040386,0.41270946292206645,0.36401972686871886,0.30244087730534375,0.2699152771383524,0.23044931050390005,0.21536226919852197,0.19901711057173088,0.18431787029840052,0.18081047863233835,0.16600278997793794,0.16543447063304484,0.15151159767992795,0.14644816995132715,0.14220947492867708,0.1330850716913119,0.13336917135166004,0.12558430572971702,0.12047941365744919,0.11860618193168193,0.11614749929867685,0.11121665081009269,0.10853546811267734,0.10695951490197331,0.10441965266363695,0.10213706403737888,0.10063059179810807,0.09848691162187606,0.09675487381173298,0.09522986761294305,0.09385750716319308,0.0926210067118518,0.09151022246805951,0.09051686467137188,0.0896346852532588,0.0888579775346443,0.08818228467134759,0.08760393544798717,0.08711968181887642,0.08672690734965727,0.08642350538866594,0.08620786317624152,0.08607892808504403,0.08603598177433014,0.08607892808504403,0.08620786317624152,0.08642350538866594,0.08672690734965727,0.08711968181887642,0.08760393544798717,0.08818228467134759,0.0888579775346443,0.0896346852532588,0.09051686467137188,0.09151022246805951,0.0926210067118518,0.09385750716319308,0.09522986761294305,0.09675487381173298,0.09848691162187606,0.10063059179810807,0.10213706403737888,0.10441965266363695,0.10695951490197331,0.10853546811267734,0.11121665081009269,0.11614749929867685,0.11860618193168193,0.12047941365744919,0.12558430572971702,0.13336917135166004,0.1330850716913119,0.14220947492867708,0.14644816995132715,0.15151159767992795,0.16543447063304484,0.16600278997793794,0.18081047863233835,0.18431787029840052,0.19901711057173088,0.21536226919852197,0.23044931050390005,0.2699152771383524,0.30244087730534375,0.36401972686871886,0.41270946292206645,0.4992790590040386,0.621647447347641,0.8400830570608377,0.9680368453264236,1.1318629533052444,2.6222706213593483,5.5797562301158905
4.052331171929836,6.789565697312355,3.764384441077709,1.8430948164314032,1.079655989073217,0.8794844106305391,0.732567623257637,0.5490982229821384,0.47597538586705923,0.4181955982930958,0.38925185427069664,0.3379219281487167,0.29647560126613826,0.28494321973994374,0.263346535153687,0.24287361348979175,0.2307166379177943,0.21685770503245294,0.20512362173758447,0.19493080186657608,0.1879312600940466,0.17972328036557883,0.1748224181937985,0.166990868980065,0.16224409063579515,0.15672067704144865,0.1521146331797354,0.1472246689372696,0.14347735518822446,0.14176849037175998,0.13556399481603876,0.1340964040136896,0.13065206137252972,0.128736968326848,0.12607370124896988,0.1239683575113304,0.12206081603653729,0.12033077323576435,0.11876608309103176,0.1173568339436315,0.1160948394681327,0.1149724997812882,0.11398375884164125,0.11312318046111614,0.11238626996055245,0.11176896112738177,0.11126802180660889,0.11088104610098526,0.11060599097982049,0.11044157238211483,0.11038681119680405,0.11044157238211483,0.11060599097982049,0.11088104610098526,0.11126802180660889,0.11176896112738177,0.11238626996055245,0.11312318046111614,0.11398375884164125,0.1149724997812882,0.1160948394681327,0.1173568339436315,0.11876608309103176,0.12033077323576435,0.12206081603653729,0.1239683575113304,0.12607370124896988,0.128736968326848,0.13065206137252972,0.1340964040136896,0.13556399481603876,0.14176849037175998,0.14347735518822446,0.1472246689372696,0.1521146331797354,0.15672067704144865,0.16224409063579515,0.166990868980065,0.1748224181937985,0.17972328036557883,0.1879312600940466,0.19493080186657608,0.20512362173758447,0.21685770503245294,0.2307166379177943,0.24287361348979175,0.263346535153687,0.28494321973994374,0.29647560126613826,0.3379219281487167,0.38925185427069664,0.4181955982930958,0.47597538586705923,0.5490982229821384,0.732567623257637,0.8794844106305391,1.079655989073217,1.8430948164314032,3.764384441077709,6.789565697312355
5.5129843428730965,6.079252488911152,3.1039325073361397,0.8658697186037898,0.5301265744492412,0.47726828791201115,0.39238249510526657,0.2565529653802514,0.17699273902690038,0.17708421708084643,0.15381600882392377,0.13695855799596757,0.12636225821916014,0.11171180458040908,0.101846186327748,0.09402963414322585,0.08953993712202646,0.08314727932884125,0.08037724395398982,0.07362533098785207,0.07157174596068216,0.06645192790892906,0.06502151052700356,0.062102214302285574,0.05870413445518352,0.057402705162530765,0.05787280431832187,0.056338409980526194,0.05449878328363411,0.0520046052406542,0.05084143381100148,0.05073929289937951,0.04871591031405842,0.048315338339307345,0.04703472940309439,0.04621045716339722,0.045483025067369454,0.044826549594290555,0.04423437772493344,0.043701963251805864,0.04322563498863019,0.042802514813956805,0.042430069006513804,0.042105976841412485,0.04182852079975419,0.041596189825213514,0.04140775220002979,0.041262195707531646,0.04115876513242256,0.041096874338109046,0.04107629135251045,0.041096874338109046,0.04115876513242256,0.041262195707531646,0.04140775220002979,0.041596189825213514,0.04182852079975419,0.042105976841412485,0.042430069006513804,0.042802514813956805,0.04322563498863019,0.043701963251805864,0.04423437772493344,0.044826549594290555,0.045483025067369454,0.04621045716339722,0.04703472940309439,0.048315338339307345,0.04871591031405842,0.05073929289937951,0.05084143381100148,0.0520046052406542,0.05449878328363411,0.056338409980526194,0.05787280431832187,0.057402705162530765,0.05870413445518352,0.062102214302285574,0.06502151052700356,0.06645192790892906,0.07157174596068216,0.07362533098785207,0.08037724395398982,0.08314727932884125,0.08953993712202646,0.09402963414322585,0.101846186327748,0.11171180458040908,0.12636225821916014,0.13695855799596757,0.15381600882392377,0.17708421708084643,0.17699273902690038,0.2565529653802514,0.39238249510526657,0.47726828791201115,0.5301265744492412,0.8658697186037898,3.1039325073361397,6.079252488911152
5.195143334567547,5.664178006350994,4.483274586498737,1.6639074496924877,1.258212111890316,0.8935605883598328,0.7831697203218937,0.6470657372847199,0.5770158497616649,0.4707286134362221,0.44744381960481405,0.4032066287472844,0.3438550017308444,0.32805170328356326,0.3007065730635077,0.28008474549278617,0.2723158511798829,0.25256647943751886,0.24026988970581442,0.22658820706419647,0.21935278398450464,0.207651064847596,0.2007780543062836,0.19468653859803453,0.18803296075202525,0.18159796734107658,0.1748948780586943,0.16797424998367205,0.16410501347854733,0.16040949703892693,0.1595865084673278,0.15415034629404545,0.15053144891862758,0.14778498825035058,0.14507905818754807,0.1426320723257959,0.14041610347339883,0.13840541272656992,0.13658707990543917,0.13494985713623464,0.13348426017910242,0.13218104076804593,0.13103343325201422,0.1300345787894912,0.12917952015413903,0.12846331667969935,0.12788227398414165,0.1274334586923942,0.12711445440072566,0.1269236980297137,0.12686023488640785,0.1269236980297137,0.12711445440072566,0.1274334586923942,0.12788227398414165,0.12846331667969935,0.12917952015413903,0.1300345787894912,0.13103343325201422,0.13218104076804593,0.13348426017910242,0.13494985713623464,0.13658707990543917,0.13840541272656992,0.14041610347339883,0.1426320723257959,0.14507905818754807,0.14778498825035058,0.15053144891862758,0.15415034629404545,0.1595865084673278,0.16040949703892693,0.16410501347854733,0.16797424998367205,0.1748948780586943,0.18159796734107658,0.18803296075202525,0.19468653859803453,0.2007780543062836,0.207651064847596,0.21935278398450464,0.22658820706419647,0.24026988970581442,0.25256647943751886,0.2723158511798829,0.28008474549278617,0.3007065730635077,0.32805170328356326,0.3438550017308444,0.4032066287472844,0.44744381960481405,0.4707286134362221,0.5770158497616649,0.6470657372847199,0.7831697203218937,0.8935605883598328,1.258212111890316,1.6639074496924877,4.483274586498737,5.664178006350994
4.4044060949236155,6.537526339292526,3.110464757308364,1.0544401295483112,0.6927197957411408,0.5451590307056904,0.38345481967553496,0.35967909451574087,0.24432934145443141,0.21901862765662372,0.17406080407090485,0.16005642688833177,0.14975934039102867,0.13295708480291069,0.11799878359306604,0.1221305177314207,0.11313889175653458,0.10256107692839578,0.09419145423453301,0.0874783557956107,0.08854222332593054,0.08581214339938015,0.07746845329529606,0.07779304223367944,0.07399865763727576,0.07040174183202907,0.0703556882799603,0.06451250077225268,0.06435806938679889,0.06547802779823542,0.06086121989937965,0.05971479584695771,0.060018305463017896,0.05806156509788707,0.05684264484443702,0.05586719184066169,0.05498908105073497,0.05419764248654246,0.05348376510664821,0.05284164735348895,0.05226711608702317,0.05175654366030358,0.05130689061479643,0.050915744504891336,0.050580666720634326,0.050300116767175496,0.050072512414772063,0.04989672766532749,0.049771757679991424,0.04969705836265348,0.04967216937802732,0.04969705836265348,0.049771757679991424,0.04989672766532749,0.050072512414772063,0.050300116767175496,0.050580666720634326,0.050915744504891336,0.05130689061479643,0.05175654366030358,0.05226711608702317,0.05284164735348895,0.05348376510664821,0.05419764248654246,0.05498908105073497,0.05586719184066169,0.05684264484443702,0.05806156509788707,0.060018305463017896,0.05971479584695771,0.06086121989937965,0.06547802779823542,0.06435806938679889,0.06451250077225268,0.0703556882799603,0.07040174183202907,0.07399865763727576,0.07779304223367944,0.07746845329529606,0.08581214339938015,0.08854222332593054,0.0874783557956107,0.09419145423453301,0.10256107692839578,0.11313889175653458,0.1221305177314207,0.11799878359306604,0.13295708480291069,0.14975934039102867,0.16005642688833177,0.17406080407090485,0.21901862765662372,0.24432934145443141,0.35967909451574087,0.38345481967553496,0.5451590307056904,0.6927197957411408,1.0544401295483112,3.110464757308364,6.537526339292526
3.2451492454856634,5.362097132951021,3.642966367304325,1.4489715099334717,0.9943434419110417,0.8222014610655606,0.6696883672848344,0.49397809850052,0.4617525404319167,0.3833144372329116,0.34877325990237296,0.31732345931231976,0.2890403983183205,0.2657230969052762,0.24774520751088858,0.23386664455756545,0.2169732293114066,0.2078398554585874,0.19675989472307265,0.18511784495785832,0.1758545076008886,0.16971065918914974,0.16228126804344356,0.15907031297683716,0.15100329753477126,0.1480191289447248,0.1433358294889331,0.13949163793586195,0.1361922319047153,0.13098205719143152,0.128694633487612,0.1263246019370854,0.12262013170402497,0.1208254931261763,0.11845953343436122,0.11664823850151151,0.11490050842985511,0.11329640122130513,0.11183850921224803,0.11052208160981536,0.10934086760971695,0.10828949394635856,0.10736244672443718,0.10655513731762767,0.10586338955909014,0.10528376093134284,0.10481332498602569,0.10444989998359233,0.10419150011148304,0.10403705353382975,0.10398556478321552,0.10403705353382975,0.10419150011148304,0.10444989998359233,0.10481332498602569,0.10528376093134284,0.10586338955909014,0.10655513731762767,0.10736244672443718,0.10828949394635856,0.10934086760971695,0.11052208160981536,0.11183850921224803,0.11329640122130513,0.11490050842985511,0.11664823850151151,0.11845953343436122,0.1208254931261763,0.12262013170402497,0.1263246019370854,0.128694633487612,0.13098205719143152,0.1361922319047153,0.13949163793586195,0.1433358294889331,0.1480191289447248,0.15100329753477126,0.15907031297683716,0.16228126804344356,0.16971065918914974,0.1758545076008886,0.18511784495785832,0.19675989472307265,0.2078398554585874,0.2169732293114066,0.23386664455756545,0.24774520751088858,0.2657230969052762,0.2890403983183205,0.31732345931231976,0.34877325990237296,0.3833144372329116,0.4617525404319167,0.49397809850052,0.6696883672848344,0.8222014610655606,0.9943434419110417,1.4489715099334717,3.642966367304325,5.362097132951021
2.827604797668755,4.870560493320227,2.1922343391925097,0.8145170900970697,0.5638800291344523,0.34538366249762475,0.305765574099496,0.23291440471075475,0.21591474185697734,0.1827927372069098,0.15450772957410663,0.14142659562639892,0.1297143996343948,0.118432451330591,0.1119937079056399,0.10305983904981986,0.09559461422031745,0.09261592797702178,0.08824350431677885,0.08336426204186864,0.07875006026006304,0.07480344924260862,0.07264143803331535,0.068948035579524,0.06635208539955784,0.06574776579509489,0.0634534704440739,0.06188753628521226,0.06003959459485486,0.05824982890771935,0.05733916703320574,0.05615918754483573,0.05470414749288466,0.053812667923921254,0.052379980552359484,0.051541424021706916,0.05074600524676498,0.05002152100132662,0.04936612972596777,0.04877593081255327,0.048247620223264676,0.04777812211250421,0.04736450596828945,0.04700474075070815,0.04669673101307126,0.04643884239703766,0.04622949036274804,0.04606786220756476,0.045952988180943066,0.045884250866947696,0.045861368998885155,0.045884250866947696,0.045952988180943066,0.04606786220756476,0.04622949036274804,0.04643884239703766,0.04669673101307126,0.04700474075070815,0.04736450596828945,0.04777812211250421,0.048247620223264676,0.04877593081255327,0.04936612972596777,0.05002152100132662,0.05074600524676498,0.051541424021706916,0.052379980552359484,0.053812667923921254,0.05470414749288466,0.05615918754483573,0.05733916703320574,0.05824982890771935,0.06003959459485486,0.06188753628521226,0.0634534704440739,0.06574776579509489,0.06635208539955784,0.068948035579524,0.07264143803331535,0.07480344924260862,0.07875006026006304,0.08336426204186864,0.08824350431677885,0.09261592797702178,0.09559461422031745,0.10305983904981986,0.1119937079056399,0.118432451330591,0.1297143996343948,0.14142659562639892,0.15450772957410663,0.1827927372069098,0.21591474185697734,0.23291440471075475,0.305765574099496,0.34538366249762475,0.5638800291344523,0.8145170900970697,2.1922343391925097,4.870560493320227
2.649746458977461,3.430643457919359,1.8289175760000944,0.7791317123919725,0.5590200144797564,0.42342326091602445,0.3411911469884217,0.2859554917085916,0.22965388395823538,0.21313619683496654,0.1824350687675178,0.16958536230958998,0.16051574144512415,0.1438320567831397,0.13501121487934142,0.12667881860397756,0.11612619727384299,0.10980875161476433,0.10539932630490512,0.10237796930596232,0.09580425871536136,0.09155913314316422,0.08779213589150459,0.08466975193005055,0.08272844192106277,0.0792368104448542,0.07760775141650811,0.07411777199013159,0.07279024133458734,0.07136892405105755,0.06972717202734202,0.06806261843303218,0.06638333760201931,0.0652319829678163,0.06399052357301116,0.06296281010145321,0.06200641434406862,0.06113477685721591,0.0603446556488052,0.05963226384483278,0.05899386294186115,0.05842595349531621,0.057925232977140695,0.05748925911029801,0.05711587151745334,0.056802993873134255,0.05654920369852334,0.05635308602359146,0.056213665986433625,0.056130300741642714,0.056102603673934937,0.056130300741642714,0.056213665986433625,0.05635308602359146,0.05654920369852334,0.056802993873134255,0.05711587151745334,0.05748925911029801,0.057925232977140695,0.05842595349531621,0.05899386294186115,0.05963226384483278,0.0603446556488052,0.06113477685721591,0.06200641434406862,0.06296281010145321,0.06399052357301116,0.0652319829678163,0.06638333760201931,0.06806261843303218,0.06972717202734202,0.07136892405105755,0.07279024133458734,0.07411777199013159,0.07760775141650811,0.0792368104448542,0.08272844192106277,0.08466975193005055,0.08779213589150459,0.09155913314316422,0.09580425871536136,0.10237796930596232,0.10539932630490512,0.10980875161476433,0.11612619727384299,0.12667881860397756,0.13501121487934142,0.1438320567831397,0.16051574144512415,0.16958536230958998,0.1824350687675178,0.21313619683496654,0.22965388395823538,0.2859554917085916,0.3411911469884217,0.42342326091602445,0.5590200144797564,0.7791317123919725,1.8289175760000944,3.430643457919359
1.8811927898786962,2.8298345804214478,1.1591219566762447,0.5495266411453485,0.35277685755863786,0.24763754452578723,0.18692385707981884,0.14230908267199993,0.1280076706316322,0.10008820425719023,0.0890393229201436,0.08734363439725712,0.07816670124884695,0.06843102549464675,0.0645509457681328,0.06083964230492711,0.0571258214476984,0.05419576207350474,0.051169274433050305,0.050142599357059225,0.04703817664994858,0.04449660031241365,0.04330518912320258,0.04153180275170598,0.0406409555580467,0.03918956203779089,0.03724783800998921,0.036848058152827434,0.036111149325734004,0.034787979115208145,0.033954958693357185,0.03356618446559878,0.032460703507240396,0.03164394968916895,0.031261220945452806,0.03071793766139308,0.03023948394547915,0.02980737173857051,0.02941713829568471,0.02906590871862136,0.028751408248353982,0.02847192983244895,0.028225834026670782,0.028011467944452306,0.02782798418775201,0.02767447943551815,0.027549804242880782,0.02745348890675814,0.02738504066655878,0.027344132318830816,0.027330486569553614,0.027344132318830816,0.02738504066655878,0.02745348890675814,0.027549804242880782,0.02767447943551815,0.02782798418775201,0.028011467944452306,0.028225834026670782,0.02847192983244895,0.028751408248353982,0.02906590871862136,0.02941713829568471,0.02980737173857051,0.03023948394547915,0.03071793766139308,0.031261220945452806,0.03164394968916895,0.032460703507240396,0.03356618446559878,0.033954958693357185,0.034787979115208145,0.036111149325734004,0.036848058152827434,0.03724783800998921,0.03918956203779089,0.0406409555580467,0.04153180275170598,0.04330518912320258,0.04449660031241365,0.04703817664994858,0.050142599357059225,0.051169274433050305,0.05419576207350474,0.0571258214476984,0.06083964230492711,0.0645509457681328,0.06843102549464675,0.07816670124884695,0.08734363439725712,0.0890393229201436,0.10008820425719023,0.1280076706316322,0.14230908267199993,0.18692385707981884,0.24763754452578723,0.35277685755863786,0.5495266411453485,1.1591219566762447,2.8298345804214478
1.9765669889748096,2.3096752762794495,1.8981319107115269,0.8559895977377892,0.6996914595365524,0.5403606798499823,0.3989768326282501,0.39671192481182516,0.2698764407541603,0.13384317507734522,0.14010116423014551,0.11087841272819787,0.12116715736920014,0.09791865057195537,0.11062159686116502,0.09147148218471557,0.0945526147261262,0.06604574376251549,0.07508192921523005,0.06750425494101364,0.06343516055494547,0.059856997919268906,0.05666338175069541,0.05606125344638713,0.05197121805395,0.05324877903331071,0.05348719819448888,0.04665512888459489,0.04684577777516097,0.04166735472244909,0.04659260722110048,0.04250475185108371,0.04447454080218449,0.0402015617582947,0.039072692597983405,0.03810409235302359,0.03741126446402632,0.03681476102792658,0.036288207600591704,0.03582023482886143,0.035404499139986,0.03503670237842016,0.03471393173094839,0.03443355450872332,0.034193716492154635,0.03399302407342475,0.033830069049145095,0.033704214307363145,0.03361471605603583,0.033561217176611535,0.033543373458087444,0.033561217176611535,0.03361471605603583,0.033704214307363145,0.033830069049145095,0.03399302407342475,0.034193716492154635,0.03443355450872332,0.03471393173094839,0.03503670237842016,0.035404499139986,0.03582023482886143,0.036288207600591704,0.03681476102792658,0.03741126446402632,0.03810409235302359,0.039072692597983405,0.0402015617582947,0.04447454080218449,0.04250475185108371,0.04659260722110048,0.04166735472244909,0.04684577777516097,0.04665512888459489,0.05348719819448888,0.05324877903331071,0.05197121805395,0.05606125344638713,0.05666338175069541,0.059856997919268906,0.06343516055494547,0.06750425494101364,0.07508192921523005,0.06604574376251549,0.0945526147261262,0.09147148218471557,0.11062159686116502,0.09791865057195537,0.12116715736920014,0.11087841272819787,0.14010116423014551,0.13384317507734522,0.2698764407541603,0.39671192481182516,0.3989768326282501,0.5403606798499823,0.6996914595365524,0.8559895977377892,1.8981319107115269,2.3096752762794495
1.3968025287613273,4.248881857842207,3.092448227107525,1.7073671519756317,2.0786469355225563,1.4190602004528046,0.9259266797453165,0.8530692476779222,0.6062059765681624,0.4822663851082325,0.43074995931237936,0.2934226568322629,0.28187703527510166,0.22090516739990562,0.2343262943904847,0.19583849399350584,0.19308139686472714,0.1877837902866304,0.15377176809124649,0.16155652943416499,0.13038635639532004,0.12043674103915691,0.1329002333804965,0.1359840426594019,0.13420205767033622,0.12827060604467988,0.109614901477471,0.11263894650619477,0.10576787916943431,0.09723509126342833,0.09966198378242552,0.0805794944462832,0.08904190000612289,0.09090395225211978,0.08579764718888327,0.0841048021975439,0.08281247015111148,0.08165603681118228,0.08061130263376981,0.07966898067388684,0.07882314719608985,0.07806957143475302,0.0774043483834248,0.07682451722212136,0.07632736611412838,0.07591043913271278,0.07557198323775083,0.07531029629171826,0.07512425072491169,0.0750129260995891,0.07497590873390436,0.0750129260995891,0.07512425072491169,0.07531029629171826,0.07557198323775083,0.07591043913271278,0.07632736611412838,0.07682451722212136,0.0774043483834248,0.07806957143475302,0.07882314719608985,0.07966898067388684,0.08061130263376981,0.08165603681118228,0.08281247015111148,0.0841048021975439,0.08579764718888327,0.09090395225211978,0.08904190000612289,0.0805794944462832,0.09966198378242552,0.09723509126342833,0.10576787916943431,0.11263894650619477,0.109614901477471,0.12827060604467988,0.13420205767033622,0.1359840426594019,0.1329002333804965,0.12043674103915691,0.13038635639532004,0.16155652943416499,0.15377176809124649,0.1877837902866304,0.19308139686472714,0.19583849399350584,0.2343262943904847,0.22090516739990562,0.28187703527510166,0.2934226568322629,0.43074995931237936,0.4822663851082325,0.6062059765681624,0.8530692476779222,0.9259266797453165,1.4190602004528046,2.0786469355225563,1.7073671519756317,3.092448227107525,4.248881857842207
3.4565159901976585,6.5241595804691315,3.237853480502963,1.4633955843746662,1.788904745131731,1.63357416074723,1.205745325423777,0.8426475771702826,0.5394831085577607,0.44811544474214315,0.35711855022236705,0.3231169783975929,0.2846308737061918,0.2196303866803646,0.22177107050083578,0.21406116476282477,0.21274771867319942,0.19192182132974267,0.18692418280988932,0.1695823451736942,0.1651293106842786,0.15906202362384647,0.1340041725197807,0.15879637724719942,0.14166509243659675,0.1331449628341943,0.13331484119407833,0.12176911870483309,0.12146606668829918,0.11649553093593568,0.11772499000653625,0.11148416204378009,0.11152182728983462,0.10530659049982205,0.10367615832365118,0.10172729747137055,0.10004560988454614,0.09853814206144307,0.0971829851041548,0.09596803550084587,0.09488344978308305,0.09392169468628708,0.0930761809431715,0.0923418044403661,0.09171358040475752,0.09118794440291822,0.09076187109167222,0.090432949422393,0.09019923112646211,0.09005951155268122,0.09001303650438786,0.09005951155268122,0.09019923112646211,0.090432949422393,0.09076187109167222,0.09118794440291822,0.09171358040475752,0.0923418044403661,0.0930761809431715,0.09392169468628708,0.09488344978308305,0.09596803550084587,0.0971829851041548,0.09853814206144307,0.10004560988454614,0.10172729747137055,0.10367615832365118,0.10530659049982205,0.11152182728983462,0.11148416204378009,0.11772499000653625,0.11649553093593568,0.12146606668829918,0.12176911870483309,0.13331484119407833,0.1331449628341943,0.14166509243659675,0.15879637724719942,0.1340041725197807,0.15906202362384647,0.1651293106842786,0.1695823451736942,0.18692418280988932,0.19192182132974267,0.21274771867319942,0.21406116476282477,0.22177107050083578,0.2196303866803646,0.2846308737061918,0.3231169783975929,0.35711855022236705,0.44811544474214315,0.5394831085577607,0.8426475771702826,1.205745325423777,1.63357416074723,1.788904745131731,1.4633955843746662,3.237853480502963,6.5241595804691315
5.956403691321611,5.272972806356847,2.485674649477005,1.147668655961752,1.0109904049895704,0.9616609020158648,0.5771534773521125,0.47850804682821035,0.3647649430204183,0.27846586401574314,0.2486803992651403,0.23585124453529716,0.1985740528907627,0.17400676512625068,0.1674935530172661,0.15054139285348356,0.14557291858363897,0.13745428470429033,0.13573677517706528,0.1244304544525221,0.11767570627853274,0.11580088653136045,0.11051746539305896,0.09770108567317948,0.09611024608602747,0.09665233152918518,0.09646714734844863,0.0886482935748063,0.08846279850695282,0.08492430142359808,0.08501945494208485,0.08101282699499279,0.08127934669028036,0.07845599681604654,0.07555831613717601,0.07475555472774431,0.07366181863471866,0.07262810366228223,0.07168036625080276,0.07082161503785755,0.07004962010250892,0.06936140211473685,0.06875420828873757,0.06822454994835425,0.06777030730154365,0.06738925443642074,0.0670794827019563,0.06683989203884266,0.06666936292458558,0.06656727869267343,0.06653336435556412,0.06656727869267343,0.06666936292458558,0.06683989203884266,0.0670794827019563,0.06738925443642074,0.06777030730154365,0.06822454994835425,0.06875420828873757,0.06936140211473685,0.07004962010250892,0.07082161503785755,0.07168036625080276,0.07262810366228223,0.07366181863471866,0.07475555472774431,0.07555831613717601,0.07845599681604654,0.08127934669028036,0.08101282699499279,0.08501945494208485,0.08492430142359808,0.08846279850695282,0.0886482935748063,0.09646714734844863,0.09665233152918518,0.09611024608602747,0.09770108567317948,0.11051746539305896,0.11580088653136045,0.11767570627853274,0.1244304544525221,0.13573677517706528,0.13745428470429033,0.14557291858363897,0.15054139285348356,0.1674935530172661,0.17400676512625068,0.1985740528907627,0.23585124453529716,0.2486803992651403,0.27846586401574314,0.3647649430204183,0.47850804682821035,0.5771534773521125,0.9616609020158648,1.0109904049895704,1.147668655961752,2.485674649477005,5.272972806356847
4.005653165280819,6.468908756971359,2.481931410729885,1.4122423566877842,1.2208960130810738,0.8272519763559103,0.5786936106160283,0.4598241657949984,0.437002808903344,0.35136015503667295,0.3130548915360123,0.2781126091722399,0.2555868048220873,0.23503096913918853,0.219232939183712,0.20395443821325898,0.19106615020427853,0.1808498720638454,0.17062944150529802,0.16270087577868253,0.15984316042158753,0.15385805489495397,0.14500390703324229,0.13661399274133146,0.13273424201179296,0.13092662720009685,0.12583025894127786,0.12278188462369144,0.11922705499455333,0.11574380821548402,0.11393953370861709,0.11054288409650326,0.10807989112799987,0.106475570355542,0.10496559087187052,0.10294911556411535,0.10129056795267388,0.09981511073419824,0.0984907136298716,0.09730273246532306,0.0962413651868701,0.09529909578850493,0.09446989820571616,0.09374886244768277,0.09313169040251523,0.0926147754653357,0.09219572157599032,0.09187199518783018,0.09164192265598103,0.09150441322708502,0.09145868010818958,0.09150441322708502,0.09164192265598103,0.09187199518783018,0.09219572157599032,0.0926147754653357,0.09313169040251523,0.09374886244768277,0.09446989820571616,0.09529909578850493,0.0962413651868701,0.09730273246532306,0.0984907136298716,0.09981511073419824,0.10129056795267388,0.10294911556411535,0.10496559087187052,0.106475570355542,0.10807989112799987,0.11054288409650326,0.11393953370861709,0.11574380821548402,0.11922705499455333,0.12278188462369144,0.12583025894127786,0.13092662720009685,0.13273424201179296,0.13661399274133146,0.14500390703324229,0.15385805489495397,0.15984316042158753,0.16270087577868253,0.17062944150529802,0.1808498720638454,0.19106615020427853,0.20395443821325898,0.219232939183712,0.23503096913918853,0.2555868048220873,0.2781126091722399,0.3130548915360123,0.35136015503667295,0.437002808903344,0.4598241657949984,0.5786936106160283,0.8272519763559103,1.2208960130810738,1.4122423566877842,2.481931410729885,6.468908756971359
5.201985005289316,6.239253483712673,2.964372668415308,1.05337998829782,0.7816057549789548,0.46117536490783095,0.3231634576804936,0.2602942353114486,0.1854638964869082,0.1610203788150102,0.14487639558501542,0.1389334414852783,0.1252999227726832,0.1145101452129893,0.10320261493325233,0.0924113312503323,0.09337561432039365,0.08552520058583468,0.08017570181982592,0.07836315309396014,0.07398548204218969,0.0700342265481595,0.06905211508274078,0.0669835361186415,0.06342753989156336,0.06010857946239412,0.05974024868919514,0.05730417219456285,0.056554774346295744,0.05364573892438784,0.05368693896161858,0.0520867585146334,0.050491914691519924,0.04979225105489604,0.04893973542493768,0.048132099938811734,0.04738592586363666,0.046709761139936745,0.046098722377792,0.04554898399510421,0.04505669072386809,0.04461906795040704,0.04423363148816861,0.04389827244449407,0.043611089466139674,0.04337048245361075,0.043175418104510754,0.043024643702665344,0.04291750100674108,0.042853372113313526,0.04283210076391697,0.042853372113313526,0.04291750100674108,0.043024643702665344,0.043175418104510754,0.04337048245361075,0.043611089466139674,0.04389827244449407,0.04423363148816861,0.04461906795040704,0.04505669072386809,0.04554898399510421,0.046098722377792,0.046709761139936745,0.04738592586363666,0.048132099938811734,0.04893973542493768,0.04979225105489604,0.050491914691519924,0.0520867585146334,0.05368693896161858,0.05364573892438784,0.056554774346295744,0.05730417219456285,0.05974024868919514,0.06010857946239412,0.06342753989156336,0.0669835361186415,0.06905211508274078,0.0700342265481595,0.07398548204218969,0.07836315309396014,0.08017570181982592,0.08552520058583468,0.09337561432039365,0.0924113312503323,0.10320261493325233,0.1145101452129893,0.1252999227726832,0.1389334414852783,0.14487639558501542,0.1610203788150102,0.1854638964869082,0.2602942353114486,0.3231634576804936,0.46117536490783095,0.7816057549789548,1.05337998829782,2.964372668415308,6.239253483712673
4.125174149405211,4.565423831343651,5.284984737634659,3.259557895362377,2.242225805297494,1.424140902236104,0.9871323574334383,0.9341401578858495,0.8223077952861786,0.7652627816423774,0.5006693243049085,0.496666784863919,0.4869661908596754,0.4216421768069267,0.3555103172548115,0.36849681474268436,0.29435698967427015,0.31609184946864843,0.28355257282964885,0.2556888274848461,0.25276029750239104,0.24945549899712205,0.23526262142695487,0.22149243880994618,0.2145115837920457,0.21160344267264009,0.20251415437087417,0.19802769157104194,0.18675033515319228,0.18581449100747705,0.18223600427154452,0.17777100845705718,0.17508708639070392,0.17061031132470816,0.16676204622490332,0.16428824537433684,0.16177366685587913,0.15946735651232302,0.15737628430360928,0.15549216867657378,0.15380483533954248,0.15230465558124706,0.15098335000220686,0.1498337684897706,0.14884925284422934,0.1480247103027068,0.14735594962257892,0.14683936134679243,0.14647219964535907,0.14625253196572885,0.1461795000359416,0.14625253196572885,0.14647219964535907,0.14683936134679243,0.14735594962257892,0.1480247103027068,0.14884925284422934,0.1498337684897706,0.15098335000220686,0.15230465558124706,0.15380483533954248,0.15549216867657378,0.15737628430360928,0.15946735651232302,0.16177366685587913,0.16428824537433684,0.16676204622490332,0.17061031132470816,0.17508708639070392,0.17777100845705718,0.18223600427154452,0.18581449100747705,0.18675033515319228,0.19802769157104194,0.20251415437087417,0.21160344267264009,0.2145115837920457,0.22149243880994618,0.23526262142695487,0.24945549899712205,0.25276029750239104,0.2556888274848461,0.28355257282964885,0.31609184946864843,0.29435698967427015,0.36849681474268436,0.3555103172548115,0.4216421768069267,0.4869661908596754,0.496666784863919,0.5006693243049085,0.7652627816423774,0.8223077952861786,0.9341401578858495,0.9871323574334383,1.424140902236104,2.242225805297494,3.259557895362377,5.284984737634659,4.565423831343651
3.0233671236783266,6.006243824958801,6.30981551669538,4.7170456647872925,3.3246587589383125,2.878100074827671,1.742453083395958,1.7131247818470001,0.9349706217180938,0.6044044988229871,0.7390674464404583,0.44407310988754034,0.5107654370367527,0.4069100352935493,0.35146828065626323,0.32400922290980816,0.3343376936390996,0.2626194702461362,0.2557680900208652,0.23818285763263702,0.2167437463067472,0.2013380143325776,0.2001885637291707,0.2020054457243532,0.18678043293766677,0.17238271003589034,0.16889424074906856,0.15704345027916133,0.14524264936335385,0.15642318944446743,0.15094837092328817,0.14093119560857303,0.1416522739455104,0.14404226164333522,0.13633833930362016,0.13232853868976235,0.12967618310358375,0.1274530939408578,0.12551750120474026,0.12381187157006934,0.12230583501514047,0.12097896670456976,0.1198175449972041,0.11881111611728556,0.11795189889380708,0.1172334115835838,0.11665105845895596,0.11620162945473567,0.11588213260984048,0.11569108042749576,0.11562754772603512,0.11569108042749576,0.11588213260984048,0.11620162945473567,0.11665105845895596,0.1172334115835838,0.11795189889380708,0.11881111611728556,0.1198175449972041,0.12097896670456976,0.12230583501514047,0.12381187157006934,0.12551750120474026,0.1274530939408578,0.12967618310358375,0.13232853868976235,0.13633833930362016,0.14404226164333522,0.1416522739455104,0.14093119560857303,0.15094837092328817,0.15642318944446743,0.14524264936335385,0.15704345027916133,0.16889424074906856,0.17238271003589034,0.18678043293766677,0.2020054457243532,0.2001885637291707,0.2013380143325776,0.2167437463067472,0.23818285763263702,0.2557680900208652,0.2626194702461362,0.3343376936390996,0.32400922290980816,0.35146828065626323,0.4069100352935493,0.5107654370367527,0.44407310988754034,0.7390674464404583,0.6044044988229871,0.9349706217180938,1.7131247818470001,1.742453083395958,2.878100074827671,3.3246587589383125,4.7170456647872925,6.30981551669538,6.006243824958801
2.726038247346878,7.172675311565399,5.676047213375568,3.585173847153783,2.460773715749383,3.1829386986792088,1.404577264096588,1.4760108962655067,0.820244912058115,0.6423912902828306,0.6856433935463428,0.4347256924957037,0.422590590082109,0.42144122952595353,0.3909930824302137,0.32219790294766426,0.27613609735271893,0.2752155978232622,0.2133913126308471,0.23233755049295723,0.22057093563489616,0.22923013078980148,0.19608133658766747,0.20766098343301564,0.18471032264642417,0.1802033131243661,0.17184808652382344,0.16606563702225685,0.16559821215923876,0.15678798547014594,0.15524471912067384,0.1543935772497207,0.14221728430129588,0.14764862690935843,0.13818367157364264,0.13562361907679588,0.13338763877982274,0.13136299717007205,0.1295364414108917,0.12789578293450177,0.12643017043592408,0.12512987008085474,0.12398675095755607,0.1229935260489583,0.12214415118796751,0.12143375596497208,0.1208576246863231,0.12041307840263471,0.12009720370406285,0.11990850605070591,0.11984558403491974,0.11990850605070591,0.12009720370406285,0.12041307840263471,0.1208576246863231,0.12143375596497208,0.12214415118796751,0.1229935260489583,0.12398675095755607,0.12512987008085474,0.12643017043592408,0.12789578293450177,0.1295364414108917,0.13136299717007205,0.13338763877982274,0.13562361907679588,0.13818367157364264,0.14764862690935843,0.14221728430129588,0.1543935772497207,0.15524471912067384,0.15678798547014594,0.16559821215923876,0.16606563702225685,0.17184808652382344,0.1802033131243661,0.18471032264642417,0.20766098343301564,0.19608133658766747,0.22923013078980148,0.22057093563489616,0.23233755049295723,0.2133913126308471,0.2752155978232622,0.27613609735271893,0.32219790294766426,0.3909930824302137,0.42144122952595353,0.422590590082109,0.4347256924957037,0.6856433935463428,0.6423912902828306,0.820244912058115,1.4760108962655067,1.404577264096588,3.1829386986792088,2.460773715749383,3.585173847153783,5.676047213375568,7.172675311565399
3.402807643637061,7.188226759433746,4.120462320744991,2.2695390228182077,2.2825631499290466,1.5711997989565134,1.4252180010080338,0.9228478553704917,0.6579673010855913,0.5618157368153334,0.3618126050569117,0.29763931781053543,0.31529257306829095,0.26587599818594754,0.20521335722878575,0.197785476106219,0.15743176348041743,0.16002322756685317,0.13505017047282308,0.14257248654030263,0.12460274319164455,0.12375756842084229,0.12406195106450468,0.10859242221340537,0.10344397474545985,0.101727154571563,0.1007626557839103,0.0939196115359664,0.09023103700019419,0.0924030173337087,0.08739323623012751,0.08349796978291124,0.08832825056742877,0.08177527436055243,0.08012972306460142,0.07766222086502239,0.07615126001473982,0.07489674675889546,0.07380579371238127,0.07284454830369214,0.07199548534117639,0.07124742711675935,0.07059242680770694,0.07002513651968911,0.06954111626328086,0.06913681356309098,0.06880928196551395,0.06855669990545721,0.06837733255451894,0.06827015057206154,0.0682345312088728,0.06827015057206154,0.06837733255451894,0.06855669990545721,0.06880928196551395,0.06913681356309098,0.06954111626328086,0.07002513651968911,0.07059242680770694,0.07124742711675935,0.07199548534117639,0.07284454830369214,0.07380579371238127,0.07489674675889546,0.07615126001473982,0.07766222086502239,0.08012972306460142,0.08177527436055243,0.08832825056742877,0.08349796978291124,0.08739323623012751,0.0924030173337087,0.09023103700019419,0.0939196115359664,0.1007626557839103,0.101727154571563,0.10344397474545985,0.10859242221340537,0.12406195106450468,0.12375756842084229,0.12460274319164455,0.14257248654030263,0.13505017047282308,0.16002322756685317,0.15743176348041743,0.197785476106219,0.20521335722878575,0.26587599818594754,0.31529257306829095,0.29763931781053543,0.3618126050569117,0.5618157368153334,0.6579673010855913,0.9228478553704917,1.4252180010080338,1.5711997989565134,2.2825631499290466,2.2695390228182077,4.120462320744991,7.188226759433746
4.001471638679504,7.17413754761219,3.1521498262882233,1.7297264970839024,1.1851794347167015,1.1290567247197032,0.7265371978282928,0.48597379319835454,0.4178241351619363,0.3231629393994808,0.29768356774002314,0.27466536220163107,0.24443526519462466,0.21809859108179808,0.20934070006478578,0.1829296932555735,0.18118937266990542,0.15600935998372734,0.1541974872816354,0.1525711064459756,0.13711007172241807,0.132982597919181,0.12839800748042762,0.12433991837315261,0.1175619374262169,0.11436262435745448,0.11023003899026662,0.10775550547987223,0.10597274510655552,0.10285894828848541,0.09737013652920723,0.09524352673906833,0.09430899831932038,0.09243750665336847,0.09051381621975452,0.08908686530776322,0.08772653713822365,0.08648794144392014,0.0853643761947751,0.08435108792036772,0.0834422034677118,0.08263326436281204,0.08192010677885264,0.08129928051494062,0.0807672165101394,0.08032158890273422,0.07995970349293202,0.07968026236630976,0.07948161789681762,0.07936282793525606,0.0793232899159193,0.07936282793525606,0.07948161789681762,0.07968026236630976,0.07995970349293202,0.08032158890273422,0.0807672165101394,0.08129928051494062,0.08192010677885264,0.08263326436281204,0.0834422034677118,0.08435108792036772,0.0853643761947751,0.08648794144392014,0.08772653713822365,0.08908686530776322,0.09051381621975452,0.09243750665336847,0.09430899831932038,0.09524352673906833,0.09737013652920723,0.10285894828848541,0.10597274510655552,0.10775550547987223,0.11023003899026662,0.11436262435745448,0.1175619374262169,0.12433991837315261,0.12839800748042762,0.132982597919181,0.13711007172241807,0.1525711064459756,0.1541974872816354,0.15600935998372734,0.18118937266990542,0.1829296932555735,0.20934070006478578,0.21809859108179808,0.24443526519462466,0.27466536220163107,0.29768356774002314,0.3231629393994808,0.4178241351619363,0.48597379319835454,0.7265371978282928,1.1290567247197032,1.1851794347167015,1.7297264970839024,3.1521498262882233,7.17413754761219
5.3492813017219305,6.207291208207607,2.6503132954239845,1.342663537710905,1.1554139908403158,0.8432311117649078,0.6945841750130057,0.4157149842940271,0.32599647669121623,0.2645128248259425,0.25753334420733154,0.21266617346554995,0.18285382026806474,0.1728555124718696,0.16408751136623323,0.15073942439630628,0.14506387256551534,0.13229612412396818,0.12894856883212924,0.11850466881878674,0.11417661118321121,0.10920821793843061,0.10368332674261183,0.09971009287983179,0.09546275436878204,0.09259360138094053,0.09183987008873373,0.08904519258067012,0.08588014321867377,0.08389104052912444,0.0819519959622994,0.07952436141204089,0.07832814869470894,0.07729045557789505,0.07508582447189838,0.07380465685855597,0.07266820303630084,0.0716374489129521,0.07070473971543834,0.06986391788814217,0.06911052821669728,0.06844036106485873,0.06784987583523616,0.06733581679873168,0.06689550360897556,0.06652666017180309,0.06622734770644456,0.06599613704020157,0.06583175132982433,0.06573350570397452,0.06570069491863251,0.06573350570397452,0.06583175132982433,0.06599613704020157,0.06622734770644456,0.06652666017180309,0.06689550360897556,0.06733581679873168,0.06784987583523616,0.06844036106485873,0.06911052821669728,0.06986391788814217,0.07070473971543834,0.0716374489129521,0.07266820303630084,0.07380465685855597,0.07508582447189838,0.07729045557789505,0.07832814869470894,0.07952436141204089,0.0819519959622994,0.08389104052912444,0.08588014321867377,0.08904519258067012,0.09183987008873373,0.09259360138094053,0.09546275436878204,0.09971009287983179,0.10368332674261183,0.10920821793843061,0.11417661118321121,0.11850466881878674,0.12894856883212924,0.13229612412396818,0.14506387256551534,0.15073942439630628,0.16408751136623323,0.1728555124718696,0.18285382026806474,0.21266617346554995,0.25753334420733154,0.2645128248259425,0.32599647669121623,0.4157149842940271,0.6945841750130057,0.8432311117649078,1.1554139908403158,1.342663537710905,2.6503132954239845,6.207291208207607
5.047032810747623,5.6669416800141335,3.741512469947338,1.9694713093340397,1.3116284646093845,1.0828742953017354,0.7946551134809852,0.6265984596684575,0.48810930689796805,0.44142474699765444,0.38265172904357314,0.3513443289557472,0.3136226225178689,0.2880949907703325,0.2639622582355514,0.25143188319634646,0.23905100882984698,0.2236489427741617,0.2103531725006178,0.2017084751278162,0.19302888785023242,0.18584730071597733,0.17795756831765175,0.17021075339289382,0.16611174412537366,0.15928025054745376,0.15520922018913552,0.15059192141052336,0.14813282957766205,0.14251240220619366,0.1391766111482866,0.13596147060161456,0.133668924565427,0.13119313877541572,0.1287944364885334,0.12669443094637245,0.12476167429122142,0.12300269390107132,0.1214097766787745,0.11997384784626774,0.118687016190961,0.11754231023951434,0.11653351748827845,0.11565524036996067,0.11490301354206167,0.11427280644420534,0.11376145706162788,0.11336632346501574,0.1130854394286871,0.11291752671240829,0.11286153364926577,0.11291752671240829,0.1130854394286871,0.11336632346501574,0.11376145706162788,0.11427280644420534,0.11490301354206167,0.11565524036996067,0.11653351748827845,0.11754231023951434,0.118687016190961,0.11997384784626774,0.1214097766787745,0.12300269390107132,0.12476167429122142,0.12669443094637245,0.1287944364885334,0.13119313877541572,0.133668924565427,0.13596147060161456,0.1391766111482866,0.14251240220619366,0.14813282957766205,0.15059192141052336,0.15520922018913552,0.15928025054745376,0.16611174412537366,0.17021075339289382,0.17795756831765175,0.18584730071597733,0.19302888785023242,0.2017084751278162,0.2103531725006178,0.2236489427741617,0.23905100882984698,0.25143188319634646,0.2639622582355514,0.2880949907703325,0.3136226225178689,0.3513443289557472,0.38265172904357314,0.44142474699765444,0.48810930689796805,0.6265984596684575,0.7946551134809852,1.0828742953017354,1.3116284646093845,1.9694713093340397,3.741512469947338,5.6669416800141335
6.5692384243011475,6.790564812719822,3.4743605833500624,2.451844945549965,1.4451446188613772,1.2348087634891272,0.669297281652689,0.6797281930921599,0.42535465222317725,0.39113882230594754,0.3252065948327072,0.24795246683061123,0.3185255143325776,0.24651985126547515,0.21230394672602415,0.20656947745010257,0.19526188704185188,0.1817268463782966,0.17302346811629832,0.17403314547846094,0.152553447522223,0.152444556937553,0.13933576084673405,0.13704256067285314,0.13076217874186113,0.1291964952251874,0.1336225489503704,0.11987097025848925,0.11585392212145962,0.10862302570603788,0.10840179526712745,0.10762668919051066,0.1039178745704703,0.10253362881485373,0.10106871392054018,0.09888137836242095,0.09721740179520566,0.09576649404334603,0.09447558228202979,0.09332251917658141,0.09229515447077574,0.09138451580292895,0.09058387147524627,0.08988798424616107,0.0892930096379132,0.0887947495757544,0.0883907726911275,0.08807881322718458,0.08785714308396564,0.08772460592263087,0.0876803882420063,0.08772460592263087,0.08785714308396564,0.08807881322718458,0.0883907726911275,0.0887947495757544,0.0892930096379132,0.08988798424616107,0.09058387147524627,0.09138451580292895,0.09229515447077574,0.09332251917658141,0.09447558228202979,0.09576649404334603,0.09721740179520566,0.09888137836242095,0.10106871392054018,0.10253362881485373,0.1039178745704703,0.10762668919051066,0.10840179526712745,0.10862302570603788,0.11585392212145962,0.11987097025848925,0.1336225489503704,0.1291964952251874,0.13076217874186113,0.13704256067285314,0.13933576084673405,0.152444556937553,0.152553447522223,0.17403314547846094,0.17302346811629832,0.1817268463782966,0.19526188704185188,0.20656947745010257,0.21230394672602415,0.24651985126547515,0.3185255143325776,0.24795246683061123,0.3252065948327072,0.39113882230594754,0.42535465222317725,0.6797281930921599,0.669297281652689,1.2348087634891272,1.4451446188613772,2.451844945549965,3.4743605833500624,6.790564812719822
4.183382630348206,7.124937519431114,4.397643096745014,2.0279539762996137,1.7273872345685959,1.5465029701590538,1.2013294976204634,0.7623292272910476,0.842753104865551,0.5489568235352635,0.48125980235636234,0.33581859711557627,0.37724436935968697,0.31038762885145843,0.3039476745761931,0.23565339483320713,0.24898726237006485,0.22974130185320973,0.21870538406074047,0.20174710359424353,0.19511081674136221,0.1746860765852034,0.16049874643795192,0.1603579802904278,0.16264937655068934,0.15312456869287416,0.14586302370298654,0.1510537393623963,0.14026912779081613,0.1400042064487934,0.13469623419223353,0.130973307415843,0.12763157451990992,0.11609495856100693,0.11990890896413475,0.11728663393296301,0.11541413347003981,0.11376118834596127,0.11227516218787059,0.11093944223830476,0.1097435416886583,0.10868058481719345,0.1077439627260901,0.10692888023913838,0.106230697943829,0.1056458281527739,0.10517125486512668,0.10480463990825228,0.1045441045134794,0.1043882904923521,0.1043363930657506,0.1043882904923521,0.1045441045134794,0.10480463990825228,0.10517125486512668,0.1056458281527739,0.106230697943829,0.10692888023913838,0.1077439627260901,0.10868058481719345,0.1097435416886583,0.11093944223830476,0.11227516218787059,0.11376118834596127,0.11541413347003981,0.11728663393296301,0.11990890896413475,0.11609495856100693,0.12763157451990992,0.130973307415843,0.13469623419223353,0.1400042064487934,0.14026912779081613,0.1510537393623963,0.14586302370298654,0.15312456869287416,0.16264937655068934,0.1603579802904278,0.16049874643795192,0.1746860765852034,0.19511081674136221,0.20174710359424353,0.21870538406074047,0.22974130185320973,0.24898726237006485,0.23565339483320713,0.3039476745761931,0.31038762885145843,0.37724436935968697,0.33581859711557627,0.48125980235636234,0.5489568235352635,0.842753104865551,0.7623292272910476,1.2013294976204634,1.5465029701590538,1.7273872345685959,2.0279539762996137,4.397643096745014,7.124937519431114
3.1489655151963234,7.047442451119423,4.333487283438444,1.7586421687155962,1.6745550259947777,1.4890460893511772,0.7173464763909578,0.42483281809836626,0.506500257179141,0.34616235550493,0.31403237394988537,0.23563722654944286,0.2197318954858929,0.17712464276701212,0.18479729117825627,0.13207408995367587,0.12613007123582065,0.13207220169715583,0.11941913096234202,0.11914332292508334,0.10212379798758775,0.10568346863146871,0.10978088568663225,0.09683143836446106,0.10089036065619439,0.0914121480891481,0.09776842512656003,0.09800897410605103,0.08948292430432048,0.08305494795786217,0.07988951430888847,0.07780225576425437,0.07277481607161462,0.07526436721673235,0.07179999275831506,0.07046388962771744,0.06936144997598603,0.06835823564324528,0.06744885849184357,0.06662893865723163,0.06589468393940479,0.06524203153094277,0.06466741050826386,0.06416740489657968,0.06373956106835976,0.06338133770623244,0.06309071485884488,0.06286635683500208,0.06270689130178653,0.06261145626194775,0.0625798050314188,0.06261145626194775,0.06270689130178653,0.06286635683500208,0.06309071485884488,0.06338133770623244,0.06373956106835976,0.06416740489657968,0.06466741050826386,0.06524203153094277,0.06589468393940479,0.06662893865723163,0.06744885849184357,0.06835823564324528,0.06936144997598603,0.07046388962771744,0.07179999275831506,0.07526436721673235,0.07277481607161462,0.07780225576425437,0.07988951430888847,0.08305494795786217,0.08948292430432048,0.09800897410605103,0.09776842512656003,0.0914121480891481,0.10089036065619439,0.09683143836446106,0.10978088568663225,0.10568346863146871,0.10212379798758775,0.11914332292508334,0.11941913096234202,0.13207220169715583,0.12613007123582065,0.13207408995367587,0.18479729117825627,0.17712464276701212,0.2197318954858929,0.23563722654944286,0.31403237394988537,0.34616235550493,0.506500257179141,0.42483281809836626,0.7173464763909578,1.4890460893511772,1.6745550259947777,1.7586421687155962,4.333487283438444,7.047442451119423
4.527232818305492,4.990827161818743,4.544778785202652,1.9675978552550077,1.3562566991895437,1.2698811739683151,0.9284040611237288,0.6514498251490295,0.5114092165604234,0.5186684834770858,0.3926191128557548,0.3684572917409241,0.31993157393299043,0.30712315818527713,0.2682333317352459,0.2609734742436558,0.22867368103470653,0.22867947618942708,0.21842488378752023,0.21334761404432356,0.20114043063949794,0.18976383405242814,0.18239508662372828,0.17833682231139392,0.1704185389680788,0.16110875469166785,0.15839323191903532,0.1541677070199512,0.1507569002569653,0.14579898107331246,0.14233624160988256,0.14062234701123089,0.13430077693192288,0.1327376685658237,0.13155433011706918,0.12913374661002308,0.12710261723259464,0.12527843489078805,0.12363386148354039,0.12215422192821279,0.12083008425543085,0.11965321173192933,0.11861666577169672,0.11771459778537974,0.11694211058784276,0.11629521794384345,0.1157704587385524,0.1153650589112658,0.1150768885272555,0.11490455985767767,0.11484730150550604,0.11490455985767767,0.1150768885272555,0.1153650589112658,0.1157704587385524,0.11629521794384345,0.11694211058784276,0.11771459778537974,0.11861666577169672,0.11965321173192933,0.12083008425543085,0.12215422192821279,0.12363386148354039,0.12527843489078805,0.12710261723259464,0.12913374661002308,0.13155433011706918,0.1327376685658237,0.13430077693192288,0.14062234701123089,0.14233624160988256,0.14579898107331246,0.1507569002569653,0.1541677070199512,0.15839323191903532,0.16110875469166785,0.1704185389680788,0.17833682231139392,0.18239508662372828,0.18976383405242814,0.20114043063949794,0.21334761404432356,0.21842488378752023,0.22867947618942708,0.22867368103470653,0.2609734742436558,0.2682333317352459,0.30712315818527713,0.31993157393299043,0.3684572917409241,0.3926191128557548,0.5186684834770858,0.5114092165604234,0.6514498251490295,0.9284040611237288,1.2698811739683151,1.3562566991895437,1.9675978552550077,4.544778785202652,4.990827161818743
3.7867224123328924,6.4580975361168385,4.417751294095069,1.4637720175087452,1.0729782562702894,0.809046808630228,0.6355066047981381,0.5156392455101013,0.39792895084246993,0.32985390070825815,0.3076050104573369,0.2623396522831172,0.24544783681631088,0.22240938525646925,0.21518474840559065,0.18997405050322413,0.17977171775419265,0.1722603279631585,0.1600591380847618,0.1540791757288389,0.14350559219019488,0.13947685400489718,0.13529665931127965,0.13154374004807323,0.12475173373240978,0.12141886970493942,0.118655810598284,0.11389241239521652,0.11003473919117823,0.10772794263903052,0.10443453531479463,0.10325802664738148,0.10101528762606904,0.09938291029538959,0.09732157835969701,0.09562038001604378,0.09412577841430902,0.09277535625733435,0.09155562007799745,0.09045829076785594,0.08947604574495926,0.08860315411584452,0.08783428242895752,0.0871651147317607,0.08659227422322147,0.08611255188588984,0.08572324676788412,0.08542262384435162,0.08520891220541671,0.08508116778102703,0.0850385557860136,0.08508116778102703,0.08520891220541671,0.08542262384435162,0.08572324676788412,0.08611255188588984,0.08659227422322147,0.0871651147317607,0.08783428242895752,0.08860315411584452,0.08947604574495926,0.09045829076785594,0.09155562007799745,0.09277535625733435,0.09412577841430902,0.09562038001604378,0.09732157835969701,0.09938291029538959,0.10101528762606904,0.10325802664738148,0.10443453531479463,0.10772794263903052,0.11003473919117823,0.11389241239521652,0.118655810598284,0.12141886970493942,0.12475173373240978,0.13154374004807323,0.13529665931127965,0.13947685400489718,0.14350559219019488,0.1540791757288389,0.1600591380847618,0.1722603279631585,0.17977171775419265,0.18997405050322413,0.21518474840559065,0.22240938525646925,0.24544783681631088,0.2623396522831172,0.3076050104573369,0.32985390070825815,0.39792895084246993,0.5156392455101013,0.6355066047981381,0.809046808630228,1.0729782562702894,1.4637720175087452,4.417751294095069,6.4580975361168385